particle,elasticity,weight,frame,x,y,z
1,0.413630878811422,62.12041079377234,1,0.3507857185833376,-0.2535865580526988,0.37993573213550175
1,0.413630878811422,62.12041079377234,2,0.29651111682879555,-0.3076558717877919,0.12177331534442586
1,0.413630878811422,62.12041079377234,3,0.2500919675230502,-0.2525718719141221,0.17024379366975964
1,0.413630878811422,62.12041079377234,4,0.2070232102217806,-0.1985302680076524,0.2211536195234135
1,0.413630878811422,62.12041079377234,5,0.16416030079658453,-0.1447469568888278,0.2577867802884566
1,0.413630878811422,62.12041079377234,6,0.12149025813529264,-0.09120565018143116,0.2802201982708545
1,0.413630878811422,62.12041079377234,7,0.07900408562151034,-0.037895059155298116,0.28852107677139255
1,0.413630878811422,62.12041079377234,8,0.0366973941188778,0.015190323568551205,0.28275074689113633
1,0.413630878811422,62.12041079377234,9,-0.005429350250362007,0.06804991311153646,0.2629692632649311
1,0.413630878811422,62.12041079377234,10,-0.04737111939137683,0.1206774003455018,0.22924003928941333
1,0.413630878811422,62.12041079377234,11,-0.08911906243946824,0.1730616794258806,0.1816337243034313
1,0.413630878811422,62.12041079377234,12,-0.12770630950924014,0.22929183884264467,0.14045147522521786
1,0.413630878811422,62.12041079377234,13,-0.16023271708816705,0.2906430198455392,0.11949732257928414
1,0.413630878811422,62.12041079377234,14,-0.18985434800878684,0.3492887288214028,0.10061164984188066
1,0.413630878811422,62.12041079377234,15,-0.21515337827678105,0.38566295075760393,0.09960410051707037
1,0.413630878811422,62.12041079377234,16,-0.2375313976443253,0.37679381244383786,0.09871079713305579
1,0.413630878811422,62.12041079377234,17,-0.2561802570987389,0.367206157170744,0.09856339629681174
1,0.413630878811422,62.12041079377234,18,-0.2716940679626235,0.3588269583767656,0.0982409004487835
1,0.413630878811422,62.12041079377234,19,-0.28406550233934913,0.35215598850263835,0.09862043029624293
1,0.413630878811422,62.12041079377234,20,-0.29356702714372257,0.3467183627657257,0.09818705808308556
1,0.413630878811422,62.12041079377234,21,-0.30002778845209144,0.34305915715562324,0.09872108082280773
1,0.413630878811422,62.12041079377234,22,-0.30359458222514685,0.34105879906100767,0.09905807042490233
1,0.413630878811422,62.12041079377234,23,-0.3043093259090093,0.3406440382204604,0.09955017883414839
1,0.413630878811422,62.12041079377234,24,-0.3042201505725326,0.34063481288334785,0.09978238636573195
1,0.413630878811422,62.12041079377234,25,-0.3041784251158826,0.3406305340257195,0.099891992602112
1,0.413630878811422,62.12041079377234,26,-0.3041589273653227,0.34062855653934854,0.09994373633968907
1,0.413630878811422,62.12041079377234,27,-0.3041498143792804,0.34062764320448996,0.09996816556773659
1,0.413630878811422,62.12041079377234,28,-0.30414555347442757,0.34062722138713253,0.09997969944654848
1,0.413630878811422,62.12041079377234,29,-0.304143559690243,0.3406270264544103,0.09998514506790121
1,0.413630878811422,62.12041079377234,30,-0.3041434626723036,0.3406270698846503,0.09998645859475269
2,0.41641853662889144,64.43892480282285,1,0.35063280925187895,-0.2535903740582109,0.37997594030201165
2,0.41641853662889144,64.43892480282285,2,0.2959534262646607,-0.3075280007953819,0.12173229247017364
2,0.41641853662889144,64.43892480282285,3,0.24920165829064825,-0.25253386139291756,0.1702905317106984
2,0.41641853662889144,64.43892480282285,4,0.2057917011526772,-0.19857738497336203,0.22116996800577404
2,0.41641853662889144,64.43892480282285,5,0.16258940688026066,-0.14487902344834322,0.25777269642125783
2,0.41641853662889144,64.43892480282285,6,0.11958171409185396,-0.09142254215254958,0.28017567444540675
2,0.41641853662889144,64.43892480282285,7,0.07675957474376982,-0.038196694805449107,0.2884461594842605
2,0.41641853662889144,64.43892480282285,8,0.03411857791539254,0.014804001153870035,0.28264555372626016
2,0.41641853662889144,64.43892480282285,9,-0.008340803455412006,0.06757895788652273,0.26283399268919566
2,0.41641853662889144,64.43892480282285,10,-0.05061350813283593,0.12012188452127737,0.2290749708150699
2,0.41641853662889144,64.43892480282285,11,-0.09269062886082538,0.17242170976981863,0.18143921121034584
2,0.41641853662889144,64.43892480282285,12,-0.1318138857935419,0.22870080549988817,0.14019645212345808
2,0.41641853662889144,64.43892480282285,13,-0.16526430083155536,0.2903423602114588,0.118667225208974
2,0.41641853662889144,64.43892480282285,14,-0.19611670257380162,0.34835343779117967,0.10209834889745024
2,0.41641853662889144,64.43892480282285,15,-0.2240693073033791,0.38458375167169695,0.10693292940204842
2,0.41641853662889144,64.43892480282285,16,-0.24913709217847296,0.3769535598122407,0.10733231114854966
2,0.41641853662889144,64.43892480282285,17,-0.27235403793117957,0.3676183599195045,0.09938339339384807
2,0.41641853662889144,64.43892480282285,18,-0.2906275054610654,0.3599958501938837,0.09862984178926187
2,0.41641853662889144,64.43892480282285,19,-0.3054779993295816,0.3534973679180541,0.09847490773725123
2,0.41641853662889144,64.43892480282285,20,-0.3171312398440585,0.3482054820750392,0.09821612463698244
2,0.41641853662889144,64.43892480282285,21,-0.32541392806237995,0.34425990701091186,0.09891682717459784
2,0.41641853662889144,64.43892480282285,22,-0.3307593768047718,0.3418547069494917,0.09915812107139825
2,0.41641853662889144,64.43892480282285,23,-0.3329993794652476,0.34088432299400584,0.09951988422341995
2,0.41641853662889144,64.43892480282285,24,-0.3330828373557224,0.3409057189008212,0.09976804197815867
2,0.41641853662889144,64.43892480282285,25,-0.33306958043395174,0.34093966904155865,0.09988516457515974
2,0.41641853662889144,64.43892480282285,26,-0.33308203524367996,0.34094776570268626,0.09994055455185107
2,0.41641853662889144,64.43892480282285,27,-0.3330906110937212,0.34095062382642877,0.0999667147909747
2,0.41641853662889144,64.43892480282285,28,-0.3330946502827375,0.34095200626914884,0.09997904802283225
2,0.41641853662889144,64.43892480282285,29,-0.3330965656978831,0.3409526957839759,0.09998485412891193
2,0.41641853662889144,64.43892480282285,30,-0.3330957821342665,0.3409523575025794,0.099985876212179
3,0.4158850074244455,63.869791805326614,1,0.3506620757014559,-0.25358964162626624,0.379968244551809
3,0.4158850074244455,63.869791805326614,2,0.2960601614914281,-0.3075523813379299,0.12174010266929312
3,0.4158850074244455,63.869791805326614,3,0.24937189558593165,-0.25254064241747615,0.17028182417768045
3,0.4158850074244455,63.869791805326614,4,0.20602710150085987,-0.19856744129258677,0.22116743774990533
3,0.4158850074244455,63.869791805326614,5,0.16288962411732782,-0.14485239218491064,0.25777634909585806
3,0.4158850074244455,63.869791805326614,6,0.11994641729255251,-0.09137924995813558,0.2801855093641709
3,0.4158850074244455,63.869791805326614,7,0.07718844269143542,-0.03813676002244521,0.2884621659422085
3,0.4158850074244455,63.869791805326614,8,0.034611293422217665,0.014880565110571892,0.282667707661667
3,0.4158850074244455,63.869791805326614,9,-0.007784559017474588,0.06767213832920502,0.26286225469207175
3,0.4158850074244455,63.869791805326614,10,-0.04999405985115351,0.12023166539503921,0.2291092859685116
3,0.4158850074244455,63.869791805326614,11,-0.09200831270181628,0.17254806848534185,0.18147951036949475
3,0.4158850074244455,63.869791805326614,12,-0.13102885118210297,0.2288185304725567,0.14024657596354928
3,0.4158850074244455,63.869791805326614,13,-0.16429747120747773,0.290407091980806,0.1188403861491936
3,0.4158850074244455,63.869791805326614,14,-0.1949828533589255,0.34839339555847715,0.10223270101397679
3,0.4158850074244455,63.869791805326614,15,-0.22275456768198407,0.3847625416744619,0.10677362022019932
3,0.4158850074244455,63.869791805326614,16,-0.24761385856513704,0.3774453584607416,0.10696902120878152
3,0.4158850074244455,63.869791805326614,17,-0.2705338314301983,0.3684818445703266,0.09932814238357646
3,0.4158850074244455,63.869791805326614,18,-0.2885169039054378,0.3612066355882006,0.09880872889856221
3,0.4158850074244455,63.869791805326614,19,-0.3032115740979369,0.3549121500374996,0.09816408461711941
3,0.4158850074244455,63.869791805326614,20,-0.31444914404146806,0.3497899228502484,0.09840794310205649
3,0.4158850074244455,63.869791805326614,21,-0.32269568974723273,0.3461122532656545,0.09830738390799648
3,0.4158850074244455,63.869791805326614,22,-0.3277688574139279,0.3439037330030907,0.09871802983098317
3,0.4158850074244455,63.869791805326614,23,-0.3297974947098837,0.342987892419721,0.0993190527629687
3,0.4158850074244455,63.869791805326614,24,-0.32983219390655283,0.34304119129986904,0.09967320223128578
3,0.4158850074244455,63.869791805326614,25,-0.3298019417452499,0.3430891811386744,0.0998405226335411
3,0.4158850074244455,63.869791805326614,26,-0.3298207609409858,0.3430958158223597,0.0999194842740632
3,0.4158850074244455,63.869791805326614,27,-0.32983021837222465,0.34309896315343846,0.09995676877155148
3,0.4158850074244455,63.869791805326614,28,-0.3298346722895627,0.34310048477469385,0.09997435303159913
3,0.4158850074244455,63.869791805326614,29,-0.3298367824198879,0.3431012472494297,0.0999826463475276
3,0.4158850074244455,63.869791805326614,30,-0.32983667930380317,0.34310119860626387,0.099985310796497
4,0.41641853662889144,64.43892480282285,1,0.35063280925187895,-0.2535903740582109,0.37997594030201165
4,0.41641853662889144,64.43892480282285,2,0.2959534262646607,-0.3075280007953819,0.12173229247017364
4,0.41641853662889144,64.43892480282285,3,0.24920165829064825,-0.25253386139291756,0.1702905317106984
4,0.41641853662889144,64.43892480282285,4,0.2057917011526772,-0.19857738497336203,0.22116996800577404
4,0.41641853662889144,64.43892480282285,5,0.16258940688026066,-0.14487902344834322,0.25777269642125783
4,0.41641853662889144,64.43892480282285,6,0.11958171409185396,-0.09142254215254958,0.28017567444540675
4,0.41641853662889144,64.43892480282285,7,0.07675957474376982,-0.038196694805449107,0.2884461594842605
4,0.41641853662889144,64.43892480282285,8,0.03411857791539254,0.014804001153870035,0.28264555372626016
4,0.41641853662889144,64.43892480282285,9,-0.008340803455412006,0.06757895788652273,0.26283399268919566
4,0.41641853662889144,64.43892480282285,10,-0.05061350813283593,0.12012188452127737,0.2290749708150699
4,0.41641853662889144,64.43892480282285,11,-0.09269062886082538,0.17242170976981863,0.18143921121034584
4,0.41641853662889144,64.43892480282285,12,-0.1318138857935419,0.22870080549988817,0.14019645212345808
4,0.41641853662889144,64.43892480282285,13,-0.16526430083155536,0.2903423602114588,0.118667225208974
4,0.41641853662889144,64.43892480282285,14,-0.19611670257380162,0.34835343779117967,0.10209834889745024
4,0.41641853662889144,64.43892480282285,15,-0.2240693073033791,0.38458375167169695,0.10693292940204842
4,0.41641853662889144,64.43892480282285,16,-0.24913709217847296,0.3769535598122407,0.10733231114854966
4,0.41641853662889144,64.43892480282285,17,-0.27235403793117957,0.3676183599195045,0.09938339339384807
4,0.41641853662889144,64.43892480282285,18,-0.2906275054610654,0.3599958501938837,0.09862984178926187
4,0.41641853662889144,64.43892480282285,19,-0.3054779993295816,0.3534973679180541,0.09847490773725123
4,0.41641853662889144,64.43892480282285,20,-0.3171312398440585,0.3482054820750392,0.09821612463698244
4,0.41641853662889144,64.43892480282285,21,-0.32541392806237995,0.34425990701091186,0.09891682717459784
4,0.41641853662889144,64.43892480282285,22,-0.3307593768047718,0.3418547069494917,0.09915812107139825
4,0.41641853662889144,64.43892480282285,23,-0.3329993794652476,0.34088432299400584,0.09951988422341995
4,0.41641853662889144,64.43892480282285,24,-0.3330828373557224,0.3409057189008212,0.09976804197815867
4,0.41641853662889144,64.43892480282285,25,-0.33306958043395174,0.34093966904155865,0.09988516457515974
4,0.41641853662889144,64.43892480282285,26,-0.33308203524367996,0.34094776570268626,0.09994055455185107
4,0.41641853662889144,64.43892480282285,27,-0.3330906110937212,0.34095062382642877,0.0999667147909747
4,0.41641853662889144,64.43892480282285,28,-0.3330946502827375,0.34095200626914884,0.09997904802283225
4,0.41641853662889144,64.43892480282285,29,-0.3330965656978831,0.3409526957839759,0.09998485412891193
4,0.41641853662889144,64.43892480282285,30,-0.3330957821342665,0.3409523575025794,0.099985876212179
5,0.41641853662889144,64.43892480282285,1,0.35063280925187895,-0.2535903740582109,0.37997594030201165
5,0.41641853662889144,64.43892480282285,2,0.2959534262646607,-0.3075280007953819,0.12173229247017364
5,0.41641853662889144,64.43892480282285,3,0.24920165829064825,-0.25253386139291756,0.1702905317106984
5,0.41641853662889144,64.43892480282285,4,0.2057917011526772,-0.19857738497336203,0.22116996800577404
5,0.41641853662889144,64.43892480282285,5,0.16258940688026066,-0.14487902344834322,0.25777269642125783
5,0.41641853662889144,64.43892480282285,6,0.11958171409185396,-0.09142254215254958,0.28017567444540675
5,0.41641853662889144,64.43892480282285,7,0.07675957474376982,-0.038196694805449107,0.2884461594842605
5,0.41641853662889144,64.43892480282285,8,0.03411857791539254,0.014804001153870035,0.28264555372626016
5,0.41641853662889144,64.43892480282285,9,-0.008340803455412006,0.06757895788652273,0.26283399268919566
5,0.41641853662889144,64.43892480282285,10,-0.05061350813283593,0.12012188452127737,0.2290749708150699
5,0.41641853662889144,64.43892480282285,11,-0.09269062886082538,0.17242170976981863,0.18143921121034584
5,0.41641853662889144,64.43892480282285,12,-0.1318138857935419,0.22870080549988817,0.14019645212345808
5,0.41641853662889144,64.43892480282285,13,-0.16526430083155536,0.2903423602114588,0.118667225208974
5,0.41641853662889144,64.43892480282285,14,-0.19611670257380162,0.34835343779117967,0.10209834889745024
5,0.41641853662889144,64.43892480282285,15,-0.2240693073033791,0.38458375167169695,0.10693292940204842
5,0.41641853662889144,64.43892480282285,16,-0.24913709217847296,0.3769535598122407,0.10733231114854966
5,0.41641853662889144,64.43892480282285,17,-0.27235403793117957,0.3676183599195045,0.09938339339384807
5,0.41641853662889144,64.43892480282285,18,-0.2906275054610654,0.3599958501938837,0.09862984178926187
5,0.41641853662889144,64.43892480282285,19,-0.3054779993295816,0.3534973679180541,0.09847490773725123
5,0.41641853662889144,64.43892480282285,20,-0.3171312398440585,0.3482054820750392,0.09821612463698244
5,0.41641853662889144,64.43892480282285,21,-0.32541392806237995,0.34425990701091186,0.09891682717459784
5,0.41641853662889144,64.43892480282285,22,-0.3307593768047718,0.3418547069494917,0.09915812107139825
5,0.41641853662889144,64.43892480282285,23,-0.3329993794652476,0.34088432299400584,0.09951988422341995
5,0.41641853662889144,64.43892480282285,24,-0.3330828373557224,0.3409057189008212,0.09976804197815867
5,0.41641853662889144,64.43892480282285,25,-0.33306958043395174,0.34093966904155865,0.09988516457515974
5,0.41641853662889144,64.43892480282285,26,-0.33308203524367996,0.34094776570268626,0.09994055455185107
5,0.41641853662889144,64.43892480282285,27,-0.3330906110937212,0.34095062382642877,0.0999667147909747
5,0.41641853662889144,64.43892480282285,28,-0.3330946502827375,0.34095200626914884,0.09997904802283225
5,0.41641853662889144,64.43892480282285,29,-0.3330965656978831,0.3409526957839759,0.09998485412891193
5,0.41641853662889144,64.43892480282285,30,-0.3330957821342665,0.3409523575025794,0.099985876212179
6,0.4158850074244455,63.869791805326614,1,0.3506620757014559,-0.25358964162626624,0.379968244551809
6,0.4158850074244455,63.869791805326614,2,0.2960601614914281,-0.3075523813379299,0.12174010266929312
6,0.4158850074244455,63.869791805326614,3,0.24937189558593165,-0.25254064241747615,0.17028182417768045
6,0.4158850074244455,63.869791805326614,4,0.20602710150085987,-0.19856744129258677,0.22116743774990533
6,0.4158850074244455,63.869791805326614,5,0.16288962411732782,-0.14485239218491064,0.25777634909585806
6,0.4158850074244455,63.869791805326614,6,0.11994641729255251,-0.09137924995813558,0.2801855093641709
6,0.4158850074244455,63.869791805326614,7,0.07718844269143542,-0.03813676002244521,0.2884621659422085
6,0.4158850074244455,63.869791805326614,8,0.034611293422217665,0.014880565110571892,0.282667707661667
6,0.4158850074244455,63.869791805326614,9,-0.007784559017474588,0.06767213832920502,0.26286225469207175
6,0.4158850074244455,63.869791805326614,10,-0.04999405985115351,0.12023166539503921,0.2291092859685116
6,0.4158850074244455,63.869791805326614,11,-0.09200831270181628,0.17254806848534185,0.18147951036949475
6,0.4158850074244455,63.869791805326614,12,-0.13102885118210297,0.2288185304725567,0.14024657596354928
6,0.4158850074244455,63.869791805326614,13,-0.16429747120747773,0.290407091980806,0.1188403861491936
6,0.4158850074244455,63.869791805326614,14,-0.1949828533589255,0.34839339555847715,0.10223270101397679
6,0.4158850074244455,63.869791805326614,15,-0.22275456768198407,0.3847625416744619,0.10677362022019932
6,0.4158850074244455,63.869791805326614,16,-0.24761385856513704,0.3774453584607416,0.10696902120878152
6,0.4158850074244455,63.869791805326614,17,-0.2705338314301983,0.3684818445703266,0.09932814238357646
6,0.4158850074244455,63.869791805326614,18,-0.2885169039054378,0.3612066355882006,0.09880872889856221
6,0.4158850074244455,63.869791805326614,19,-0.3032115740979369,0.3549121500374996,0.09816408461711941
6,0.4158850074244455,63.869791805326614,20,-0.31444914404146806,0.3497899228502484,0.09840794310205649
6,0.4158850074244455,63.869791805326614,21,-0.32269568974723273,0.3461122532656545,0.09830738390799648
6,0.4158850074244455,63.869791805326614,22,-0.3277688574139279,0.3439037330030907,0.09871802983098317
6,0.4158850074244455,63.869791805326614,23,-0.3297974947098837,0.342987892419721,0.0993190527629687
6,0.4158850074244455,63.869791805326614,24,-0.32983219390655283,0.34304119129986904,0.09967320223128578
6,0.4158850074244455,63.869791805326614,25,-0.3298019417452499,0.3430891811386744,0.0998405226335411
6,0.4158850074244455,63.869791805326614,26,-0.3298207609409858,0.3430958158223597,0.0999194842740632
6,0.4158850074244455,63.869791805326614,27,-0.32983021837222465,0.34309896315343846,0.09995676877155148
6,0.4158850074244455,63.869791805326614,28,-0.3298346722895627,0.34310048477469385,0.09997435303159913
6,0.4158850074244455,63.869791805326614,29,-0.3298367824198879,0.3431012472494297,0.0999826463475276
6,0.4158850074244455,63.869791805326614,30,-0.32983667930380317,0.34310119860626387,0.099985310796497
7,0.42943649513242216,62.866872422279265,1,0.3499185454690317,-0.25360855087440337,0.3801637605489393
7,0.42943649513242216,62.866872422279265,2,0.29334926955156776,-0.3069465307018429,0.12154787858524722
7,0.42943649513242216,62.866872422279265,3,0.24507153877105073,-0.25243970816725636,0.17046753844811927
7,0.42943649513242216,62.866872422279265,4,0.20009222460083606,-0.19895386249964006,0.22114278005022714
7,0.42943649513242216,62.866872422279265,5,0.15532883745396095,-0.14572478018333013,0.2575415498351292
7,0.42943649513242216,62.866872422279265,6,0.11076796300113778,-0.09273650995808067,0.2797409023916923
7,0.42943649513242216,62.866872422279265,7,0.06640033675664823,-0.03997803522965361,0.2878082906968456
7,0.42943649513242216,62.866872422279265,8,0.022221470912802105,0.012555980548181968,0.28180540705412455
7,0.42943649513242216,62.866872422279265,9,-0.021768105737253587,0.06486490857640648,0.26179274285500936
7,0.42943649513242216,62.866872422279265,10,-0.06556315653824088,0.11694252183841954,0.22783417089462873
7,0.42943649513242216,62.866872422279265,11,-0.10915449548599292,0.16877789706404167,0.18000077799947678
7,0.42943649513242216,62.866872422279265,12,-0.15082343959652803,0.22517089283291702,0.13879489215047366
7,0.42943649513242216,62.866872422279265,13,-0.18865796846592955,0.28777332655587606,0.11554478350592395
7,0.42943649513242216,62.866872422279265,14,-0.2217310883408377,0.3473942461984738,0.10239628583161667
7,0.42943649513242216,62.866872422279265,15,-0.252369343154399,0.3735178753018618,0.10458736785677171
7,0.42943649513242216,62.866872422279265,16,-0.282316123839233,0.3715028824958461,0.1033774522162655
7,0.42943649513242216,62.866872422279265,17,-0.30895230492595893,0.36627438099000736,0.09956811826669529
7,0.42943649513242216,62.866872422279265,18,-0.33047411253530873,0.3571916964437038,0.09899993004301563
7,0.42943649513242216,62.866872422279265,19,-0.3488391636418294,0.34941130076103477,0.09842599551293683
7,0.42943649513242216,62.866872422279265,20,-0.3555920078009325,0.3450610418979988,0.0988203482012668
7,0.42943649513242216,62.866872422279265,21,-0.35327022145746934,0.3444593735384755,0.099241547310341
7,0.42943649513242216,62.866872422279265,22,-0.35316473621341826,0.34441466197927384,0.09963673393834464
7,0.42943649513242216,62.866872422279265,23,-0.3531324351817817,0.3443963967061995,0.09982328056014508
7,0.42943649513242216,62.866872422279265,24,-0.3531169968741329,0.34438767384917457,0.09991132796806497
7,0.42943649513242216,62.866872422279265,25,-0.3531095992526383,0.34438350065614265,0.09995287060999483
7,0.42943649513242216,62.866872422279265,26,-0.3531057017685715,0.34438134146235055,0.09997249964119727
7,0.42943649513242216,62.866872422279265,27,-0.3531035288164436,0.3443801803460649,0.09998177279060316
7,0.42943649513242216,62.866872422279265,28,-0.3531035649078029,0.3443801177582951,0.099985417788976
7,0.42943649513242216,62.866872422279265,29,-0.3531040722654327,0.3443804123583116,0.09998609750861491
7,0.42943649513242216,62.866872422279265,30,-0.35310429201854443,0.344380564684883,0.09998640730432497
8,0.4497862387943805,64.35694615033833,1,0.34880134930587875,-0.2536381372647483,0.3804575356387907
8,0.4497862387943805,64.35694615033833,2,0.28927903487037254,-0.3060876954453136,0.12128422607743447
8,0.4497862387943805,64.35694615033833,3,0.23870980306207404,-0.2525558328729866,0.17060541013796876
8,0.4497862387943805,64.35694615033833,4,0.1913591561778111,-0.20003762127416352,0.22075451517148878
8,0.4497862387943805,64.35694615033833,5,0.14423661342519423,-0.1477724077195199,0.2566289502419501
8,0.4497862387943805,64.35694615033833,6,0.09732828681084593,-0.09574478856363859,0.27830570481619066
8,0.4497862387943805,64.35694615033833,7,0.050624658062050056,-0.043944206766786106,0.2858523559894787
8,0.4497862387943805,64.35694615033833,8,0.004121207443432736,0.0076343506631370095,0.27933091941102106
8,0.4497862387943805,64.35694615033833,9,-0.04218136388976063,0.058990106051020404,0.2588023782155545
8,0.4497862387943805,64.35694615033833,10,-0.08827747192274003,0.11011686597629623,0.22433120197920373
8,0.4497862387943805,64.35694615033833,11,-0.13415743990464182,0.16100389762573206,0.17598911323364422
8,0.4497862387943805,64.35694615033833,12,-0.17994009051564053,0.2131266790875379,0.13088580753287488
8,0.4497862387943805,64.35694615033833,13,-0.22357110652139778,0.26584770886834114,0.09976906723712169
8,0.4497862387943805,64.35694615033833,14,-0.2591539608557798,0.3090778183066832,0.11261050820536622
8,0.4497862387943805,64.35694615033833,15,-0.29460452328573783,0.34769099936408976,0.11567779502494313
8,0.4497862387943805,64.35694615033833,16,-0.32143733198288665,0.3479879280996392,0.12240736450906975
8,0.4497862387943805,64.35694615033833,17,-0.3469142697045753,0.3412684207901013,0.11388056922783397
8,0.4497862387943805,64.35694615033833,18,-0.3709021231166934,0.33482230433772214,0.09839632827393578
8,0.4497862387943805,64.35694615033833,19,-0.3697463724250275,0.32842774471798575,0.10186509868709279
8,0.4497862387943805,64.35694615033833,20,-0.36911329868076204,0.3217470300774197,0.09896088126610583
8,0.4497862387943805,64.35694615033833,21,-0.3691796860392323,0.31787295944587374,0.0992371314968814
8,0.4497862387943805,64.35694615033833,22,-0.36886838203060995,0.3165924502470649,0.09928502312621289
8,0.4497862387943805,64.35694615033833,23,-0.36894321213892955,0.3166072170713036,0.09965733621360515
8,0.4497862387943805,64.35694615033833,24,-0.36898715829181594,0.31662323973751694,0.09983310970263701
8,0.4497862387943805,64.35694615033833,25,-0.3690075761399492,0.3166307464230843,0.09991606115400425
8,0.4497862387943805,64.35694615033833,26,-0.3690169384782197,0.31663427110018993,0.09995516790331373
8,0.4497862387943805,64.35694615033833,27,-0.369021094604431,0.31663593486579666,0.09997360373691769
8,0.4497862387943805,64.35694615033833,28,-0.36902279913670677,0.31663672925929703,0.09998229496548298
8,0.4497862387943805,64.35694615033833,29,-0.3690221873952493,0.3166375154213467,0.09998508126845243
8,0.4497862387943805,64.35694615033833,30,-0.3690210347931184,0.3166375447709865,0.09998574016390631
9,0.42943649513242216,62.866872422279265,1,0.3499185454690317,-0.25360855087440337,0.3801637605489393
9,0.42943649513242216,62.866872422279265,2,0.29334926955156776,-0.3069465307018429,0.12154787858524722
9,0.42943649513242216,62.866872422279265,3,0.24507153877105073,-0.25243970816725636,0.17046753844811927
9,0.42943649513242216,62.866872422279265,4,0.20009222460083606,-0.19895386249964006,0.22114278005022714
9,0.42943649513242216,62.866872422279265,5,0.15532883745396095,-0.14572478018333013,0.2575415498351292
9,0.42943649513242216,62.866872422279265,6,0.11076796300113778,-0.09273650995808067,0.2797409023916923
9,0.42943649513242216,62.866872422279265,7,0.06640033675664823,-0.03997803522965361,0.2878082906968456
9,0.42943649513242216,62.866872422279265,8,0.022221470912802105,0.012555980548181968,0.28180540705412455
9,0.42943649513242216,62.866872422279265,9,-0.021768105737253587,0.06486490857640648,0.26179274285500936
9,0.42943649513242216,62.866872422279265,10,-0.06556315653824088,0.11694252183841954,0.22783417089462873
9,0.42943649513242216,62.866872422279265,11,-0.10915449548599292,0.16877789706404167,0.18000077799947678
9,0.42943649513242216,62.866872422279265,12,-0.15082343959652803,0.22517089283291702,0.13879489215047366
9,0.42943649513242216,62.866872422279265,13,-0.18865796846592955,0.28777332655587606,0.11554478350592395
9,0.42943649513242216,62.866872422279265,14,-0.2217310883408377,0.3473942461984738,0.10239628583161667
9,0.42943649513242216,62.866872422279265,15,-0.252369343154399,0.3735178753018618,0.10458736785677171
9,0.42943649513242216,62.866872422279265,16,-0.282316123839233,0.3715028824958461,0.1033774522162655
9,0.42943649513242216,62.866872422279265,17,-0.30895230492595893,0.36627438099000736,0.09956811826669529
9,0.42943649513242216,62.866872422279265,18,-0.33047411253530873,0.3571916964437038,0.09899993004301563
9,0.42943649513242216,62.866872422279265,19,-0.3488391636418294,0.34941130076103477,0.09842599551293683
9,0.42943649513242216,62.866872422279265,20,-0.3555920078009325,0.3450610418979988,0.0988203482012668
9,0.42943649513242216,62.866872422279265,21,-0.35327022145746934,0.3444593735384755,0.099241547310341
9,0.42943649513242216,62.866872422279265,22,-0.35316473621341826,0.34441466197927384,0.09963673393834464
9,0.42943649513242216,62.866872422279265,23,-0.3531324351817817,0.3443963967061995,0.09982328056014508
9,0.42943649513242216,62.866872422279265,24,-0.3531169968741329,0.34438767384917457,0.09991132796806497
9,0.42943649513242216,62.866872422279265,25,-0.3531095992526383,0.34438350065614265,0.09995287060999483
9,0.42943649513242216,62.866872422279265,26,-0.3531057017685715,0.34438134146235055,0.09997249964119727
9,0.42943649513242216,62.866872422279265,27,-0.3531035288164436,0.3443801803460649,0.09998177279060316
9,0.42943649513242216,62.866872422279265,28,-0.3531035649078029,0.3443801177582951,0.099985417788976
9,0.42943649513242216,62.866872422279265,29,-0.3531040722654327,0.3443804123583116,0.09998609750861491
9,0.42943649513242216,62.866872422279265,30,-0.35310429201854443,0.344380564684883,0.09998640730432497
10,0.42943649513242216,62.866872422279265,1,0.3499185454690317,-0.25360855087440337,0.3801637605489393
10,0.42943649513242216,62.866872422279265,2,0.29334926955156776,-0.3069465307018429,0.12154787858524722
10,0.42943649513242216,62.866872422279265,3,0.24507153877105073,-0.25243970816725636,0.17046753844811927
10,0.42943649513242216,62.866872422279265,4,0.20009222460083606,-0.19895386249964006,0.22114278005022714
10,0.42943649513242216,62.866872422279265,5,0.15532883745396095,-0.14572478018333013,0.2575415498351292
10,0.42943649513242216,62.866872422279265,6,0.11076796300113778,-0.09273650995808067,0.2797409023916923
10,0.42943649513242216,62.866872422279265,7,0.06640033675664823,-0.03997803522965361,0.2878082906968456
10,0.42943649513242216,62.866872422279265,8,0.022221470912802105,0.012555980548181968,0.28180540705412455
10,0.42943649513242216,62.866872422279265,9,-0.021768105737253587,0.06486490857640648,0.26179274285500936
10,0.42943649513242216,62.866872422279265,10,-0.06556315653824088,0.11694252183841954,0.22783417089462873
10,0.42943649513242216,62.866872422279265,11,-0.10915449548599292,0.16877789706404167,0.18000077799947678
10,0.42943649513242216,62.866872422279265,12,-0.15082343959652803,0.22517089283291702,0.13879489215047366
10,0.42943649513242216,62.866872422279265,13,-0.18865796846592955,0.28777332655587606,0.11554478350592395
10,0.42943649513242216,62.866872422279265,14,-0.2217310883408377,0.3473942461984738,0.10239628583161667
10,0.42943649513242216,62.866872422279265,15,-0.252369343154399,0.3735178753018618,0.10458736785677171
10,0.42943649513242216,62.866872422279265,16,-0.282316123839233,0.3715028824958461,0.1033774522162655
10,0.42943649513242216,62.866872422279265,17,-0.30895230492595893,0.36627438099000736,0.09956811826669529
10,0.42943649513242216,62.866872422279265,18,-0.33047411253530873,0.3571916964437038,0.09899993004301563
10,0.42943649513242216,62.866872422279265,19,-0.3488391636418294,0.34941130076103477,0.09842599551293683
10,0.42943649513242216,62.866872422279265,20,-0.3555920078009325,0.3450610418979988,0.0988203482012668
10,0.42943649513242216,62.866872422279265,21,-0.35327022145746934,0.3444593735384755,0.099241547310341
10,0.42943649513242216,62.866872422279265,22,-0.35316473621341826,0.34441466197927384,0.09963673393834464
10,0.42943649513242216,62.866872422279265,23,-0.3531324351817817,0.3443963967061995,0.09982328056014508
10,0.42943649513242216,62.866872422279265,24,-0.3531169968741329,0.34438767384917457,0.09991132796806497
10,0.42943649513242216,62.866872422279265,25,-0.3531095992526383,0.34438350065614265,0.09995287060999483
10,0.42943649513242216,62.866872422279265,26,-0.3531057017685715,0.34438134146235055,0.09997249964119727
10,0.42943649513242216,62.866872422279265,27,-0.3531035288164436,0.3443801803460649,0.09998177279060316
10,0.42943649513242216,62.866872422279265,28,-0.3531035649078029,0.3443801177582951,0.099985417788976
10,0.42943649513242216,62.866872422279265,29,-0.3531040722654327,0.3443804123583116,0.09998609750861491
10,0.42943649513242216,62.866872422279265,30,-0.35310429201854443,0.344380564684883,0.09998640730432497
11,0.4158850074244455,63.869791805326614,1,0.3506620757014559,-0.25358964162626624,0.379968244551809
11,0.4158850074244455,63.869791805326614,2,0.2960601614914281,-0.3075523813379299,0.12174010266929312
11,0.4158850074244455,63.869791805326614,3,0.24937189558593165,-0.25254064241747615,0.17028182417768045
11,0.4158850074244455,63.869791805326614,4,0.20602710150085987,-0.19856744129258677,0.22116743774990533
11,0.4158850074244455,63.869791805326614,5,0.16288962411732782,-0.14485239218491064,0.25777634909585806
11,0.4158850074244455,63.869791805326614,6,0.11994641729255251,-0.09137924995813558,0.2801855093641709
11,0.4158850074244455,63.869791805326614,7,0.07718844269143542,-0.03813676002244521,0.2884621659422085
11,0.4158850074244455,63.869791805326614,8,0.034611293422217665,0.014880565110571892,0.282667707661667
11,0.4158850074244455,63.869791805326614,9,-0.007784559017474588,0.06767213832920502,0.26286225469207175
11,0.4158850074244455,63.869791805326614,10,-0.04999405985115351,0.12023166539503921,0.2291092859685116
11,0.4158850074244455,63.869791805326614,11,-0.09200831270181628,0.17254806848534185,0.18147951036949475
11,0.4158850074244455,63.869791805326614,12,-0.13102885118210297,0.2288185304725567,0.14024657596354928
11,0.4158850074244455,63.869791805326614,13,-0.16429747120747773,0.290407091980806,0.1188403861491936
11,0.4158850074244455,63.869791805326614,14,-0.1949828533589255,0.34839339555847715,0.10223270101397679
11,0.4158850074244455,63.869791805326614,15,-0.22275456768198407,0.3847625416744619,0.10677362022019932
11,0.4158850074244455,63.869791805326614,16,-0.24761385856513704,0.3774453584607416,0.10696902120878152
11,0.4158850074244455,63.869791805326614,17,-0.2705338314301983,0.3684818445703266,0.09932814238357646
11,0.4158850074244455,63.869791805326614,18,-0.2885169039054378,0.3612066355882006,0.09880872889856221
11,0.4158850074244455,63.869791805326614,19,-0.3032115740979369,0.3549121500374996,0.09816408461711941
11,0.4158850074244455,63.869791805326614,20,-0.31444914404146806,0.3497899228502484,0.09840794310205649
11,0.4158850074244455,63.869791805326614,21,-0.32269568974723273,0.3461122532656545,0.09830738390799648
11,0.4158850074244455,63.869791805326614,22,-0.3277688574139279,0.3439037330030907,0.09871802983098317
11,0.4158850074244455,63.869791805326614,23,-0.3297974947098837,0.342987892419721,0.0993190527629687
11,0.4158850074244455,63.869791805326614,24,-0.32983219390655283,0.34304119129986904,0.09967320223128578
11,0.4158850074244455,63.869791805326614,25,-0.3298019417452499,0.3430891811386744,0.0998405226335411
11,0.4158850074244455,63.869791805326614,26,-0.3298207609409858,0.3430958158223597,0.0999194842740632
11,0.4158850074244455,63.869791805326614,27,-0.32983021837222465,0.34309896315343846,0.09995676877155148
11,0.4158850074244455,63.869791805326614,28,-0.3298346722895627,0.34310048477469385,0.09997435303159913
11,0.4158850074244455,63.869791805326614,29,-0.3298367824198879,0.3431012472494297,0.0999826463475276
11,0.4158850074244455,63.869791805326614,30,-0.32983667930380317,0.34310119860626387,0.099985310796497
12,0.4158850074244455,63.869791805326614,1,0.3506620757014559,-0.25358964162626624,0.379968244551809
12,0.4158850074244455,63.869791805326614,2,0.2960601614914281,-0.3075523813379299,0.12174010266929312
12,0.4158850074244455,63.869791805326614,3,0.24937189558593165,-0.25254064241747615,0.17028182417768045
12,0.4158850074244455,63.869791805326614,4,0.20602710150085987,-0.19856744129258677,0.22116743774990533
12,0.4158850074244455,63.869791805326614,5,0.16288962411732782,-0.14485239218491064,0.25777634909585806
12,0.4158850074244455,63.869791805326614,6,0.11994641729255251,-0.09137924995813558,0.2801855093641709
12,0.4158850074244455,63.869791805326614,7,0.07718844269143542,-0.03813676002244521,0.2884621659422085
12,0.4158850074244455,63.869791805326614,8,0.034611293422217665,0.014880565110571892,0.282667707661667
12,0.4158850074244455,63.869791805326614,9,-0.007784559017474588,0.06767213832920502,0.26286225469207175
12,0.4158850074244455,63.869791805326614,10,-0.04999405985115351,0.12023166539503921,0.2291092859685116
12,0.4158850074244455,63.869791805326614,11,-0.09200831270181628,0.17254806848534185,0.18147951036949475
12,0.4158850074244455,63.869791805326614,12,-0.13102885118210297,0.2288185304725567,0.14024657596354928
12,0.4158850074244455,63.869791805326614,13,-0.16429747120747773,0.290407091980806,0.1188403861491936
12,0.4158850074244455,63.869791805326614,14,-0.1949828533589255,0.34839339555847715,0.10223270101397679
12,0.4158850074244455,63.869791805326614,15,-0.22275456768198407,0.3847625416744619,0.10677362022019932
12,0.4158850074244455,63.869791805326614,16,-0.24761385856513704,0.3774453584607416,0.10696902120878152
12,0.4158850074244455,63.869791805326614,17,-0.2705338314301983,0.3684818445703266,0.09932814238357646
12,0.4158850074244455,63.869791805326614,18,-0.2885169039054378,0.3612066355882006,0.09880872889856221
12,0.4158850074244455,63.869791805326614,19,-0.3032115740979369,0.3549121500374996,0.09816408461711941
12,0.4158850074244455,63.869791805326614,20,-0.31444914404146806,0.3497899228502484,0.09840794310205649
12,0.4158850074244455,63.869791805326614,21,-0.32269568974723273,0.3461122532656545,0.09830738390799648
12,0.4158850074244455,63.869791805326614,22,-0.3277688574139279,0.3439037330030907,0.09871802983098317
12,0.4158850074244455,63.869791805326614,23,-0.3297974947098837,0.342987892419721,0.0993190527629687
12,0.4158850074244455,63.869791805326614,24,-0.32983219390655283,0.34304119129986904,0.09967320223128578
12,0.4158850074244455,63.869791805326614,25,-0.3298019417452499,0.3430891811386744,0.0998405226335411
12,0.4158850074244455,63.869791805326614,26,-0.3298207609409858,0.3430958158223597,0.0999194842740632
12,0.4158850074244455,63.869791805326614,27,-0.32983021837222465,0.34309896315343846,0.09995676877155148
12,0.4158850074244455,63.869791805326614,28,-0.3298346722895627,0.34310048477469385,0.09997435303159913
12,0.4158850074244455,63.869791805326614,29,-0.3298367824198879,0.3431012472494297,0.0999826463475276
12,0.4158850074244455,63.869791805326614,30,-0.32983667930380317,0.34310119860626387,0.099985310796497
13,0.42637562425692566,64.28113612490807,1,0.3500865175075852,-0.2536042242665843,0.3801195910596138
13,0.42637562425692566,64.28113612490807,2,0.2939615503608505,-0.30708095440905914,0.12159016311682243
13,0.42637562425692566,64.28113612490807,3,0.2460385230452368,-0.2524496613704819,0.17043211338172906
13,0.42637562425692566,64.28113612490807,4,0.20142462600971509,-0.19884245107505583,0.22116466261055484
13,0.42637562425692566,64.28113612490807,5,0.1570247449091141,-0.1454923982572814,0.2576206197088223
13,0.42637562425692566,64.28113612490807,6,0.1128255450611115,-0.09238348021645393,0.2798770263563861
13,0.42637562425692566,64.28113612490807,7,0.06881780924914155,-0.03950462172042343,0.28800129793125046
13,0.42637562425692566,64.28113612490807,8,0.024997063949917357,0.01314955253132257,0.2820550646207786
13,0.42637562425692566,64.28113612490807,9,-0.018636178845439114,0.06557842733998803,0.26209873726744415
13,0.42637562425692566,64.28113612490807,10,-0.06207672688694778,0.11777576379673325,0.22819609962876422
13,0.42637562425692566,64.28113612490807,11,-0.10531546208090371,0.16973060577355295,0.18041815008776918
13,0.42637562425692566,64.28113612490807,12,-0.1463760676700223,0.22611275808658937,0.13915408526971934
13,0.42637562425692566,64.28113612490807,13,-0.18320452693932965,0.2885570862477664,0.11602890417684611
13,0.42637562425692566,64.28113612490807,14,-0.21598486896099203,0.34791206864599944,0.10115499730510479
13,0.42637562425692566,64.28113612490807,15,-0.24578065157780932,0.37631775812809337,0.09913332519400712
13,0.42637562425692566,64.28113612490807,16,-0.2723160732050059,0.37186615304911486,0.09835332446205151
13,0.42637562425692566,64.28113612490807,17,-0.2962479765349366,0.3670484408990527,0.09793788698683459
13,0.42637562425692566,64.28113612490807,18,-0.31601280841306817,0.35800893899632313,0.09825224197424946
13,0.42637562425692566,64.28113612490807,19,-0.3326097204014876,0.3491673432343982,0.09857082100713352
13,0.42637562425692566,64.28113612490807,20,-0.3467408779363743,0.3424670760808282,0.09883918625962339
13,0.42637562425692566,64.28113612490807,21,-0.3502376177468061,0.3384611415272131,0.09900602226035976
13,0.42637562425692566,64.28113612490807,22,-0.34816337781078477,0.3373817223145323,0.09937847255271458
13,0.42637562425692566,64.28113612490807,23,-0.3481218959431615,0.33733475534460483,0.09970137012985028
13,0.42637562425692566,64.28113612490807,24,-0.3481400583350855,0.33731735411028907,0.09985386123557592
13,0.42637562425692566,64.28113612490807,25,-0.3481485740467066,0.33730919807235665,0.09992580389995538
13,0.42637562425692566,64.28113612490807,26,-0.3481525682913521,0.3373053754558561,0.09995974229900301
13,0.42637562425692566,64.28113612490807,27,-0.34815444262403505,0.33730358467640537,0.09997575269940935
13,0.42637562425692566,64.28113612490807,28,-0.34815532299060087,0.3373027466581644,0.09998330565718104
13,0.42637562425692566,64.28113612490807,29,-0.3481550543994585,0.3373037155997657,0.09998531433371804
13,0.42637562425692566,64.28113612490807,30,-0.3481546774662394,0.33730428894965486,0.09998600046354778
14,0.4158850074244455,63.869791805326614,1,0.3506620757014559,-0.25358964162626624,0.379968244551809
14,0.4158850074244455,63.869791805326614,2,0.2960601614914281,-0.3075523813379299,0.12174010266929312
14,0.4158850074244455,63.869791805326614,3,0.24937189558593165,-0.25254064241747615,0.17028182417768045
14,0.4158850074244455,63.869791805326614,4,0.20602710150085987,-0.19856744129258677,0.22116743774990533
14,0.4158850074244455,63.869791805326614,5,0.16288962411732782,-0.14485239218491064,0.25777634909585806
14,0.4158850074244455,63.869791805326614,6,0.11994641729255251,-0.09137924995813558,0.2801855093641709
14,0.4158850074244455,63.869791805326614,7,0.07718844269143542,-0.03813676002244521,0.2884621659422085
14,0.4158850074244455,63.869791805326614,8,0.034611293422217665,0.014880565110571892,0.282667707661667
14,0.4158850074244455,63.869791805326614,9,-0.007784559017474588,0.06767213832920502,0.26286225469207175
14,0.4158850074244455,63.869791805326614,10,-0.04999405985115351,0.12023166539503921,0.2291092859685116
14,0.4158850074244455,63.869791805326614,11,-0.09200831270181628,0.17254806848534185,0.18147951036949475
14,0.4158850074244455,63.869791805326614,12,-0.13102885118210297,0.2288185304725567,0.14024657596354928
14,0.4158850074244455,63.869791805326614,13,-0.16429747120747773,0.290407091980806,0.1188403861491936
14,0.4158850074244455,63.869791805326614,14,-0.1949828533589255,0.34839339555847715,0.10223270101397679
14,0.4158850074244455,63.869791805326614,15,-0.22275456768198407,0.3847625416744619,0.10677362022019932
14,0.4158850074244455,63.869791805326614,16,-0.24761385856513704,0.3774453584607416,0.10696902120878152
14,0.4158850074244455,63.869791805326614,17,-0.2705338314301983,0.3684818445703266,0.09932814238357646
14,0.4158850074244455,63.869791805326614,18,-0.2885169039054378,0.3612066355882006,0.09880872889856221
14,0.4158850074244455,63.869791805326614,19,-0.3032115740979369,0.3549121500374996,0.09816408461711941
14,0.4158850074244455,63.869791805326614,20,-0.31444914404146806,0.3497899228502484,0.09840794310205649
14,0.4158850074244455,63.869791805326614,21,-0.32269568974723273,0.3461122532656545,0.09830738390799648
14,0.4158850074244455,63.869791805326614,22,-0.3277688574139279,0.3439037330030907,0.09871802983098317
14,0.4158850074244455,63.869791805326614,23,-0.3297974947098837,0.342987892419721,0.0993190527629687
14,0.4158850074244455,63.869791805326614,24,-0.32983219390655283,0.34304119129986904,0.09967320223128578
14,0.4158850074244455,63.869791805326614,25,-0.3298019417452499,0.3430891811386744,0.0998405226335411
14,0.4158850074244455,63.869791805326614,26,-0.3298207609409858,0.3430958158223597,0.0999194842740632
14,0.4158850074244455,63.869791805326614,27,-0.32983021837222465,0.34309896315343846,0.09995676877155148
14,0.4158850074244455,63.869791805326614,28,-0.3298346722895627,0.34310048477469385,0.09997435303159913
14,0.4158850074244455,63.869791805326614,29,-0.3298367824198879,0.3431012472494297,0.0999826463475276
14,0.4158850074244455,63.869791805326614,30,-0.32983667930380317,0.34310119860626387,0.099985310796497
15,0.42943649513242216,62.866872422279265,1,0.3499185454690317,-0.25360855087440337,0.3801637605489393
15,0.42943649513242216,62.866872422279265,2,0.29334926955156776,-0.3069465307018429,0.12154787858524722
15,0.42943649513242216,62.866872422279265,3,0.24507153877105073,-0.25243970816725636,0.17046753844811927
15,0.42943649513242216,62.866872422279265,4,0.20009222460083606,-0.19895386249964006,0.22114278005022714
15,0.42943649513242216,62.866872422279265,5,0.15532883745396095,-0.14572478018333013,0.2575415498351292
15,0.42943649513242216,62.866872422279265,6,0.11076796300113778,-0.09273650995808067,0.2797409023916923
15,0.42943649513242216,62.866872422279265,7,0.06640033675664823,-0.03997803522965361,0.2878082906968456
15,0.42943649513242216,62.866872422279265,8,0.022221470912802105,0.012555980548181968,0.28180540705412455
15,0.42943649513242216,62.866872422279265,9,-0.021768105737253587,0.06486490857640648,0.26179274285500936
15,0.42943649513242216,62.866872422279265,10,-0.06556315653824088,0.11694252183841954,0.22783417089462873
15,0.42943649513242216,62.866872422279265,11,-0.10915449548599292,0.16877789706404167,0.18000077799947678
15,0.42943649513242216,62.866872422279265,12,-0.15082343959652803,0.22517089283291702,0.13879489215047366
15,0.42943649513242216,62.866872422279265,13,-0.18865796846592955,0.28777332655587606,0.11554478350592395
15,0.42943649513242216,62.866872422279265,14,-0.2217310883408377,0.3473942461984738,0.10239628583161667
15,0.42943649513242216,62.866872422279265,15,-0.252369343154399,0.3735178753018618,0.10458736785677171
15,0.42943649513242216,62.866872422279265,16,-0.282316123839233,0.3715028824958461,0.1033774522162655
15,0.42943649513242216,62.866872422279265,17,-0.30895230492595893,0.36627438099000736,0.09956811826669529
15,0.42943649513242216,62.866872422279265,18,-0.33047411253530873,0.3571916964437038,0.09899993004301563
15,0.42943649513242216,62.866872422279265,19,-0.3488391636418294,0.34941130076103477,0.09842599551293683
15,0.42943649513242216,62.866872422279265,20,-0.3555920078009325,0.3450610418979988,0.0988203482012668
15,0.42943649513242216,62.866872422279265,21,-0.35327022145746934,0.3444593735384755,0.099241547310341
15,0.42943649513242216,62.866872422279265,22,-0.35316473621341826,0.34441466197927384,0.09963673393834464
15,0.42943649513242216,62.866872422279265,23,-0.3531324351817817,0.3443963967061995,0.09982328056014508
15,0.42943649513242216,62.866872422279265,24,-0.3531169968741329,0.34438767384917457,0.09991132796806497
15,0.42943649513242216,62.866872422279265,25,-0.3531095992526383,0.34438350065614265,0.09995287060999483
15,0.42943649513242216,62.866872422279265,26,-0.3531057017685715,0.34438134146235055,0.09997249964119727
15,0.42943649513242216,62.866872422279265,27,-0.3531035288164436,0.3443801803460649,0.09998177279060316
15,0.42943649513242216,62.866872422279265,28,-0.3531035649078029,0.3443801177582951,0.099985417788976
15,0.42943649513242216,62.866872422279265,29,-0.3531040722654327,0.3443804123583116,0.09998609750861491
15,0.42943649513242216,62.866872422279265,30,-0.35310429201854443,0.344380564684883,0.09998640730432497
16,0.41118808226278886,64.87139959107944,1,0.35091969909072745,-0.25358323631437946,0.3799005015150673
16,0.41118808226278886,64.87139959107944,2,0.29699982663043595,-0.3077689122493778,0.12180969806972873
16,0.41118808226278886,64.87139959107944,3,0.25087381616048415,-0.2526104497427182,0.1702003253889231
16,0.41118808226278886,64.87139959107944,4,0.20810552213920763,-0.19849885813368143,0.22113295690845763
16,0.41118808226278886,64.87139959107944,5,0.16554147283800622,-0.14464568241739706,0.2577889877351796
16,0.41118808226278886,64.87139959107944,6,0.12316875878653974,-0.0910345891860703,0.2802453051570589
16,0.41118808226278886,64.87139959107944,7,0.08097842984146224,-0.037654254478513116,0.28856906147869077
16,0.41118808226278886,64.87139959107944,8,0.03896611743014407,0.015500848940425247,0.28282152285301176
16,0.41118808226278886,64.87139959107944,9,-0.0028677168721356885,0.06843013707333336,0.263062671622694
16,0.41118808226278886,64.87139959107944,10,-0.04451807279028612,0.12112728343817952,0.22935585010741394
16,0.41118808226278886,64.87139959107944,11,-0.08597614797204806,0.17358115106301883,0.18177164415962688
16,0.41118808226278886,64.87139959107944,12,-0.12409484782628172,0.22976036457369756,0.14066062394326126
16,0.41118808226278886,64.87139959107944,13,-0.15583817695051344,0.29083463250265873,0.12017551017463757
16,0.41118808226278886,64.87139959107944,14,-0.1855711318020272,0.3492642646212911,0.09934949582694493
16,0.41118808226278886,64.87139959107944,15,-0.2120754717697652,0.3892824564,0.10322019435387256
16,0.41118808226278886,64.87139959107944,16,-0.2353428681715778,0.37692038824982604,0.10024464733773933
16,0.41118808226278886,64.87139959107944,17,-0.25495387192517543,0.3645489936914377,0.09819216095295355
16,0.41118808226278886,64.87139959107944,18,-0.27130579931544574,0.3538289617560388,0.09710162637071586
16,0.41118808226278886,64.87139959107944,19,-0.2842700225006293,0.34493043872231666,0.0976046996104266
16,0.41118808226278886,64.87139959107944,20,-0.2942713677921014,0.3378854776094533,0.09811561203926963
16,0.41118808226278886,64.87139959107944,21,-0.30147817162837887,0.3328915512960839,0.09859464981087805
16,0.41118808226278886,64.87139959107944,22,-0.30587541823228687,0.32985427056369326,0.09893278107039964
16,0.41118808226278886,64.87139959107944,23,-0.3074441108575603,0.32883826702329655,0.09949078233147918
16,0.41118808226278886,64.87139959107944,24,-0.3074383714906916,0.3289163240125707,0.09975419494762425
16,0.41118808226278886,64.87139959107944,25,-0.30741190058002965,0.3289685934833804,0.09987885849930801
16,0.41118808226278886,64.87139959107944,26,-0.30743259902549647,0.32896932522809064,0.09993753090370137
16,0.41118808226278886,64.87139959107944,27,-0.3074425362407285,0.3289693801968637,0.09996523471794508
16,0.41118808226278886,64.87139959107944,28,-0.3074471869597112,0.32896940763894816,0.09997831525964261
16,0.41118808226278886,64.87139959107944,29,-0.3074493649738883,0.32896942005264024,0.09998449141714887
16,0.41118808226278886,64.87139959107944,30,-0.3074501285813542,0.32897010508907476,0.0999862997209132
17,0.4369156698423224,63.886414024038366,1,0.3495080331832027,-0.2536192589909532,0.38027170796181703
17,0.4369156698423224,63.886414024038366,2,0.29185324258598794,-0.30662390204715084,0.12144740678344641
17,0.4369156698423224,63.886414024038366,3,0.24272048628414858,-0.25244533862556723,0.17054006896998974
17,0.4369156698423224,63.886414024038366,4,0.19685868418806138,-0.19928224400467656,0.22105356682773836
17,0.4369156698423224,63.886414024038366,5,0.15121739088679106,-0.14637476362892668,0.25729104010802806
17,0.4369156698423224,63.886414024038366,6,0.10578300610175498,-0.09370713202761842,0.2793295514769552
17,0.4369156698423224,63.886414024038366,7,0.060546159058068795,-0.04126848657937451,0.287236625852275
17,0.4369156698423224,63.886414024038366,8,0.015502336514361883,0.010946404474416055,0.28107409265229244
17,0.4369156698423224,63.886414024038366,9,-0.029347882672307916,0.06293687012147006,0.26090263228520644
17,0.4369156698423224,63.886414024038366,10,-0.0739991457087499,0.11469670539299262,0.22678633474691712
17,0.4369156698423224,63.886414024038366,11,-0.11844209504981433,0.16621506300354186,0.17879650928787919
17,0.4369156698423224,63.886414024038366,12,-0.1616586350979043,0.22250909322731946,0.13778878647090445
17,0.4369156698423224,63.886414024038366,13,-0.20278460204420445,0.28511971219686816,0.1116620303165362
17,0.4369156698423224,63.886414024038366,14,-0.23873911291632932,0.3443025879751644,0.0995626949362031
17,0.4369156698423224,63.886414024038366,15,-0.2700847430098268,0.36444100445040184,0.09881850909613128
17,0.4369156698423224,63.886414024038366,16,-0.2968848545417824,0.3569902600658283,0.0977917774760402
17,0.4369156698423224,63.886414024038366,17,-0.3207299708066288,0.34968310937315805,0.09792272315472274
17,0.4369156698423224,63.886414024038366,18,-0.34178460974886793,0.34251355138778433,0.09770765714171041
17,0.4369156698423224,63.886414024038366,19,-0.35946381534747757,0.3356778196888379,0.09840073431614539
17,0.4369156698423224,63.886414024038366,20,-0.3613392089885326,0.3313282593759083,0.09891588516701219
17,0.4369156698423224,63.886414024038366,21,-0.3609848651475444,0.330266921880814,0.09948305207595248
17,0.4369156698423224,63.886414024038366,22,-0.3609270733718515,0.3304477318207916,0.09975092205492052
17,0.4369156698423224,63.886414024038366,23,-0.36092073095262545,0.33057705345978855,0.09987735391606835
17,0.4369156698423224,63.886414024038366,24,-0.3608754668142718,0.3305556716817604,0.09993683809633498
17,0.4369156698423224,63.886414024038366,25,-0.36085433395161826,0.3305457134641327,0.09996491207884572
17,0.4369156698423224,63.886414024038366,26,-0.36084446578513146,0.3305410535038509,0.09997816445061729
17,0.4369156698423224,63.886414024038366,27,-0.36083985713888705,0.33053887271630333,0.09998442077229054
17,0.4369156698423224,63.886414024038366,28,-0.36083797786090877,0.33053811141367145,0.09998694407644639
17,0.4369156698423224,63.886414024038366,29,-0.3608377479323578,0.33053832960833585,0.09998714658485029
17,0.4369156698423224,63.886414024038366,30,-0.36083764987089767,0.33053842215400053,0.09998723517815956
18,0.4158850074244455,63.869791805326614,1,0.3506620757014559,-0.25358964162626624,0.379968244551809
18,0.4158850074244455,63.869791805326614,2,0.2960601614914281,-0.3075523813379299,0.12174010266929312
18,0.4158850074244455,63.869791805326614,3,0.24937189558593165,-0.25254064241747615,0.17028182417768045
18,0.4158850074244455,63.869791805326614,4,0.20602710150085987,-0.19856744129258677,0.22116743774990533
18,0.4158850074244455,63.869791805326614,5,0.16288962411732782,-0.14485239218491064,0.25777634909585806
18,0.4158850074244455,63.869791805326614,6,0.11994641729255251,-0.09137924995813558,0.2801855093641709
18,0.4158850074244455,63.869791805326614,7,0.07718844269143542,-0.03813676002244521,0.2884621659422085
18,0.4158850074244455,63.869791805326614,8,0.034611293422217665,0.014880565110571892,0.282667707661667
18,0.4158850074244455,63.869791805326614,9,-0.007784559017474588,0.06767213832920502,0.26286225469207175
18,0.4158850074244455,63.869791805326614,10,-0.04999405985115351,0.12023166539503921,0.2291092859685116
18,0.4158850074244455,63.869791805326614,11,-0.09200831270181628,0.17254806848534185,0.18147951036949475
18,0.4158850074244455,63.869791805326614,12,-0.13102885118210297,0.2288185304725567,0.14024657596354928
18,0.4158850074244455,63.869791805326614,13,-0.16429747120747773,0.290407091980806,0.1188403861491936
18,0.4158850074244455,63.869791805326614,14,-0.1949828533589255,0.34839339555847715,0.10223270101397679
18,0.4158850074244455,63.869791805326614,15,-0.22275456768198407,0.3847625416744619,0.10677362022019932
18,0.4158850074244455,63.869791805326614,16,-0.24761385856513704,0.3774453584607416,0.10696902120878152
18,0.4158850074244455,63.869791805326614,17,-0.2705338314301983,0.3684818445703266,0.09932814238357646
18,0.4158850074244455,63.869791805326614,18,-0.2885169039054378,0.3612066355882006,0.09880872889856221
18,0.4158850074244455,63.869791805326614,19,-0.3032115740979369,0.3549121500374996,0.09816408461711941
18,0.4158850074244455,63.869791805326614,20,-0.31444914404146806,0.3497899228502484,0.09840794310205649
18,0.4158850074244455,63.869791805326614,21,-0.32269568974723273,0.3461122532656545,0.09830738390799648
18,0.4158850074244455,63.869791805326614,22,-0.3277688574139279,0.3439037330030907,0.09871802983098317
18,0.4158850074244455,63.869791805326614,23,-0.3297974947098837,0.342987892419721,0.0993190527629687
18,0.4158850074244455,63.869791805326614,24,-0.32983219390655283,0.34304119129986904,0.09967320223128578
18,0.4158850074244455,63.869791805326614,25,-0.3298019417452499,0.3430891811386744,0.0998405226335411
18,0.4158850074244455,63.869791805326614,26,-0.3298207609409858,0.3430958158223597,0.0999194842740632
18,0.4158850074244455,63.869791805326614,27,-0.32983021837222465,0.34309896315343846,0.09995676877155148
18,0.4158850074244455,63.869791805326614,28,-0.3298346722895627,0.34310048477469385,0.09997435303159913
18,0.4158850074244455,63.869791805326614,29,-0.3298367824198879,0.3431012472494297,0.0999826463475276
18,0.4158850074244455,63.869791805326614,30,-0.32983667930380317,0.34310119860626387,0.099985310796497
19,0.42943649513242216,62.866872422279265,1,0.3499185454690317,-0.25360855087440337,0.3801637605489393
19,0.42943649513242216,62.866872422279265,2,0.29334926955156776,-0.3069465307018429,0.12154787858524722
19,0.42943649513242216,62.866872422279265,3,0.24507153877105073,-0.25243970816725636,0.17046753844811927
19,0.42943649513242216,62.866872422279265,4,0.20009222460083606,-0.19895386249964006,0.22114278005022714
19,0.42943649513242216,62.866872422279265,5,0.15532883745396095,-0.14572478018333013,0.2575415498351292
19,0.42943649513242216,62.866872422279265,6,0.11076796300113778,-0.09273650995808067,0.2797409023916923
19,0.42943649513242216,62.866872422279265,7,0.06640033675664823,-0.03997803522965361,0.2878082906968456
19,0.42943649513242216,62.866872422279265,8,0.022221470912802105,0.012555980548181968,0.28180540705412455
19,0.42943649513242216,62.866872422279265,9,-0.021768105737253587,0.06486490857640648,0.26179274285500936
19,0.42943649513242216,62.866872422279265,10,-0.06556315653824088,0.11694252183841954,0.22783417089462873
19,0.42943649513242216,62.866872422279265,11,-0.10915449548599292,0.16877789706404167,0.18000077799947678
19,0.42943649513242216,62.866872422279265,12,-0.15082343959652803,0.22517089283291702,0.13879489215047366
19,0.42943649513242216,62.866872422279265,13,-0.18865796846592955,0.28777332655587606,0.11554478350592395
19,0.42943649513242216,62.866872422279265,14,-0.2217310883408377,0.3473942461984738,0.10239628583161667
19,0.42943649513242216,62.866872422279265,15,-0.252369343154399,0.3735178753018618,0.10458736785677171
19,0.42943649513242216,62.866872422279265,16,-0.282316123839233,0.3715028824958461,0.1033774522162655
19,0.42943649513242216,62.866872422279265,17,-0.30895230492595893,0.36627438099000736,0.09956811826669529
19,0.42943649513242216,62.866872422279265,18,-0.33047411253530873,0.3571916964437038,0.09899993004301563
19,0.42943649513242216,62.866872422279265,19,-0.3488391636418294,0.34941130076103477,0.09842599551293683
19,0.42943649513242216,62.866872422279265,20,-0.3555920078009325,0.3450610418979988,0.0988203482012668
19,0.42943649513242216,62.866872422279265,21,-0.35327022145746934,0.3444593735384755,0.099241547310341
19,0.42943649513242216,62.866872422279265,22,-0.35316473621341826,0.34441466197927384,0.09963673393834464
19,0.42943649513242216,62.866872422279265,23,-0.3531324351817817,0.3443963967061995,0.09982328056014508
19,0.42943649513242216,62.866872422279265,24,-0.3531169968741329,0.34438767384917457,0.09991132796806497
19,0.42943649513242216,62.866872422279265,25,-0.3531095992526383,0.34438350065614265,0.09995287060999483
19,0.42943649513242216,62.866872422279265,26,-0.3531057017685715,0.34438134146235055,0.09997249964119727
19,0.42943649513242216,62.866872422279265,27,-0.3531035288164436,0.3443801803460649,0.09998177279060316
19,0.42943649513242216,62.866872422279265,28,-0.3531035649078029,0.3443801177582951,0.099985417788976
19,0.42943649513242216,62.866872422279265,29,-0.3531040722654327,0.3443804123583116,0.09998609750861491
19,0.42943649513242216,62.866872422279265,30,-0.35310429201854443,0.344380564684883,0.09998640730432497
20,0.4158850074244455,63.869791805326614,1,0.3506620757014559,-0.25358964162626624,0.379968244551809
20,0.4158850074244455,63.869791805326614,2,0.2960601614914281,-0.3075523813379299,0.12174010266929312
20,0.4158850074244455,63.869791805326614,3,0.24937189558593165,-0.25254064241747615,0.17028182417768045
20,0.4158850074244455,63.869791805326614,4,0.20602710150085987,-0.19856744129258677,0.22116743774990533
20,0.4158850074244455,63.869791805326614,5,0.16288962411732782,-0.14485239218491064,0.25777634909585806
20,0.4158850074244455,63.869791805326614,6,0.11994641729255251,-0.09137924995813558,0.2801855093641709
20,0.4158850074244455,63.869791805326614,7,0.07718844269143542,-0.03813676002244521,0.2884621659422085
20,0.4158850074244455,63.869791805326614,8,0.034611293422217665,0.014880565110571892,0.282667707661667
20,0.4158850074244455,63.869791805326614,9,-0.007784559017474588,0.06767213832920502,0.26286225469207175
20,0.4158850074244455,63.869791805326614,10,-0.04999405985115351,0.12023166539503921,0.2291092859685116
20,0.4158850074244455,63.869791805326614,11,-0.09200831270181628,0.17254806848534185,0.18147951036949475
20,0.4158850074244455,63.869791805326614,12,-0.13102885118210297,0.2288185304725567,0.14024657596354928
20,0.4158850074244455,63.869791805326614,13,-0.16429747120747773,0.290407091980806,0.1188403861491936
20,0.4158850074244455,63.869791805326614,14,-0.1949828533589255,0.34839339555847715,0.10223270101397679
20,0.4158850074244455,63.869791805326614,15,-0.22275456768198407,0.3847625416744619,0.10677362022019932
20,0.4158850074244455,63.869791805326614,16,-0.24761385856513704,0.3774453584607416,0.10696902120878152
20,0.4158850074244455,63.869791805326614,17,-0.2705338314301983,0.3684818445703266,0.09932814238357646
20,0.4158850074244455,63.869791805326614,18,-0.2885169039054378,0.3612066355882006,0.09880872889856221
20,0.4158850074244455,63.869791805326614,19,-0.3032115740979369,0.3549121500374996,0.09816408461711941
20,0.4158850074244455,63.869791805326614,20,-0.31444914404146806,0.3497899228502484,0.09840794310205649
20,0.4158850074244455,63.869791805326614,21,-0.32269568974723273,0.3461122532656545,0.09830738390799648
20,0.4158850074244455,63.869791805326614,22,-0.3277688574139279,0.3439037330030907,0.09871802983098317
20,0.4158850074244455,63.869791805326614,23,-0.3297974947098837,0.342987892419721,0.0993190527629687
20,0.4158850074244455,63.869791805326614,24,-0.32983219390655283,0.34304119129986904,0.09967320223128578
20,0.4158850074244455,63.869791805326614,25,-0.3298019417452499,0.3430891811386744,0.0998405226335411
20,0.4158850074244455,63.869791805326614,26,-0.3298207609409858,0.3430958158223597,0.0999194842740632
20,0.4158850074244455,63.869791805326614,27,-0.32983021837222465,0.34309896315343846,0.09995676877155148
20,0.4158850074244455,63.869791805326614,28,-0.3298346722895627,0.34310048477469385,0.09997435303159913
20,0.4158850074244455,63.869791805326614,29,-0.3298367824198879,0.3431012472494297,0.0999826463475276
20,0.4158850074244455,63.869791805326614,30,-0.32983667930380317,0.34310119860626387,0.099985310796497
