particle,elasticity,weight,frame,x,y,z
1,0.46866190207252745,75.55362135554253,1,0.3522390337944279,-0.021395588402916003,0.417340762417822
1,0.46866190207252745,75.55362135554253,2,0.3102876492596922,-0.10907549617271974,0.10600914805741234
1,0.46866190207252745,75.55362135554253,3,0.25989285523696126,-0.13786049315702897,0.14872954233785626
1,0.46866190207252745,75.55362135554253,4,0.2102488859258909,-0.16305067944757984,0.22592008500255692
1,0.46866190207252745,75.55362135554253,5,0.16082779049870813,-0.18756633573334858,0.2898179782900794
1,0.46866190207252745,75.55362135554253,6,0.11092986919706174,-0.20952571113664473,0.34540469552203446
1,0.46866190207252745,75.55362135554253,7,0.061253061121647676,-0.23138777770993743,0.38670940997396636
1,0.46866190207252745,75.55362135554253,8,0.011778904917929219,-0.2531606600364587,0.4138079160612982
1,0.46866190207252745,75.55362135554253,9,-0.037506423137461706,-0.27485044174300094,0.42676388281922856
1,0.46866190207252745,75.55362135554253,10,-0.08661074009654492,-0.2964605630045328,0.4256325591744018
1,0.46866190207252745,75.55362135554253,11,-0.13553492186773197,-0.3179914092960625,0.41046598577212995
1,0.46866190207252745,75.55362135554253,12,-0.18427305627325338,-0.33944037875106536,0.38131883022387575
1,0.46866190207252745,75.55362135554253,13,-0.229663513714311,-0.34572007272712146,0.3527192924251287
1,0.46866190207252745,75.55362135554253,14,-0.26823258235598685,-0.32233879198966753,0.34233818012241807
1,0.46866190207252745,75.55362135554253,15,-0.30376025939951184,-0.30286940509208143,0.34405108091325376
1,0.46866190207252745,75.55362135554253,16,-0.3391763934654885,-0.2834611444365217,0.33171586780447304
1,0.46866190207252745,75.55362135554253,17,-0.36939467590217984,-0.2652302289275213,0.3059906475233469
1,0.46866190207252745,75.55362135554253,18,-0.380804273314219,-0.2434696348240234,0.2889315328789233
1,0.46866190207252745,75.55362135554253,19,-0.3773667170936265,-0.2195842714801961,0.273664031567164
1,0.46866190207252745,75.55362135554253,20,-0.3727243765359025,-0.19317283911211783,0.2530653881140872
1,0.46866190207252745,75.55362135554253,21,-0.3685755893344109,-0.19443363391155571,0.25293992010141125
1,0.46866190207252745,75.55362135554253,22,-0.3675347781544915,-0.19495287509501436,0.2524881532125746
1,0.46866190207252745,75.55362135554253,23,-0.36753086342207936,-0.19495409923701007,0.2525038511199994
1,0.46866190207252745,75.55362135554253,24,-0.3675307325183565,-0.19495034283614165,0.25251149885981305
1,0.46866190207252745,75.55362135554253,25,-0.367531559049441,-0.19494833082931673,0.2525174704809994
1,0.46866190207252745,75.55362135554253,26,-0.3675324573188304,-0.19494717146738033,0.25252225787106053
1,0.46866190207252745,75.55362135554253,27,-0.367532534737169,-0.1949467564089619,0.2525260867157415
1,0.46866190207252745,75.55362135554253,28,-0.3675331015979944,-0.19494884127017267,0.25253278295120185
1,0.46866190207252745,75.55362135554253,29,-0.36753131133607986,-0.19495156234968977,0.25253682196260524
1,0.46866190207252745,75.55362135554253,30,-0.3675293839060768,-0.19495267878894704,0.2525399720309518
2,0.46866190207252745,76.37160969631971,1,0.3522390337944279,-0.021395588402916003,0.417340762417822
2,0.46866190207252745,76.37160969631971,2,0.3102876492596922,-0.10907549617271974,0.10600914805741234
2,0.46866190207252745,76.37160969631971,3,0.25989295814147045,-0.1378603601257393,0.14872967344305146
2,0.46866190207252745,76.37160969631971,4,0.21024913522752386,-0.16305042412270204,0.22592021077434823
2,0.46866190207252745,76.37160969631971,5,0.16069313983661498,-0.18747464451076665,0.2901698280102819
2,0.46866190207252745,76.37160969631971,6,0.11055204584009198,-0.20877026824587824,0.34711300154500596
2,0.46866190207252745,76.37160969631971,7,0.060634900762464736,-0.22997077774369337,0.3897663702911491
2,0.46866190207252745,76.37160969631971,8,0.010922777783775303,-0.2510842114892989,0.4182069959512513
2,0.46866190207252745,76.37160969631971,9,-0.03859871884129451,-0.27211668355702473,0.43249953631684956
2,0.46866190207252745,76.37160969631971,10,-0.08793807109039123,-0.2930717963613795,0.43269980303347866
2,0.46866190207252745,76.37160969631971,11,-0.1370968311060872,-0.31395020911901705,0.4188598544854888
2,0.46866190207252745,76.37160969631971,12,-0.18606965781916315,-0.3347496534031566,0.3910338421715075
2,0.46866190207252745,76.37160969631971,13,-0.2348454671893627,-0.355465421666915,0.3492831093394922
2,0.46866190207252745,76.37160969631971,14,-0.2746175362797668,-0.3309983446921865,0.34193170317910176
2,0.46866190207252745,76.37160969631971,15,-0.3109831027496104,-0.31084935961919263,0.34553129122214593
2,0.46866190207252745,76.37160969631971,16,-0.345979308946087,-0.29080002717747744,0.33538831299303545
2,0.46866190207252745,76.37160969631971,17,-0.3694346775468229,-0.2707024627166411,0.3157099519220654
2,0.46866190207252745,76.37160969631971,18,-0.38150462429736975,-0.24750698558650952,0.2979354176767999
2,0.46866190207252745,76.37160969631971,19,-0.3816100875870094,-0.22303974860351974,0.277918489033404
2,0.46866190207252745,76.37160969631971,20,-0.376432188351046,-0.19622414881811,0.25384980301189103
2,0.46866190207252745,76.37160969631971,21,-0.37703888348793235,-0.19518190261267532,0.25104488577054174
2,0.46866190207252745,76.37160969631971,22,-0.37706157386640005,-0.1958176139476807,0.2513006567080824
2,0.46866190207252745,76.37160969631971,23,-0.3770526063903421,-0.1960460244571711,0.2514972961332719
2,0.46866190207252745,76.37160969631971,24,-0.3770485632585729,-0.19614769798350976,0.25158545835774715
2,0.46866190207252745,76.37160969631971,25,-0.37704982224349776,-0.19618873009053264,0.2516227642256534
2,0.46866190207252745,76.37160969631971,26,-0.37705714187694817,-0.19620665444359886,0.2516401581161107
2,0.46866190207252745,76.37160969631971,27,-0.37706572647115244,-0.19621453198452515,0.25165025686754244
2,0.46866190207252745,76.37160969631971,28,-0.3770738772723624,-0.19621877806632632,0.25165849196097767
2,0.46866190207252745,76.37160969631971,29,-0.3770789900857237,-0.1962211507212221,0.2516652557515939
2,0.46866190207252745,76.37160969631971,30,-0.37708148837410166,-0.19622274743400267,0.25166966259230394
3,0.4733107980295506,77.79064815791577,1,0.35194757563193135,-0.021423366192803103,0.4174098264941002
3,0.4733107980295506,77.79064815791577,2,0.3094773656854297,-0.10915281334476314,0.10620080595110665
3,0.4733107980295506,77.79064815791577,3,0.2586382119312091,-0.13792263133782853,0.14920462382401742
3,0.4733107980295506,77.79064815791577,4,0.20860012956804408,-0.16312716902111715,0.22653724322429517
3,0.4733107980295506,77.79064815791577,5,0.15862382251523513,-0.18739734398688007,0.29128099452659284
3,0.4733107980295506,77.79064815791577,6,0.10815256942492618,-0.20882117195836217,0.3480206427854417
3,0.4733107980295506,77.79064815791577,7,0.057906985351867446,-0.23014920888230658,0.3904711546693726
3,0.4733107980295506,77.79064815791577,8,0.007868134025951441,-0.25138949274803124,0.41870950203296214
3,0.4733107980295506,77.79064815791577,9,-0.04197834458497117,-0.2725481190423646,0.43280032935216545
3,0.4733107980295506,77.79064815791577,10,-0.09164086092964935,-0.29362865779767444,0.4327995327520198
3,0.4733107980295506,77.79064815791577,11,-0.14112088152326757,-0.3146317315142375,0.4187593512594951
3,0.4733107980295506,77.79064815791577,12,-0.19041298451257432,-0.33555503874629544,0.39073418013391853
3,0.4733107980295506,77.79064815791577,13,-0.23852345365005506,-0.3513530449151669,0.3537452216180807
3,0.4733107980295506,77.79064815791577,14,-0.2786049309084299,-0.32683189987553884,0.3424661542330077
3,0.4733107980295506,77.79064815791577,15,-0.31570637586772526,-0.30669005483509376,0.3446917627783895
3,0.4733107980295506,77.79064815791577,16,-0.35058537384934263,-0.28667426613598296,0.33339012725604955
3,0.4733107980295506,77.79064815791577,17,-0.3715208994842526,-0.2679554057740128,0.31172341863672565
3,0.4733107980295506,77.79064815791577,18,-0.3783301565229426,-0.24724818023339762,0.2922194126232619
3,0.4733107980295506,77.79064815791577,19,-0.3705059247874799,-0.22343707418940553,0.2794347670736562
3,0.4733107980295506,77.79064815791577,20,-0.362873678827826,-0.19933751094292718,0.2641938725697614
3,0.4733107980295506,77.79064815791577,21,-0.3518183167360622,-0.1935902562921767,0.2564442418601178
3,0.4733107980295506,77.79064815791577,22,-0.3444415480918581,-0.19584579470779112,0.25432045506062184
3,0.4733107980295506,77.79064815791577,23,-0.3404354018811605,-0.19689335830531957,0.25210201075477673
3,0.4733107980295506,77.79064815791577,24,-0.3394527026383175,-0.1975902109314505,0.2519107590602596
3,0.4733107980295506,77.79064815791577,25,-0.33945603310385847,-0.1975839219209456,0.25193855313722824
3,0.4733107980295506,77.79064815791577,26,-0.33945640005035976,-0.19757968203183562,0.25195337364669856
3,0.4733107980295506,77.79064815791577,27,-0.3394584894247616,-0.19757611958313404,0.25196441801699004
3,0.4733107980295506,77.79064815791577,28,-0.33945927867886366,-0.19757288104906737,0.2519715254111345
3,0.4733107980295506,77.79064815791577,29,-0.33946096353076666,-0.19757016945692818,0.2519763267134489
3,0.4733107980295506,77.79064815791577,30,-0.33946307008771004,-0.1975684106811232,0.2519801886320211
4,0.46866190207252745,77.46397959183287,1,0.3522390337944279,-0.021395588402916003,0.417340762417822
4,0.46866190207252745,77.46397959183287,2,0.3102876492596922,-0.10907549617271974,0.10600914805741234
4,0.46866190207252745,77.46397959183287,3,0.25989295814147045,-0.1378603601257393,0.14872967344305146
4,0.46866190207252745,77.46397959183287,4,0.21024913522752386,-0.16305042412270204,0.22592021077434823
4,0.46866190207252745,77.46397959183287,5,0.16069313735858404,-0.1874746211947202,0.2901698710682593
4,0.46866190207252745,77.46397959183287,6,0.11055204575682984,-0.208770241238349,0.3471130116820333
4,0.46866190207252745,77.46397959183287,7,0.06063490301351497,-0.2299707470823029,0.3897663477048583
4,0.46866190207252745,77.46397959183287,8,0.010922782317775789,-0.25108417720679665,0.4182069408069344
4,0.46866190207252745,77.46397959183287,9,-0.03859871206366387,-0.27211664568027805,0.43249944875359253
4,0.46866190207252745,77.46397959183287,10,-0.08793806209339404,-0.29307175491040866,0.43269968317386104
4,0.46866190207252745,77.46397959183287,11,-0.13709681989752362,-0.31395016410676707,0.4188597024485298
4,0.46866190207252745,77.46397959183287,12,-0.18606964439179047,-0.3347496048364687,0.3910336580859526
4,0.46866190207252745,77.46397959183287,13,-0.23484545152437675,-0.35546536954831115,0.34928289335406565
4,0.46866190207252745,77.46397959183287,14,-0.2746164789159299,-0.33099802608571927,0.3419289932386015
4,0.46866190207252745,77.46397959183287,15,-0.3111435470626009,-0.3109688757713704,0.3456204274099566
4,0.46866190207252745,77.46397959183287,16,-0.34618575648214656,-0.29104174835165736,0.3355976062558712
4,0.46866190207252745,77.46397959183287,17,-0.3682743531827772,-0.2718589908853173,0.31457193173348097
4,0.46866190207252745,77.46397959183287,18,-0.3750360754974703,-0.2513559626458336,0.29428549301505663
4,0.46866190207252745,77.46397959183287,19,-0.3716487434603011,-0.2263395012534629,0.2816752595791984
4,0.46866190207252745,77.46397959183287,20,-0.36449263005222265,-0.20429154525817578,0.26680236531151796
4,0.46866190207252745,77.46397959183287,21,-0.3563527902146876,-0.19504390321436402,0.2593927027691405
4,0.46866190207252745,77.46397959183287,22,-0.35160658743132384,-0.19276240911394282,0.2549263383209524
4,0.46866190207252745,77.46397959183287,23,-0.3498681901960541,-0.19446713565186846,0.2532585574782287
4,0.46866190207252745,77.46397959183287,24,-0.3495433272099227,-0.19507524003100588,0.2528722620512714
4,0.46866190207252745,77.46397959183287,25,-0.34954877589381383,-0.19510116440815775,0.2528934085932729
4,0.46866190207252745,77.46397959183287,26,-0.3495494986348759,-0.19511224258322934,0.2529009222929867
4,0.46866190207252745,77.46397959183287,27,-0.34954971030234316,-0.19511891225449862,0.2529065483446755
4,0.46866190207252745,77.46397959183287,28,-0.3495491967846302,-0.19512417463192192,0.2529106669810146
4,0.46866190207252745,77.46397959183287,29,-0.3495507826759311,-0.19512756729909642,0.2529131174612908
4,0.46866190207252745,77.46397959183287,30,-0.34955519644245864,-0.195128392657516,0.25291407233759133
5,0.46866190207252745,77.6014009518757,1,0.3522390337944279,-0.021395588402916003,0.417340762417822
5,0.46866190207252745,77.6014009518757,2,0.3102876492596922,-0.10907549617271974,0.10600914805741234
5,0.46866190207252745,77.6014009518757,3,0.25989325751243103,-0.13786174894612704,0.1487317262366692
5,0.46866190207252745,77.6014009518757,4,0.2102499387647318,-0.16305369306862752,0.22592427515034477
5,0.46866190207252745,77.6014009518757,5,0.1606944303931552,-0.18747994995746098,0.290175740524126
5,0.46866190207252745,77.6014009518757,6,0.1105537645742991,-0.20877845510207446,0.3471199364500271
5,0.46866190207252745,77.6014009518757,7,0.0606370482106875,-0.2299818320997684,0.3897743205415415
5,0.46866190207252745,77.6014009518757,8,0.010925354494588708,-0.2510981205867395,0.41821595568480613
5,0.46866190207252745,77.6014009518757,9,-0.03859571245073876,-0.272133435572628,0.4325095007276713
5,0.46866190207252745,77.6014009518757,10,-0.08793463492539297,-0.2930913801271042,0.4327107681332084
5,0.46866190207252745,77.6014009518757,11,-0.13709296557660797,-0.31397261377601554,0.41887181672849977
5,0.46866190207252745,77.6014009518757,12,-0.18606536393615983,-0.33477486802156503,0.39104679801177517
5,0.46866190207252745,77.6014009518757,13,-0.23484074655648315,-0.35549343489146834,0.34929705484195567
5,0.46866190207252745,77.6014009518757,14,-0.2746113057256055,-0.33101350942373725,0.34192874689917546
5,0.46866190207252745,77.6014009518757,15,-0.31114185222426,-0.31097619479381106,0.3456189165868973
5,0.46866190207252745,77.6014009518757,16,-0.3461912550158513,-0.29104095899558424,0.33559389293986275
5,0.46866190207252745,77.6014009518757,17,-0.3683180514775605,-0.27185020595890164,0.31455817597842595
5,0.46866190207252745,77.6014009518757,18,-0.3752090461510445,-0.25125812293217314,0.2943621694142027
5,0.46866190207252745,77.6014009518757,19,-0.3724228294274802,-0.22628215319675282,0.280627649086212
5,0.46866190207252745,77.6014009518757,20,-0.3652753675602377,-0.2037064648360856,0.26632171924765563
5,0.46866190207252745,77.6014009518757,21,-0.3554832320524393,-0.19423465042348984,0.2573745419278821
5,0.46866190207252745,77.6014009518757,22,-0.3499478949598875,-0.19377599754953678,0.25436999274708605
5,0.46866190207252745,77.6014009518757,23,-0.3476844286477902,-0.19523460297602344,0.25278093497656035
5,0.46866190207252745,77.6014009518757,24,-0.347365216355257,-0.19563017429705265,0.25258749212059434
5,0.46866190207252745,77.6014009518757,25,-0.3473733753130894,-0.19564832174560967,0.2526029338062662
5,0.46866190207252745,77.6014009518757,26,-0.3473806937230606,-0.19565688726935054,0.25261295197190714
5,0.46866190207252745,77.6014009518757,27,-0.3473865229248762,-0.1956608756462057,0.25262104470875507
5,0.46866190207252745,77.6014009518757,28,-0.34738996199258093,-0.19566299522685396,0.2526272063035937
5,0.46866190207252745,77.6014009518757,29,-0.3473918935724569,-0.1956651669861065,0.25263057966573405
5,0.46866190207252745,77.6014009518757,30,-0.3473935313242893,-0.1956663660052818,0.25263267750459834
6,0.4177659503386314,78.26199898727765,1,0.3554283720345303,-0.021094246282026472,0.41658421837892484
6,0.4177659503386314,78.26199898727765,2,0.31915433059946263,-0.10823656847151669,0.10391027706662936
6,0.4177659503386314,78.26199898727765,3,0.2736760095859625,-0.1371754813538009,0.1434646931655865
6,0.4177659503386314,78.26199898727765,4,0.22842601460981418,-0.16218845496687126,0.2190190678472087
6,0.4177659503386314,78.26199898727765,5,0.18339967708737745,-0.1870777967874739,0.2801673399287047
6,0.4177659503386314,78.26199898727765,6,0.13787349958967787,-0.21008368321125784,0.3317303591355916
6,0.4177659503386314,78.26199898727765,7,0.09233997034263283,-0.2324869939813373,0.3703853844112804
6,0.4177659503386314,78.26199898727765,8,0.04698425378066795,-0.25480281773012525,0.3948506664217429
6,0.4177659503386314,78.26199898727765,9,0.0017941066478632064,-0.2770371783585086,0.40518651590055327
6,0.4177659503386314,78.26199898727765,10,-0.043236736438038124,-0.2991931585466159,0.4014453564865425
6,0.4177659503386314,78.26199898727765,11,-0.0881077107407611,-0.3212704804340993,0.3836774161799273
6,0.4177659503386314,78.26199898727765,12,-0.13448742079557946,-0.3304809208320911,0.3546589167348106
6,0.4177659503386314,78.26199898727765,13,-0.17897486838224957,-0.33527270420601374,0.3307921492363613
6,0.4177659503386314,78.26199898727765,14,-0.21917712237660505,-0.3336316761032751,0.32558789308723796
6,0.4177659503386314,78.26199898727765,15,-0.25746175673302807,-0.3307145649046796,0.3152589291096741
6,0.4177659503386314,78.26199898727765,16,-0.2943158606976704,-0.326797937881514,0.299030015636646
6,0.4177659503386314,78.26199898727765,17,-0.3244865294812821,-0.32205534567145694,0.30130531872265814
6,0.4177659503386314,78.26199898727765,18,-0.3524869431057529,-0.3173582808856882,0.2999456936559434
6,0.4177659503386314,78.26199898727765,19,-0.3740525028024544,-0.31331755221683655,0.2999599423357247
6,0.4177659503386314,78.26199898727765,20,-0.3684669567869571,-0.31547568492871647,0.29997121324413467
6,0.4177659503386314,78.26199898727765,21,-0.3658417542453239,-0.3163557592222837,0.29997563545516237
6,0.4177659503386314,78.26199898727765,22,-0.36565329089304655,-0.31639639958393484,0.29997626818069845
6,0.4177659503386314,78.26199898727765,23,-0.3656524480384489,-0.31639259546692405,0.2999757234063089
6,0.4177659503386314,78.26199898727765,24,-0.3656517778921836,-0.31639266058489984,0.2999760104781051
6,0.4177659503386314,78.26199898727765,25,-0.3656515198834179,-0.3163939068944658,0.2999764621564666
6,0.4177659503386314,78.26199898727765,26,-0.3656514935037432,-0.31639551169146735,0.29997690162224366
6,0.4177659503386314,78.26199898727765,27,-0.36565147027986333,-0.3163963244500198,0.29997704201129616
6,0.4177659503386314,78.26199898727765,28,-0.3656514060155963,-0.31639607005989817,0.2999769887013866
6,0.4177659503386314,78.26199898727765,29,-0.36565182121038803,-0.31639787527148167,0.2999772897476935
6,0.4177659503386314,78.26199898727765,30,-0.36565240787683795,-0.3163971157201405,0.29997734822568817
7,0.46866190207252745,77.57899459456773,1,0.3522390337944279,-0.021395588402916003,0.417340762417822
7,0.46866190207252745,77.57899459456773,2,0.3102876492596922,-0.10907549617271974,0.10600914805741234
7,0.46866190207252745,77.57899459456773,3,0.25989253163614523,-0.1378604498857814,0.1487302390495677
7,0.46866190207252745,77.57899459456773,4,0.21024819903925548,-0.1630506226499765,0.22592138315026117
7,0.46866190207252745,77.57899459456773,5,0.16069166413400246,-0.1874749416408968,0.29017173267753604
7,0.46866190207252745,77.57899459456773,6,0.11054983023674844,-0.20876992446301418,0.3471176914806754
7,0.46866190207252745,77.57899459456773,7,0.06063195295103696,-0.22996979404684303,0.3897738285955301
7,0.46866190207252745,77.57899459456773,8,0.010919104505363406,-0.25108258892104723,0.41821720849609045
7,0.46866190207252745,77.57899459456773,9,-0.038603111999294205,-0.2721144233757024,0.4325124912388145
7,0.46866190207252745,77.57899459456773,10,-0.08794317989347623,-0.2930689002383099,0.43271548992591957
7,0.46866190207252745,77.57899459456773,11,-0.13710265273104344,-0.3139466792953234,0.4188782633084873
7,0.46866190207252745,77.57899459456773,12,-0.1860761906740861,-0.3347454927446361,0.39105496212176477
7,0.46866190207252745,77.57899459456773,13,-0.2348527105659062,-0.35546063362574903,0.3493069279690538
7,0.46866190207252745,77.57899459456773,14,-0.2746207546901831,-0.3310030672203439,0.34194063123120644
7,0.46866190207252745,77.57899459456773,15,-0.31115062309091757,-0.3109886983468442,0.34562047850919764
7,0.46866190207252745,77.57899459456773,16,-0.34618965755051506,-0.29107643520443904,0.33558759471912725
7,0.46866190207252745,77.57899459456773,17,-0.3682320063316488,-0.2719083203951014,0.31456344547692877
7,0.46866190207252745,77.57899459456773,18,-0.37508987728942017,-0.25130849213919965,0.2944045918400195
7,0.46866190207252745,77.57899459456773,19,-0.37245551621553025,-0.22631127271575163,0.2805307426750102
7,0.46866190207252745,77.57899459456773,20,-0.36544324203323125,-0.20368413650596362,0.26619086028510835
7,0.46866190207252745,77.57899459456773,21,-0.3557091445401417,-0.19413364920046125,0.2572506737752995
7,0.46866190207252745,77.57899459456773,22,-0.3503289490653151,-0.19379152623512003,0.25433603842903596
7,0.46866190207252745,77.57899459456773,23,-0.34814437704883405,-0.19511716689606695,0.25268451157823085
7,0.46866190207252745,77.57899459456773,24,-0.34787677106319825,-0.19555329176517652,0.2525674317130104
7,0.46866190207252745,77.57899459456773,25,-0.34788966812782357,-0.1956002400568797,0.2526132004333047
7,0.46866190207252745,77.57899459456773,26,-0.34789475500626355,-0.1956194911421802,0.2526307397278663
7,0.46866190207252745,77.57899459456773,27,-0.34789749060081593,-0.19562866209974253,0.25264071676729893
7,0.46866190207252745,77.57899459456773,28,-0.34790057496224475,-0.19563236402032103,0.25264840954052775
7,0.46866190207252745,77.57899459456773,29,-0.34790441831420077,-0.19563367845497862,0.2526546415432252
7,0.46866190207252745,77.57899459456773,30,-0.34790335197604144,-0.19563190540146785,0.252657425467312
8,0.46866190207252745,77.59069263695378,1,0.3522390337944279,-0.021395588402916003,0.417340762417822
8,0.46866190207252745,77.59069263695378,2,0.3102876492596922,-0.10907549617271974,0.10600914805741234
8,0.46866190207252745,77.59069263695378,3,0.25989285523696126,-0.13786049315702897,0.14872954233785626
8,0.46866190207252745,77.59069263695378,4,0.2102488859258909,-0.16305067944757984,0.22592008500255692
8,0.46866190207252745,77.59069263695378,5,0.1606927562816351,-0.18747504322273403,0.29016964221816943
8,0.46866190207252745,77.59069263695378,6,0.11055153433538524,-0.20877076241025166,0.3471127937571524
8,0.46866190207252745,77.59069263695378,7,0.0606342620761172,-0.22997136685064148,0.3897661404085442
8,0.46866190207252745,77.59069263695378,8,0.010922012667752284,-0.2510848950513549,0.4182067438988833
8,0.46866190207252745,77.59069263695378,9,-0.03859960963917492,-0.2721174611002863,0.43249926206389083
8,0.46866190207252745,77.59069263695378,10,-0.0879390868188691,-0.2930726674174367,0.43269950661564877
8,0.46866190207252745,77.59069263695378,11,-0.13709797100918802,-0.31395117321873034,0.4188595360206395
8,0.46866190207252745,77.59069263695378,12,-0.18607092113749343,-0.33475071007155516,0.39103350186073726
8,0.46866190207252745,77.59069263695378,13,-0.2348468531583474,-0.35546657041773966,0.3492827474561264
8,0.46866190207252745,77.59069263695378,14,-0.2746170726848952,-0.3309992388062231,0.3419282121174016
8,0.46866190207252745,77.59069263695378,15,-0.3111500573533848,-0.310973954868881,0.34561762190952316
8,0.46866190207252745,77.59069263695378,16,-0.34619378692762826,-0.29105076958503673,0.3355938736700315
8,0.46866190207252745,77.59069263695378,17,-0.36825251934737013,-0.2718716938078491,0.31457571520199085
8,0.46866190207252745,77.59069263695378,18,-0.3751138076916557,-0.25126964368627286,0.29439913016031627
8,0.46866190207252745,77.59069263695378,19,-0.37243940311485924,-0.2262748537739627,0.28051431273294786
8,0.46866190207252745,77.59069263695378,20,-0.3653882605748125,-0.20365329956820616,0.2661744309115262
8,0.46866190207252745,77.59069263695378,21,-0.3556317145582922,-0.1941304361182217,0.2573026305431626
8,0.46866190207252745,77.59069263695378,22,-0.35012989185438276,-0.1937855306691323,0.25439981192745276
8,0.46866190207252745,77.59069263695378,23,-0.34788428504905905,-0.1952533161337413,0.2528041068223135
8,0.46866190207252745,77.59069263695378,24,-0.3475790674545566,-0.19566291988906834,0.2526120754574995
8,0.46866190207252745,77.59069263695378,25,-0.3475873445977084,-0.195679649703945,0.25263457108338455
8,0.46866190207252745,77.59069263695378,26,-0.34759120585396186,-0.19568522046966894,0.25264403494795584
8,0.46866190207252745,77.59069263695378,27,-0.3475895619994367,-0.19568772918986793,0.25264546641033564
8,0.46866190207252745,77.59069263695378,28,-0.3475865136631743,-0.19568631370952522,0.2526462219173533
8,0.46866190207252745,77.59069263695378,29,-0.3475796504696093,-0.19568595033550065,0.25265416276945973
8,0.46866190207252745,77.59069263695378,30,-0.347577033891538,-0.19568543512653386,0.2526587425591342
9,0.46866190207252745,77.56440101058521,1,0.3522390337944279,-0.021395588402916003,0.417340762417822
9,0.46866190207252745,77.56440101058521,2,0.3102876492596922,-0.10907549617271974,0.10600914805741234
9,0.46866190207252745,77.56440101058521,3,0.2598926594074895,-0.1378604269241792,0.14873006016849963
9,0.46866190207252745,77.56440101058521,4,0.21024847867381335,-0.16305057049213206,0.22592101751910068
9,0.46866190207252745,77.56440101058521,5,0.16069211350255228,-0.1874749050220256,0.2901710345498663
9,0.46866190207252745,77.56440101058521,6,0.1105505920917649,-0.20877078538984736,0.34711457778134425
9,0.46866190207252745,77.56440101058521,7,0.06063302272838069,-0.22997154985620785,0.38976831334072126
9,0.46866190207252745,77.56440101058521,8,0.01092047841588736,-0.25108523700952856,0.41820930342479956
9,0.46866190207252745,77.56440101058521,9,-0.038601436769391796,-0.2721179610214536,0.4325022062967287
9,0.46866190207252745,77.56440101058521,10,-0.08794120499796977,-0.29307332440110956,0.432702834010394
9,0.46866190207252745,77.56440101058521,11,-0.13710037861623828,-0.31395198645404054,0.4188632452330438
9,0.46866190207252745,77.56440101058521,12,-0.18607361673997105,-0.33475167882403495,0.3910375915746873
9,0.46866190207252745,77.56440101058521,13,-0.2348498354598341,-0.3554676940032122,0.3492872162281642
9,0.46866190207252745,77.56440101058521,14,-0.2746207093236752,-0.33100005818290706,0.34192912954077403
9,0.46866190207252745,77.56440101058521,15,-0.31115807144231933,-0.3109780899743969,0.34562083038233615
9,0.46866190207252745,77.56440101058521,16,-0.34620443006587837,-0.2910582515150445,0.335599797149242
9,0.46866190207252745,77.56440101058521,17,-0.3682531308162546,-0.2718825275584487,0.31458769105835765
9,0.46866190207252745,77.56440101058521,18,-0.3751306188523948,-0.251265655204088,0.294431607776437
9,0.46866190207252745,77.56440101058521,19,-0.37268315231285026,-0.22621940917888217,0.2804491281364563
9,0.46866190207252745,77.56440101058521,20,-0.36586886874892083,-0.20363720157271573,0.26596659806847506
9,0.46866190207252745,77.56440101058521,21,-0.35629124832841713,-0.19429781907622473,0.25729867145919016
9,0.46866190207252745,77.56440101058521,22,-0.35092280747144405,-0.19391319433938378,0.2543404579700629
9,0.46866190207252745,77.56440101058521,23,-0.34880325996169376,-0.19530270639082523,0.2528048807025925
9,0.46866190207252745,77.56440101058521,24,-0.34854688006703166,-0.19564473502335253,0.25263547141423065
9,0.46866190207252745,77.56440101058521,25,-0.348550433019597,-0.1956574459000302,0.2526454802769595
9,0.46866190207252745,77.56440101058521,26,-0.34855299980403753,-0.1956637046885117,0.25265199659878407
9,0.46866190207252745,77.56440101058521,27,-0.348554548800014,-0.1956670489086522,0.25265768740977546
9,0.46866190207252745,77.56440101058521,28,-0.348555456220491,-0.1956691427718146,0.2526623582383744
9,0.46866190207252745,77.56440101058521,29,-0.34855621218553395,-0.1956709221312082,0.25266614355305345
9,0.46866190207252745,77.56440101058521,30,-0.34855687372673466,-0.19567257571855978,0.2526693025812901
10,0.46866190207252745,77.56923913554965,1,0.3522390337944279,-0.021395588402916003,0.417340762417822
10,0.46866190207252745,77.56923913554965,2,0.3102876492596922,-0.10907549617271974,0.10600914805741234
10,0.46866190207252745,77.56923913554965,3,0.2598926630371938,-0.13786042223175374,0.14873006479288667
10,0.46866190207252745,77.56923913554965,4,0.2102484874673273,-0.16305056148599717,0.22592102195533137
10,0.46866190207252745,77.56923913554965,5,0.16069212546703251,-0.18747490261568875,0.29017102185235083
10,0.46866190207252745,77.56923913554965,6,0.11055058522060456,-0.2087707735801882,0.3471146096285344
10,0.46866190207252745,77.56923913554965,7,0.06063299718577103,-0.22997152865122109,0.38976838945240405
10,0.46866190207252745,77.56923913554965,8,0.010920434349306916,-0.25108520641773785,0.418209423567047
10,0.46866190207252745,77.56923913554965,9,-0.03860149923185084,-0.2721179210546197,0.43250237027448873
10,0.46866190207252745,77.56923913554965,10,-0.08794128575037867,-0.2930732750774625,0.43270304165524714
10,0.46866190207252745,77.56923913554965,11,-0.1371004775755535,-0.313951927800991,0.41886349638607
10,0.46866190207252745,77.56923913554965,12,-0.186073733842974,-0.33475161087926764,0.39103788606805817
10,0.46866190207252745,77.56923913554965,13,-0.2348499706572299,-0.3554676168141724,0.3492875538702807
10,0.46866190207252745,77.56923913554965,14,-0.2746223024264548,-0.3310004080899698,0.34193231363808424
10,0.46866190207252745,77.56923913554965,15,-0.3111589919908251,-0.3109761879573874,0.34562020015342676
10,0.46866190207252745,77.56923913554965,16,-0.34620535948133835,-0.2910541064388018,0.33559519361823237
10,0.46866190207252745,77.56923913554965,17,-0.3682590837890152,-0.27187627108016776,0.3145777866206409
10,0.46866190207252745,77.56923913554965,18,-0.3751294089795846,-0.25126154592745753,0.2944257835973501
10,0.46866190207252745,77.56923913554965,19,-0.37261356758549014,-0.22623221968265067,0.2804892072885051
10,0.46866190207252745,77.56923913554965,20,-0.36574978551703924,-0.2036666918420516,0.266031082761501
10,0.46866190207252745,77.56923913554965,21,-0.3561551210096996,-0.19434465497834316,0.2573408091273026
10,0.46866190207252745,77.56923913554965,22,-0.3507840335006441,-0.1939076822388235,0.2543768284019137
10,0.46866190207252745,77.56923913554965,23,-0.3486622653901874,-0.19529816868123764,0.252824454972867
10,0.46866190207252745,77.56923913554965,24,-0.3483975466996904,-0.1956480837402616,0.2526464687371766
10,0.46866190207252745,77.56923913554965,25,-0.34840009194551874,-0.1956601856584912,0.25265592182074587
10,0.46866190207252745,77.56923913554965,26,-0.3484021134457423,-0.1956657249995115,0.25266288094574485
10,0.46866190207252745,77.56923913554965,27,-0.34840337166175955,-0.1956688472779433,0.2526683055724053
10,0.46866190207252745,77.56923913554965,28,-0.3484045067827886,-0.19567082079121215,0.25267278130529186
10,0.46866190207252745,77.56923913554965,29,-0.3484053973879922,-0.1956724150765791,0.2526768079133564
10,0.46866190207252745,77.56923913554965,30,-0.348406694389555,-0.19567390263255163,0.25268054924077427
11,0.4512472893567542,78.04568992536447,1,0.3533306188227981,-0.021291908454721224,0.41708199146397523
11,0.4512472893567542,78.04568992536447,2,0.31332236771444977,-0.10878688884538491,0.10529112028633826
11,0.4512472893567542,78.04568992536447,3,0.2645993944114544,-0.13762758603878164,0.1469426426402552
11,0.4512472893567542,78.04568992536447,4,0.2164428895413598,-0.16276189259948115,0.223591639274847
11,0.4512472893567542,78.04568992536447,5,0.1684795083678373,-0.18767629929240617,0.2860764420609888
11,0.4512472893567542,78.04568992536447,6,0.11967510516478191,-0.20962125895915534,0.34147766196605644
11,0.4512472893567542,78.04568992536447,7,0.07108528751884607,-0.23146972996736148,0.3825993881780316
11,0.4512472893567542,78.04568992536447,8,0.02269188059126216,-0.25322988465553364,0.4095169429721407
11,0.4512472893567542,78.04568992536447,9,-0.025518722653390745,-0.27490784144381214,0.4222934567129457
11,0.4512472893567542,78.04568992536447,10,-0.07355417110573303,-0.2965070396652314,0.42098359919902884
11,0.4512472893567542,78.04568992536447,11,-0.12141520478892152,-0.31802781207211,0.4056388712143899
11,0.4512472893567542,78.04568992536447,12,-0.16909582291473715,-0.3394674604026767,0.37631353283400937
11,0.4512472893567542,78.04568992536447,13,-0.21642662063184728,-0.3570448135867806,0.348188706174321
11,0.4512472893567542,78.04568992536447,14,-0.25498450263191386,-0.33915298348772543,0.34106248443007403
11,0.4512472893567542,78.04568992536447,15,-0.28843293157945316,-0.3222358502183558,0.34192828029340655
11,0.4512472893567542,78.04568992536447,16,-0.3199145497664804,-0.3062099987652899,0.33738179196719886
11,0.4512472893567542,78.04568992536447,17,-0.31609463708849433,-0.29724083283179564,0.33573739449342843
11,0.4512472893567542,78.04568992536447,18,-0.3056578561020714,-0.28938631670853715,0.3312663477112641
11,0.4512472893567542,78.04568992536447,19,-0.29304601765951693,-0.28131554366108913,0.32271867949214733
11,0.4512472893567542,78.04568992536447,20,-0.27991727653420495,-0.2719474583263859,0.30736166176484725
11,0.4512472893567542,78.04568992536447,21,-0.2694767790842992,-0.2600664191371017,0.2976732913750019
11,0.4512472893567542,78.04568992536447,22,-0.26270274969443036,-0.24562444697667682,0.2909269198749809
11,0.4512472893567542,78.04568992536447,23,-0.25846706563482846,-0.227971080113171,0.2801717724873155
11,0.4512472893567542,78.04568992536447,24,-0.25569802479897313,-0.20818922263882159,0.2615891436328257
11,0.4512472893567542,78.04568992536447,25,-0.24654596046197275,-0.19662347108777653,0.24651935979947717
11,0.4512472893567542,78.04568992536447,26,-0.230172675477317,-0.1933109775428406,0.23775659634656277
11,0.4512472893567542,78.04568992536447,27,-0.21407180279668345,-0.18775222546987505,0.22960514989513692
11,0.4512472893567542,78.04568992536447,28,-0.1991546252685521,-0.18200141896644662,0.2196135633228863
11,0.4512472893567542,78.04568992536447,29,-0.1835216917368681,-0.1742257546432905,0.2052760736798421
11,0.4512472893567542,78.04568992536447,30,-0.16721816265327966,-0.16480238188618024,0.18339666214642428
12,0.46866190207252745,77.5664645833705,1,0.3522390337944279,-0.021395588402916003,0.417340762417822
12,0.46866190207252745,77.5664645833705,2,0.3102876492596922,-0.10907549617271974,0.10600914805741234
12,0.46866190207252745,77.5664645833705,3,0.2598926630371938,-0.13786042223175374,0.14873006479288667
12,0.46866190207252745,77.5664645833705,4,0.2102484874673273,-0.16305056148599717,0.22592102195533137
12,0.46866190207252745,77.5664645833705,5,0.16069212504118968,-0.18747491128157862,0.29017100675687674
12,0.46866190207252745,77.5664645833705,6,0.11055057405796613,-0.2087707837439026,0.3471146094716927
12,0.46866190207252745,77.5664645833705,7,0.06063297536973237,-0.22997154029101807,0.38976840413158687
12,0.46866190207252745,77.5664645833705,8,0.010920401956988082,-0.2510852195133847,0.41820945299687307
12,0.46866190207252745,77.5664645833705,9,-0.03860154213016591,-0.272117935587908,0.43250241438491993
12,0.46866190207252745,77.5664645833705,10,-0.08794133909201488,-0.2930732910328972,0.4327031003880762
12,0.46866190207252745,77.5664645833705,11,-0.13710054130573243,-0.31395194516633634,0.4188635696894332
12,0.46866190207252745,77.5664645833705,12,-0.1860738079138585,-0.3347516296455617,0.39103797388997275
12,0.46866190207252745,77.5664645833705,13,-0.23485005502584055,-0.3554676369751935,0.34928765615299234
12,0.46866190207252745,77.5664645833705,14,-0.2746221669194397,-0.33100074730114676,0.3419317006735211
12,0.46866190207252745,77.5664645833705,15,-0.31116113818791086,-0.3109784044374255,0.34561982382270845
12,0.46866190207252745,77.5664645833705,16,-0.34620811330684803,-0.29105823218133847,0.3355954680395346
12,0.46866190207252745,77.5664645833705,17,-0.3682504778858906,-0.27188225023448204,0.31458191530321766
12,0.46866190207252745,77.5664645833705,18,-0.3751213141880516,-0.2512660343776513,0.2944316304121279
12,0.46866190207252745,77.5664645833705,19,-0.3726223806127593,-0.22623566748472335,0.28047439934446416
12,0.46866190207252745,77.5664645833705,20,-0.36577212906240275,-0.20366853684789696,0.26599511596456915
12,0.46866190207252745,77.5664645833705,21,-0.356186327567632,-0.19434405324113704,0.25729259578577723
12,0.46866190207252745,77.5664645833705,22,-0.35084240277534706,-0.19394085838833955,0.2543581445773519
12,0.46866190207252745,77.5664645833705,23,-0.34874835925226594,-0.19532408566594428,0.25283369863988486
12,0.46866190207252745,77.5664645833705,24,-0.3484989390948016,-0.19566651580260186,0.25266464661131255
12,0.46866190207252745,77.5664645833705,25,-0.34850276359173427,-0.19568025895859906,0.2526767455653027
12,0.46866190207252745,77.5664645833705,26,-0.3485046639032108,-0.19568682097330278,0.25268315869709573
12,0.46866190207252745,77.5664645833705,27,-0.3485053604938027,-0.19569054202599115,0.252688513457087
12,0.46866190207252745,77.5664645833705,28,-0.3485058337849317,-0.19569238544044412,0.2526926903915554
12,0.46866190207252745,77.5664645833705,29,-0.348506102868722,-0.19569343698165512,0.25269648744199685
12,0.46866190207252745,77.5664645833705,30,-0.34850955453888155,-0.19569366129277824,0.2526997712086904
13,0.46866190207252745,77.55758056388963,1,0.3522390337944279,-0.021395588402916003,0.417340762417822
13,0.46866190207252745,77.55758056388963,2,0.3102876492596922,-0.10907549617271974,0.10600914805741234
13,0.46866190207252745,77.55758056388963,3,0.25989295814147045,-0.1378603601257393,0.14872967344305146
13,0.46866190207252745,77.55758056388963,4,0.21024913522752386,-0.16305042412270204,0.22592021077434823
13,0.46866190207252745,77.55758056388963,5,0.1606931443390055,-0.18747462062561965,0.2901698588373428
13,0.46866190207252745,77.55758056388963,6,0.11055207165507484,-0.20877019004438058,0.3471130717421246
13,0.46866190207252745,77.55758056388963,7,0.06063494778838294,-0.2299706454711889,0.38976647968829625
13,0.46866190207252745,77.55758056388963,8,0.010922845909557282,-0.2510840253780437,0.4182071444039834
13,0.46866190207252745,77.55758056388963,9,-0.03859862974135606,-0.27211644383249545,0.4324997236943545
13,0.46866190207252745,77.55758056388963,10,-0.08793796116031052,-0.29307150324917064,0.4327000292024192
13,0.46866190207252745,77.55758056388963,11,-0.13709670050816566,-0.31394986285108895,0.4188601192925285
13,0.46866190207252745,77.55758056388963,12,-0.18606950673040296,-0.33474925422253465,0.39103414542964987
13,0.46866190207252745,77.55758056388963,13,-0.2348452957969871,-0.3554649698309718,0.3492834508209489
13,0.46866190207252745,77.55758056388963,14,-0.2746172810070187,-0.330998658428685,0.3419306513132103
13,0.46866190207252745,77.55758056388963,15,-0.3111572865168499,-0.3109771636061362,0.3456201068218385
13,0.46866190207252745,77.55758056388963,16,-0.3462038534353116,-0.2910578574367284,0.33559743877884707
13,0.46866190207252745,77.55758056388963,17,-0.3682353286707848,-0.27188262930568907,0.3145883725518143
13,0.46866190207252745,77.55758056388963,18,-0.3751027956990254,-0.2512669886383072,0.2944358131661746
13,0.46866190207252745,77.55758056388963,19,-0.37260894222432267,-0.22623795883284908,0.28046618563557385
13,0.46866190207252745,77.55758056388963,20,-0.3657715654592985,-0.20366167322944578,0.2659704629420653
13,0.46866190207252745,77.55758056388963,21,-0.35621622846295203,-0.19429781766295268,0.257252816327053
13,0.46866190207252745,77.55758056388963,22,-0.3509142361740322,-0.19390399254698243,0.25434119937956734
13,0.46866190207252745,77.55758056388963,23,-0.34885179578817915,-0.19529731567702593,0.2528347739728922
13,0.46866190207252745,77.55758056388963,24,-0.34861038136301864,-0.19564119143916694,0.2526742195827254
13,0.46866190207252745,77.55758056388963,25,-0.34861408223254026,-0.19565772229827127,0.2526872136753428
13,0.46866190207252745,77.55758056388963,26,-0.3486156979934697,-0.19566556345171768,0.25269451144303456
13,0.46866190207252745,77.55758056388963,27,-0.34861618881088063,-0.1956697813041564,0.252700670255698
13,0.46866190207252745,77.55758056388963,28,-0.34861640076696343,-0.19567216933075374,0.25270573689776665
13,0.46866190207252745,77.55758056388963,29,-0.34861682050759346,-0.19567398849004097,0.2527098024689002
13,0.46866190207252745,77.55758056388963,30,-0.3486173543603265,-0.19567554348073027,0.2527131861349788
14,0.46866190207252745,77.56099970892588,1,0.3522390337944279,-0.021395588402916003,0.417340762417822
14,0.46866190207252745,77.56099970892588,2,0.3102876492596922,-0.10907549617271974,0.10600914805741234
14,0.46866190207252745,77.56099970892588,3,0.25989253163614523,-0.1378604498857814,0.1487302390495677
14,0.46866190207252745,77.56099970892588,4,0.21024819903925548,-0.1630506226499765,0.22592138315026117
14,0.46866190207252745,77.56099970892588,5,0.16069166440152424,-0.18747495857382912,0.29017169974427576
14,0.46866190207252745,77.56099970892588,6,0.11054980883814455,-0.20876993313029144,0.3471177011936775
14,0.46866190207252745,77.56099970892588,7,0.06063191006503212,-0.22996979445057816,0.3897738806811879
14,0.46866190207252745,77.56099970892588,8,0.010919040293926546,-0.25108258106387576,0.4182173027261623
14,0.46866190207252745,77.56099970892588,9,-0.03860319739322049,-0.2721144072633248,0.4325126274237021
14,0.46866190207252745,77.56099970892588,10,-0.08794328634842982,-0.29306887588259417,0.43271566790331345
14,0.46866190207252745,77.56099970892588,11,-0.13710278014763733,-0.31394664671697153,0.41887848292712415
14,0.46866190207252745,77.56099970892588,12,-0.18607633897199838,-0.3347454519743072,0.39105522322362535
14,0.46866190207252745,77.56099970892588,13,-0.23485287967806234,-0.3554605847035889,0.34930723037472117
14,0.46866190207252745,77.56099970892588,14,-0.2746207722885169,-0.33100340007526374,0.3419407577891548
14,0.46866190207252745,77.56099970892588,15,-0.31115657421310505,-0.3109927432120444,0.3456200460570239
14,0.46866190207252745,77.56099970892588,16,-0.34619736135137685,-0.2910842746066733,0.3355876409039928
14,0.46866190207252745,77.56099970892588,17,-0.3682113568717104,-0.2719198609984352,0.3145720009161537
14,0.46866190207252745,77.56099970892588,18,-0.37507088043384307,-0.2513070002810441,0.29443441226323874
14,0.46866190207252745,77.56099970892588,19,-0.3725770663896194,-0.22627544805889246,0.28050105095406885
14,0.46866190207252745,77.56099970892588,20,-0.3657513470984919,-0.20369139188796767,0.2660395778590742
14,0.46866190207252745,77.56099970892588,21,-0.3562072148528095,-0.19430611519414154,0.25729408608561144
14,0.46866190207252745,77.56099970892588,22,-0.35091945808530894,-0.19389795892416178,0.2543567433107342
14,0.46866190207252745,77.56099970892588,23,-0.34886233826072965,-0.1952996344597172,0.2528437123064912
14,0.46866190207252745,77.56099970892588,24,-0.348619368334944,-0.19565353467137797,0.25267843525054295
14,0.46866190207252745,77.56099970892588,25,-0.34862376977852066,-0.19567097565401564,0.2526927773765322
14,0.46866190207252745,77.56099970892588,26,-0.3486251724462766,-0.19567890828131934,0.25270011727645997
14,0.46866190207252745,77.56099970892588,27,-0.34862561838267586,-0.19568289718220727,0.25270580500961926
14,0.46866190207252745,77.56099970892588,28,-0.34862586773464915,-0.19568564105107084,0.25271052109843234
14,0.46866190207252745,77.56099970892588,29,-0.34862591009688243,-0.19568745357631345,0.25271439824440306
14,0.46866190207252745,77.56099970892588,30,-0.3486259106736219,-0.1956888313594084,0.25271751797099423
15,0.46866190207252745,77.55827468731991,1,0.3522390337944279,-0.021395588402916003,0.417340762417822
15,0.46866190207252745,77.55827468731991,2,0.3102876492596922,-0.10907549617271974,0.10600914805741234
15,0.46866190207252745,77.55827468731991,3,0.25989285523696126,-0.13786049315702897,0.14872954233785626
15,0.46866190207252745,77.55827468731991,4,0.2102488859258909,-0.16305067944757984,0.22592008500255692
15,0.46866190207252745,77.55827468731991,5,0.16069275549404696,-0.1874750771334542,0.29016958078464355
15,0.46866190207252745,77.55827468731991,6,0.110551491189502,-0.20877079351657848,0.347112804020327
15,0.46866190207252745,77.55827468731991,7,0.06063417691320005,-0.2299713951005128,0.3897662218940781
15,0.46866190207252745,77.55827468731991,8,0.010921885800313327,-0.2510849203970695,0.41820689621153795
15,0.46866190207252745,77.55827468731991,9,-0.038599777930759784,-0.27211748350182124,0.43249948487722834
15,0.46866190207252745,77.55827468731991,10,-0.0879392962903896,-0.29307268684661186,0.43269979965392946
15,0.46866190207252745,77.55827468731991,11,-0.13709822145387107,-0.3139511896626216,0.4188598990319452
15,0.46866190207252745,77.55827468731991,12,-0.18607121238125499,-0.33475072353333724,0.3910339345865593
15,0.46866190207252745,77.55827468731991,13,-0.23484718505000016,-0.35546658091490835,0.34928324960563967
15,0.46866190207252745,77.55827468731991,14,-0.2746185204834555,-0.33099985964768003,0.3419311402757651
15,0.46866190207252745,77.55827468731991,15,-0.3111602790457494,-0.31097892642915964,0.34561970129819
15,0.46866190207252745,77.55827468731991,16,-0.34620668285075124,-0.29106023367879247,0.33559661604061214
15,0.46866190207252745,77.55827468731991,17,-0.36822415941737785,-0.27188567119207946,0.3145908087812543
15,0.46866190207252745,77.55827468731991,18,-0.37508742072597706,-0.2512685984379772,0.2944400966282335
15,0.46866190207252745,77.55827468731991,19,-0.37258875612507425,-0.2262414996739032,0.28046479144121533
15,0.46866190207252745,77.55827468731991,20,-0.3657490819367791,-0.20366985917660674,0.2659610936069377
15,0.46866190207252745,77.55827468731991,21,-0.3561876698099785,-0.19432618119657535,0.2572342142054613
15,0.46866190207252745,77.55827468731991,22,-0.350895183314677,-0.19394280337325204,0.2543408427178132
15,0.46866190207252745,77.55827468731991,23,-0.34885033170331764,-0.19532497638596896,0.25284842016547865
15,0.46866190207252745,77.55827468731991,24,-0.3486221089345253,-0.19566583174357455,0.2526926540965107
15,0.46866190207252745,77.55827468731991,25,-0.3486263648107734,-0.19568270866270498,0.25270896014665883
15,0.46866190207252745,77.55827468731991,26,-0.34862748655735887,-0.1956903736372257,0.25271651836097697
15,0.46866190207252745,77.55827468731991,27,-0.3486309975294661,-0.19569388871800913,0.2527209191672285
15,0.46866190207252745,77.55827468731991,28,-0.3486365571325755,-0.19569590785822788,0.25272292718879763
15,0.46866190207252745,77.55827468731991,29,-0.3486398077096877,-0.19569754803017284,0.2527257386316459
15,0.46866190207252745,77.55827468731991,30,-0.3486419096232072,-0.19569618955442827,0.2527256093060515
16,0.46866190207252745,77.53881065313233,1,0.3522390337944279,-0.021395588402916003,0.417340762417822
16,0.46866190207252745,77.53881065313233,2,0.3102876492596922,-0.10907549617271974,0.10600914805741234
16,0.46866190207252745,77.53881065313233,3,0.25989285523696126,-0.13786049315702897,0.14872954233785626
16,0.46866190207252745,77.53881065313233,4,0.2102488859258909,-0.16305067944757984,0.22592008500255692
16,0.46866190207252745,77.53881065313233,5,0.16069275730720065,-0.18747504811437501,0.2901696296289945
16,0.46866190207252745,77.53881065313233,6,0.11055152557718308,-0.20877074373364599,0.3471128312380846
16,0.46866190207252745,77.53881065313233,7,0.06063424364512868,-0.22997132468247758,0.38976622766744323
16,0.46866190207252745,77.53881065313233,8,0.010921984657833195,-0.25108482946512994,0.4182068806911292
16,0.46866190207252745,77.53881065313233,9,-0.03859964715516044,-0.27211737217045345,0.432499448182466
16,0.46866190207252745,77.53881065313233,10,-0.08793913379255454,-0.29307255522416376,0.4326997418758067
16,0.46866190207252745,77.53881065313233,11,-0.1370980274173534,-0.31395103785200706,0.4188598202399607
16,0.46866190207252745,77.53881065313233,12,-0.1860709869783971,-0.3347505516334466,0.39103383483920545
16,0.46866190207252745,77.53881065313233,13,-0.23484692844533495,-0.3554663890228469,0.34928312896118807
16,0.46866190207252745,77.53881065313233,14,-0.27462099868758844,-0.3309995062861307,0.34193866615035823
16,0.46866190207252745,77.53881065313233,15,-0.3111667760857245,-0.3109760027616582,0.3456205163156121
16,0.46866190207252745,77.53881065313233,16,-0.34621553453216536,-0.2910547919512807,0.33559115133767997
16,0.46866190207252745,77.53881065313233,17,-0.3682227476348738,-0.27187787405541025,0.31458234931127427
16,0.46866190207252745,77.53881065313233,18,-0.3750782967332147,-0.2512582416219383,0.2944202320084417
16,0.46866190207252745,77.53881065313233,19,-0.37246704082322546,-0.2263064790651038,0.2802527791440896
16,0.46866190207252745,77.53881065313233,20,-0.36553092882600885,-0.2036048666536175,0.2659066765580012
16,0.46866190207252745,77.53881065313233,21,-0.3559246925457048,-0.1939150277743341,0.2569602412334877
16,0.46866190207252745,77.53881065313233,22,-0.35063701978609474,-0.19381265792880972,0.2540873756706499
16,0.46866190207252745,77.53881065313233,23,-0.3487431834684052,-0.19529444780696342,0.2528633562586666
16,0.46866190207252745,77.53881065313233,24,-0.3485356850646708,-0.19562620602998695,0.25271099208627523
16,0.46866190207252745,77.53881065313233,25,-0.34854175131230286,-0.19563312484540468,0.25273259384301505
16,0.46866190207252745,77.53881065313233,26,-0.34854687060204365,-0.19563512707108277,0.2527404878174883
16,0.46866190207252745,77.53881065313233,27,-0.34855175607520195,-0.19563559874147582,0.252744771266761
16,0.46866190207252745,77.53881065313233,28,-0.3485564742557298,-0.19563627492764854,0.25274934271861427
16,0.46866190207252745,77.53881065313233,29,-0.3485604484475866,-0.19563714676832578,0.2527539719339469
16,0.46866190207252745,77.53881065313233,30,-0.3485634273775496,-0.19563785227652958,0.25275875509689444
17,0.46866190207252745,77.52668906724817,1,0.3522390337944279,-0.021395588402916003,0.417340762417822
17,0.46866190207252745,77.52668906724817,2,0.3102876492596922,-0.10907549617271974,0.10600914805741234
17,0.46866190207252745,77.52668906724817,3,0.25989295814147045,-0.1378603601257393,0.14872967344305146
17,0.46866190207252745,77.52668906724817,4,0.21024913522752386,-0.16305042412270204,0.22592021077434823
17,0.46866190207252745,77.52668906724817,5,0.16069314423102232,-0.18747462039696283,0.29016985785783117
17,0.46866190207252745,77.52668906724817,6,0.11055206400129292,-0.2087701752183456,0.3471130993920882
17,0.46866190207252745,77.52668906724817,7,0.06063493266295793,-0.22997061609579209,0.389766535798701
17,0.46866190207252745,77.52668906724817,8,0.01092282337634629,-0.25108398149895556,0.4182072288333598
17,0.46866190207252745,77.52668906724817,9,-0.038598659630843454,-0.27211638549551936,0.4324998363232658
17,0.46866190207252745,77.52668906724817,10,-0.0879379983687704,-0.29307143050313206,0.4327001699248316
17,0.46866190207252745,77.52668906724817,11,-0.13709674501275268,-0.3139497757504028,0.4188602880044676
17,0.46866190207252745,77.52668906724817,12,-0.18606955852052104,-0.3347491528287148,0.39103434201774107
17,0.46866190207252745,77.52668906724817,13,-0.23484535487050417,-0.35546485421306206,0.34928367515372083
17,0.46866190207252745,77.52668906724817,14,-0.27461943739804245,-0.33099810730727813,0.34193796913456254
17,0.46866190207252745,77.52668906724817,15,-0.3111109474507928,-0.31093790073453464,0.3455950650466137
17,0.46866190207252745,77.52668906724817,16,-0.346144714707223,-0.29097915226038384,0.3355312995205733
17,0.46866190207252745,77.52668906724817,17,-0.3684208285417515,-0.2717647376378245,0.3144127702871164
17,0.46866190207252745,77.52668906724817,18,-0.3753086079048878,-0.2511844360049912,0.2941727822555318
17,0.46866190207252745,77.52668906724817,19,-0.37189599028072484,-0.2265122078575033,0.2800933830452913
17,0.46866190207252745,77.52668906724817,20,-0.3647762658897381,-0.20179940015192782,0.2642244546373657
17,0.46866190207252745,77.52668906724817,21,-0.35488821631523254,-0.19344779976543358,0.25702658573574083
17,0.46866190207252745,77.52668906724817,22,-0.3490788115497946,-0.193733914434773,0.25478514035237915
17,0.46866190207252745,77.52668906724817,23,-0.3467494266917992,-0.19511398414818307,0.2532124036111473
17,0.46866190207252745,77.52668906724817,24,-0.34634165645044745,-0.19570115565721924,0.2528627369480232
17,0.46866190207252745,77.52668906724817,25,-0.34635035481736337,-0.1957157325118808,0.2528853243751033
17,0.46866190207252745,77.52668906724817,26,-0.34635687724976233,-0.19572131304258036,0.2528970404213542
17,0.46866190207252745,77.52668906724817,27,-0.3463622706285955,-0.19572420389434528,0.2529034026138419
17,0.46866190207252745,77.52668906724817,28,-0.34636744781401296,-0.19572660110647253,0.2529059614069044
17,0.46866190207252745,77.52668906724817,29,-0.346372294421594,-0.1957273498926807,0.2529093480568222
17,0.46866190207252745,77.52668906724817,30,-0.34637904864724367,-0.19572905664145485,0.2529108838818379
18,0.46866190207252745,77.44739979473155,1,0.3522390337944279,-0.021395588402916003,0.417340762417822
18,0.46866190207252745,77.44739979473155,2,0.3102876492596922,-0.10907549617271974,0.10600914805741234
18,0.46866190207252745,77.44739979473155,3,0.2598926630371938,-0.13786042223175374,0.14873006479288667
18,0.46866190207252745,77.44739979473155,4,0.2102484874673273,-0.16305056148599717,0.22592102195533137
18,0.46866190207252745,77.44739979473155,5,0.1606921264093143,-0.18747487616292122,0.29017106506655344
18,0.46866190207252745,77.44739979473155,6,0.11055060538798164,-0.20877072162050148,0.3471146424886422
18,0.46866190207252745,77.44739979473155,7,0.060633036438027164,-0.22997145132162222,0.38976841205947543
18,0.46866190207252745,77.44739979473155,8,0.010920492551562955,-0.25108510384642113,0.4182094360042906
18,0.46866190207252745,77.44739979473155,9,-0.038601422209592395,-0.27211779336272723,0.4325023726064851
18,0.46866190207252745,77.44739979473155,10,-0.08794119003283041,-0.2930731223809581,0.43270303392832465
18,0.46866190207252745,77.44739979473155,11,-0.13710036328129524,-0.31395175021269706,0.4188634786312093
18,0.46866190207252745,77.44739979473155,12,-0.18607360108438217,-0.33475140851121876,0.3910378583063777
18,0.46866190207252745,77.44739979473155,13,-0.23484981954187847,-0.3554673897801971,0.3492875161192695
18,0.46866190207252745,77.44739979473155,14,-0.27462146779426894,-0.33100024272946577,0.34193052775119903
18,0.46866190207252745,77.44739979473155,15,-0.31116713641172045,-0.3109830569295956,0.3456211917043692
18,0.46866190207252745,77.44739979473155,16,-0.3462161560889059,-0.29106811566362883,0.335600523033385
18,0.46866190207252745,77.44739979473155,17,-0.36822691249869877,-0.271897174569774,0.31459961654697033
18,0.46866190207252745,77.44739979473155,18,-0.37509875830445966,-0.2512688530764843,0.29446192458964165
18,0.46866190207252745,77.44739979473155,19,-0.3727473465290506,-0.22622322023483218,0.2803572574491765
18,0.46866190207252745,77.44739979473155,20,-0.3660380964511954,-0.2035707177302496,0.2658564765177925
18,0.46866190207252745,77.44739979473155,21,-0.3568013463863114,-0.19395743893337206,0.25703927533274845
18,0.46866190207252745,77.44739979473155,22,-0.35195008861913907,-0.19367701614458946,0.25438275984711667
18,0.46866190207252745,77.44739979473155,23,-0.35029387309939736,-0.1950435451817139,0.2530999057997535
18,0.46866190207252745,77.44739979473155,24,-0.3501245727347958,-0.1953996705532607,0.2528798147312483
18,0.46866190207252745,77.44739979473155,25,-0.3501328411846058,-0.19539269413870988,0.2528963381113059
18,0.46866190207252745,77.44739979473155,26,-0.3501404777208607,-0.19538992183239354,0.2529058158119235
18,0.46866190207252745,77.44739979473155,27,-0.3501476747059821,-0.19538886302415392,0.2529130265189775
18,0.46866190207252745,77.44739979473155,28,-0.35015389086554216,-0.1953872598114692,0.25291926043987034
18,0.46866190207252745,77.44739979473155,29,-0.35015831546965404,-0.19538577785379876,0.2529274815477412
18,0.46866190207252745,77.44739979473155,30,-0.3501604330532373,-0.19538597365469076,0.2529338178865286
19,0.46866190207252745,77.7986701342236,1,0.3522390337944279,-0.021395588402916003,0.417340762417822
19,0.46866190207252745,77.7986701342236,2,0.3102876492596922,-0.10907549617271974,0.10600914805741234
19,0.46866190207252745,77.7986701342236,3,0.25989285523696126,-0.13786049315702897,0.14872954233785626
19,0.46866190207252745,77.7986701342236,4,0.2102488859258909,-0.16305067944757984,0.22592008500255692
19,0.46866190207252745,77.7986701342236,5,0.16069275321172105,-0.18747504543996937,0.29016963805703827
19,0.46866190207252745,77.7986701342236,6,0.1105514967424158,-0.20877074884260033,0.3471128313342672
19,0.46866190207252745,77.7986701342236,7,0.06063419020799047,-0.22997133752880689,0.38976621944256445
19,0.46866190207252745,77.7986701342236,8,0.010921906752507971,-0.25108485000298164,0.4182068641555452
19,0.46866190207252745,77.7986701342236,9,-0.03859974939447431,-0.2721174003531869,0.4324994233503719
19,0.46866190207252745,77.7986701342236,10,-0.0879392602295391,-0.29307259100377714,0.4326997087703873
19,0.46866190207252745,77.7986701342236,11,-0.13709817791269477,-0.31395108117914183,0.4188597788978445
19,0.46866190207252745,77.7986701342236,12,-0.1860711613897424,-0.3347506024577438,0.39103378531250893
19,0.46866190207252745,77.7986701342236,13,-0.23484712662709492,-0.35546644729317517,0.3492830713170778
19,0.46866190207252745,77.7986701342236,14,-0.27461831757044014,-0.3309995370205304,0.3419307777736778
19,0.46866190207252745,77.7986701342236,15,-0.3110568958477583,-0.31090632980551747,0.3455699910513672
19,0.46866190207252745,77.7986701342236,16,-0.34607378291121493,-0.29091383213960864,0.33547947368618564
19,0.46866190207252745,77.7986701342236,17,-0.3685939380272345,-0.2716658314437532,0.3142649011676619
19,0.46866190207252745,77.7986701342236,18,-0.37535667605299317,-0.25111301568042455,0.2942338562691658
19,0.46866190207252745,77.7986701342236,19,-0.3712581188144707,-0.22674639750031783,0.2805225203181298
19,0.46866190207252745,77.7986701342236,20,-0.36346054102091524,-0.20252952578266153,0.2646180858001436
19,0.46866190207252745,77.7986701342236,21,-0.352310427519929,-0.19381336508961416,0.25653251605315824
19,0.46866190207252745,77.7986701342236,22,-0.34535469348591397,-0.19463043567431296,0.2546960577485462
19,0.46866190207252745,77.7986701342236,23,-0.3418272678250805,-0.19558516374240448,0.2527080553539664
19,0.46866190207252745,77.7986701342236,24,-0.3410982270900282,-0.19627260164471252,0.25249758138151845
19,0.46866190207252745,77.7986701342236,25,-0.3411093067356349,-0.1963312856720867,0.25255518518567494
19,0.46866190207252745,77.7986701342236,26,-0.3411150938935028,-0.19635560806761146,0.25257945445919716
19,0.46866190207252745,77.7986701342236,27,-0.341120884332982,-0.19636577028308705,0.25259141665694423
19,0.46866190207252745,77.7986701342236,28,-0.3411258033346867,-0.19636960971874712,0.2526023616481572
19,0.46866190207252745,77.7986701342236,29,-0.3411316488946169,-0.1963715910100131,0.25260921684679166
19,0.46866190207252745,77.7986701342236,30,-0.3411380131036111,-0.1963741692729645,0.25261231595591366
20,0.46866190207252745,77.31506255357118,1,0.3522390337944279,-0.021395588402916003,0.417340762417822
20,0.46866190207252745,77.31506255357118,2,0.3102876492596922,-0.10907549617271974,0.10600914805741234
20,0.46866190207252745,77.31506255357118,3,0.2598926594074895,-0.1378604269241792,0.14873006016849963
20,0.46866190207252745,77.31506255357118,4,0.21024847867381335,-0.16305057049213206,0.22592101751910068
20,0.46866190207252745,77.31506255357118,5,0.16069211091897748,-0.1874748918746945,0.29017105649258845
20,0.46866190207252745,77.31506255357118,6,0.11055056549235481,-0.2087707333141652,0.3471146593881426
20,0.46866190207252745,77.31506255357118,7,0.060632972310987375,-0.22997145898757027,0.3897684542530106
20,0.46866190207252745,77.31506255357118,8,0.010920404354500982,-0.25108510747492113,0.4182095033426861
20,0.46866190207252745,77.31506255357118,9,-0.038601534328210375,-0.27211779294540656,0.4325024649679207
20,0.46866190207252745,77.31506255357118,10,-0.08794132593824877,-0.293073117912834,0.4327031512126528
20,0.46866190207252745,77.31506255357118,11,-0.13710052285245647,-0.3139517416941593,0.4188636207507321
20,0.46866190207252745,77.31506255357118,12,-0.18607378421181037,-0.334751395949108,0.39103802517467623
20,0.46866190207252745,77.31506255357118,13,-0.2348500261236356,-0.3554673731877351,0.3492877076412207
20,0.46866190207252745,77.31506255357118,14,-0.2746214532603843,-0.3310003345350794,0.3419301238799218
20,0.46866190207252745,77.31506255357118,15,-0.31118088170890484,-0.31099241671095706,0.3456241405687002
20,0.46866190207252745,77.31506255357118,16,-0.3462337796096316,-0.29108693998644036,0.33560926213554393
20,0.46866190207252745,77.31506255357118,17,-0.36817703254785744,-0.27192533031909016,0.31463311794116167
20,0.46866190207252745,77.31506255357118,18,-0.37504639140956564,-0.25128180250095206,0.29451025540546144
20,0.46866190207252745,77.31506255357118,19,-0.3727259530186983,-0.2262098959601741,0.2803566678202851
20,0.46866190207252745,77.31506255357118,20,-0.36612930300982127,-0.20339102668981077,0.2658048539785012
20,0.46866190207252745,77.31506255357118,21,-0.3572133099089121,-0.19322377067789448,0.25674208455561526
20,0.46866190207252745,77.31506255357118,22,-0.35286334697814015,-0.19338538634954006,0.25467906405947344
20,0.46866190207252745,77.31506255357118,23,-0.3514726540806665,-0.19464201460825173,0.2534184075328338
20,0.46866190207252745,77.31506255357118,24,-0.351360552705106,-0.19498204854438622,0.2531784100944542
20,0.46866190207252745,77.31506255357118,25,-0.35136457414796274,-0.1949814915300453,0.25319123322314296
20,0.46866190207252745,77.31506255357118,26,-0.3513690083142322,-0.19498166126885919,0.2531976892660152
20,0.46866190207252745,77.31506255357118,27,-0.3513728674868138,-0.19498204118900897,0.2532023648627494
20,0.46866190207252745,77.31506255357118,28,-0.35137528993239875,-0.19498244295204892,0.2532063222186595
20,0.46866190207252745,77.31506255357118,29,-0.3513778136531462,-0.1949825155499159,0.2532096946835391
20,0.46866190207252745,77.31506255357118,30,-0.3513800147560815,-0.1949813891243343,0.25321114882689544
