particle,elasticity,weight,frame,x,y,z
1,0.6440767051967445,68.72387089130007,1,0.319651468905275,0.302648572034017,0.6622920768112774
1,0.6440767051967445,68.72387089130007,2,0.27865562006532696,0.22873742541504333,0.7862845606819643
1,0.6440767051967445,68.72387089130007,3,0.23472362505432795,0.1603762271250062,0.8714912453625316
1,0.6440767051967445,68.72387089130007,4,0.1923941802647275,0.11045660504508599,0.8496217434103984
1,0.6440767051967445,68.72387089130007,5,0.15304398956566434,0.06365698972750862,0.7977454796590919
1,0.6440767051967445,68.72387089130007,6,0.1138850766728446,0.017084863212195024,0.7320901453107125
1,0.6440767051967445,68.72387089130007,7,0.0749317383172998,-0.029242771241132566,0.6527507728873068
1,0.6440767051967445,68.72387089130007,8,0.03619928400143922,-0.07530770587259471,0.5598352754831765
1,0.6440767051967445,68.72387089130007,9,-0.0022964220502276786,-0.12109107318520695,0.45346450530430166
1,0.6440767051967445,68.72387089130007,10,-0.04053928883335473,-0.16657373597022654,0.3337720465187352
1,0.6440767051967445,68.72387089130007,11,-0.09422919557240324,-0.1632969380444663,0.24813230909006914
1,0.6440767051967445,68.72387089130007,12,-0.16015545948785023,-0.1213701776098873,0.18665913834571035
1,0.6440767051967445,68.72387089130007,13,-0.2233479374429733,-0.09158542366692789,0.1618490879820442
1,0.6440767051967445,68.72387089130007,14,-0.2850802983309971,-0.06787677970967426,0.14824552560190932
1,0.6440767051967445,68.72387089130007,15,-0.34560367679198073,-0.04506841139313871,0.12561886729129212
1,0.6440767051967445,68.72387089130007,16,-0.35412773639867584,-0.03546635654943691,0.13959168637283428
1,0.6440767051967445,68.72387089130007,17,-0.3505753620198271,-0.02779753951821387,0.13715589257267496
1,0.6440767051967445,68.72387089130007,18,-0.34568253095883555,-0.02036936872761646,0.1209264620243079
1,0.6440767051967445,68.72387089130007,19,-0.3337690555327195,-0.015261193293640332,0.10849672057116042
1,0.6440767051967445,68.72387089130007,20,-0.32543754408753783,-0.010779745984611264,0.10079464814350775
1,0.6440767051967445,68.72387089130007,21,-0.32052811831904054,-0.009015838677860625,0.09983452675356715
1,0.6440767051967445,68.72387089130007,22,-0.31853707078337484,-0.008337511324936214,0.09934511794654705
1,0.6440767051967445,68.72387089130007,23,-0.3183840831166605,-0.008383933186042383,0.09968571141866323
1,0.6440767051967445,68.72387089130007,24,-0.3183172852898624,-0.008422274383512136,0.09984641739949339
1,0.6440767051967445,68.72387089130007,25,-0.3182852687626084,-0.008440650687026107,0.09992224753939916
1,0.6440767051967445,68.72387089130007,26,-0.31826955059953616,-0.008449645026664402,0.09995803973239804
1,0.6440767051967445,68.72387089130007,27,-0.3182620286272502,-0.008453945430180632,0.09997493576863413
1,0.6440767051967445,68.72387089130007,28,-0.31825851115670906,-0.00845596385640015,0.09998290927494144
1,0.6440767051967445,68.72387089130007,29,-0.31825764023661374,-0.00845650959258317,0.09998602912811237
1,0.6440767051967445,68.72387089130007,30,-0.3182579851601978,-0.008456355661436196,0.09998647684201897
2,0.6440767051967445,68.72481584312871,1,0.319651468905275,0.302648572034017,0.6622920768112774
2,0.6440767051967445,68.72481584312871,2,0.27865562006532696,0.22873742541504333,0.7862845606819643
2,0.6440767051967445,68.72481584312871,3,0.23472362505432795,0.1603762271250062,0.8714912453625316
2,0.6440767051967445,68.72481584312871,4,0.1923941802647275,0.11045660504508599,0.8496217434103984
2,0.6440767051967445,68.72481584312871,5,0.15304398956566434,0.06365698972750862,0.7977454796590919
2,0.6440767051967445,68.72481584312871,6,0.1138850766728446,0.017084863212195024,0.7320901453107125
2,0.6440767051967445,68.72481584312871,7,0.0749317383172998,-0.029242771241132566,0.6527507728873068
2,0.6440767051967445,68.72481584312871,8,0.03619928400143922,-0.07530770587259471,0.5598352754831765
2,0.6440767051967445,68.72481584312871,9,-0.0022964220502276786,-0.12109107318520695,0.45346450530430166
2,0.6440767051967445,68.72481584312871,10,-0.04053928883335473,-0.16657373597022654,0.3337720465187352
2,0.6440767051967445,68.72481584312871,11,-0.09422994784605888,-0.1632965902320689,0.2481333359766194
2,0.6440767051967445,68.72481584312871,12,-0.1601575599598294,-0.12136920650735315,0.1866620061679276
2,0.6440767051967445,68.72481584312871,13,-0.2233508609554685,-0.09157734705365274,0.16183690155875427
2,0.6440767051967445,68.72481584312871,14,-0.2850837688898439,-0.0678583966193628,0.14820992428474683
2,0.6440767051967445,68.72481584312871,15,-0.3456072446507219,-0.0450409761478749,0.12556434585612583
2,0.6440767051967445,68.72481584312871,16,-0.35412830749845176,-0.035434851878448366,0.13957036540534198
2,0.6440767051967445,68.72481584312871,17,-0.35057502882436986,-0.027761003842504045,0.13716757298236257
2,0.6440767051967445,68.72481584312871,18,-0.3456824639836041,-0.020328076678723682,0.12097043269012997
2,0.6440767051967445,68.72481584312871,19,-0.33377213663238975,-0.015217968640626503,0.10853666654688648
2,0.6440767051967445,68.72481584312871,20,-0.3254462928426153,-0.010736309505389731,0.10082062747598709
2,0.6440767051967445,68.72481584312871,21,-0.32054242494315793,-0.008969725663186958,0.09984363655516035
2,0.6440767051967445,68.72481584312871,22,-0.3185595174470253,-0.008291084013499966,0.09934919873351471
2,0.6440767051967445,68.72481584312871,23,-0.3184119907030899,-0.008337667813715557,0.09968763093792853
2,0.6440767051967445,68.72481584312871,24,-0.318347728815935,-0.008376043395303512,0.09984732178431571
2,0.6440767051967445,68.72481584312871,25,-0.318316903257482,-0.008394435211802885,0.0999226739410934
2,0.6440767051967445,68.72481584312871,26,-0.3183017445676652,-0.008403436350936018,0.09995824090269914
2,0.6440767051967445,68.72481584312871,27,-0.31829448451553327,-0.008407739764212,0.09997503069689187
2,0.6440767051967445,68.72481584312871,28,-0.31829108951125196,-0.008409759503717954,0.09998295407451961
2,0.6440767051967445,68.72481584312871,29,-0.3182903100344428,-0.008410312211835221,0.09998601144597605
2,0.6440767051967445,68.72481584312871,30,-0.3182906635462926,-0.008410153762636369,0.09998646868897165
3,0.6440767051967445,68.71644462266491,1,0.319651468905275,0.302648572034017,0.6622920768112774
3,0.6440767051967445,68.71644462266491,2,0.27865562006532696,0.22873742541504333,0.7862845606819643
3,0.6440767051967445,68.71644462266491,3,0.23472362505432795,0.1603762271250062,0.8714912453625316
3,0.6440767051967445,68.71644462266491,4,0.1923941802647275,0.11045660504508599,0.8496217434103984
3,0.6440767051967445,68.71644462266491,5,0.15304398956566434,0.06365698972750862,0.7977454796590919
3,0.6440767051967445,68.71644462266491,6,0.1138850766728446,0.017084863212195024,0.7320901453107125
3,0.6440767051967445,68.71644462266491,7,0.0749317383172998,-0.029242771241132566,0.6527507728873068
3,0.6440767051967445,68.71644462266491,8,0.03619928400143922,-0.07530770587259471,0.5598352754831765
3,0.6440767051967445,68.71644462266491,9,-0.0022964220502276786,-0.12109107318520695,0.45346450530430166
3,0.6440767051967445,68.71644462266491,10,-0.04053928883335473,-0.16657373597022654,0.3337720465187352
3,0.6440767051967445,68.71644462266491,11,-0.09422991826582892,-0.16329684864950064,0.248130457657534
3,0.6440767051967445,68.71644462266491,12,-0.16015747170717387,-0.12136993173694381,0.18665397319079283
3,0.6440767051967445,68.71644462266491,13,-0.22335741682920995,-0.09159585598550042,0.1618809349639865
3,0.6440767051967445,68.71644462266491,14,-0.2851003065518096,-0.0679032479877713,0.14833433928752962
3,0.6440767051967445,68.71644462266491,15,-0.34563535585210076,-0.04510849782268184,0.1257548268987435
3,0.6440767051967445,68.71644462266491,16,-0.3541505219030915,-0.03553060159003541,0.13965258753247484
3,0.6440767051967445,68.71644462266491,17,-0.3505740676206436,-0.02789180820553077,0.1371418556436986
3,0.6440767051967445,68.71644462266491,18,-0.3456564728724468,-0.020493386627949185,0.12083810389828514
3,0.6440767051967445,68.71644462266491,19,-0.3337241360343263,-0.015394520725251017,0.10838016440487971
3,0.6440767051967445,68.71644462266491,20,-0.32537043308075025,-0.010919672752155664,0.10069737141088954
3,0.6440767051967445,68.71644462266491,21,-0.32042476078250903,-0.009166578109638453,0.09978683749406642
3,0.6440767051967445,68.71644462266491,22,-0.3183626784786585,-0.00852999022856555,0.0992163652123139
3,0.6440767051967445,68.71644462266491,23,-0.3181572338851703,-0.008556008856780041,0.09962508809737865
3,0.6440767051967445,68.71644462266491,24,-0.3180620704759857,-0.008623731030885366,0.09981785063412175
3,0.6440767051967445,68.71644462266491,25,-0.31801700976438657,-0.00865580270159402,0.09990878705001442
3,0.6440767051967445,68.71644462266491,26,-0.3179953926979204,-0.00867112355631678,0.09995168867582026
3,0.6440767051967445,68.71644462266491,27,-0.3179846068625965,-0.008678652926766636,0.09997194249836225
3,0.6440767051967445,68.71644462266491,28,-0.31797956402834204,-0.008682181867309076,0.09998149842486374
3,0.6440767051967445,68.71644462266491,29,-0.3179772865452893,-0.00868386760927785,0.09998598967943503
3,0.6440767051967445,68.71644462266491,30,-0.31797777418471107,-0.008683851247237211,0.09998652934357705
4,0.6440767051967445,68.81904506105414,1,0.319651468905275,0.302648572034017,0.6622920768112774
4,0.6440767051967445,68.81904506105414,2,0.27865562006532696,0.22873742541504333,0.7862845606819643
4,0.6440767051967445,68.81904506105414,3,0.23472362505432795,0.1603762271250062,0.8714912453625316
4,0.6440767051967445,68.81904506105414,4,0.1923941802647275,0.11045660504508599,0.8496217434103984
4,0.6440767051967445,68.81904506105414,5,0.15304398956566434,0.06365698972750862,0.7977454796590919
4,0.6440767051967445,68.81904506105414,6,0.1138850766728446,0.017084863212195024,0.7320901453107125
4,0.6440767051967445,68.81904506105414,7,0.0749317383172998,-0.029242771241132566,0.6527507728873068
4,0.6440767051967445,68.81904506105414,8,0.03619928400143922,-0.07530770587259471,0.5598352754831765
4,0.6440767051967445,68.81904506105414,9,-0.0022964220502276786,-0.12109107318520695,0.45346450530430166
4,0.6440767051967445,68.81904506105414,10,-0.04053928883335473,-0.16657373597022654,0.3337720465187352
4,0.6440767051967445,68.81904506105414,11,-0.09422344442906451,-0.16329796194496754,0.24812977531820213
4,0.6440767051967445,68.81904506105414,12,-0.1601394100565581,-0.12137303002244464,0.18665205366092208
4,0.6440767051967445,68.81904506105414,13,-0.22332003860938351,-0.09160708300865576,0.16187329781941556
4,0.6440767051967445,68.81904506105414,14,-0.2850398504106941,-0.06792562521711086,0.148318770271527
4,0.6440767051967445,68.81904506105414,15,-0.34555091522543047,-0.045141869671135315,0.12573435689421658
4,0.6440767051967445,68.81904506105414,16,-0.3540819215183204,-0.03557087120542059,0.13961330174279782
4,0.6440767051967445,68.81904506105414,17,-0.35053231277031,-0.027934103521593364,0.13708337778494395
4,0.6440767051967445,68.81904506105414,18,-0.345643803179927,-0.02053669210445667,0.12076061114017947
4,0.6440767051967445,68.81904506105414,19,-0.3339131128860868,-0.015413141058299926,0.10887958976370252
4,0.6440767051967445,68.81904506105414,20,-0.3255755000756577,-0.011000966847967902,0.10054907428758669
4,0.6440767051967445,68.81904506105414,21,-0.3210528041908759,-0.008971440403534524,0.09987177111124095
4,0.6440767051967445,68.81904506105414,22,-0.3196140499433794,-0.008530280618530232,0.09993418300545322
4,0.6440767051967445,68.81904506105414,23,-0.3195855865820313,-0.008551658749047026,0.09996309869462601
4,0.6440767051967445,68.81904506105414,24,-0.3195811491797461,-0.008534020829755294,0.09997713115100149
4,0.6440767051967445,68.81904506105414,25,-0.31957864826758947,-0.008526524449661997,0.09998391802203319
4,0.6440767051967445,68.81904506105414,26,-0.3195774600094848,-0.008523013178945422,0.09998711977356366
4,0.6440767051967445,68.81904506105414,27,-0.31957700241258796,-0.00852267151125097,0.09998789227986206
4,0.6440767051967445,68.81904506105414,28,-0.3195767833566924,-0.008522777261741435,0.09998813677021967
4,0.6440767051967445,68.81904506105414,29,-0.319576679875711,-0.008522828853391118,0.0999882511061108
4,0.6440767051967445,68.81904506105414,30,-0.3195766307638796,-0.008522853792194965,0.09998830480993272
5,0.6440767051967445,68.82007896415297,1,0.319651468905275,0.302648572034017,0.6622920768112774
5,0.6440767051967445,68.82007896415297,2,0.27865562006532696,0.22873742541504333,0.7862845606819643
5,0.6440767051967445,68.82007896415297,3,0.23472362505432795,0.1603762271250062,0.8714912453625316
5,0.6440767051967445,68.82007896415297,4,0.1923941802647275,0.11045660504508599,0.8496217434103984
5,0.6440767051967445,68.82007896415297,5,0.15304398956566434,0.06365698972750862,0.7977454796590919
5,0.6440767051967445,68.82007896415297,6,0.1138850766728446,0.017084863212195024,0.7320901453107125
5,0.6440767051967445,68.82007896415297,7,0.0749317383172998,-0.029242771241132566,0.6527507728873068
5,0.6440767051967445,68.82007896415297,8,0.03619928400143922,-0.07530770587259471,0.5598352754831765
5,0.6440767051967445,68.82007896415297,9,-0.0022964220502276786,-0.12109107318520695,0.45346450530430166
5,0.6440767051967445,68.82007896415297,10,-0.04053928883335473,-0.16657373597022654,0.3337720465187352
5,0.6440767051967445,68.82007896415297,11,-0.09422236390050476,-0.16329824256376524,0.24812939570531287
5,0.6440767051967445,68.82007896415297,12,-0.16013639502585136,-0.12137381214865572,0.1866509915852189
5,0.6440767051967445,68.82007896415297,13,-0.2233140606860758,-0.09161051574126244,0.16187436661747256
5,0.6440767051967445,68.82007896415297,14,-0.28503041312852284,-0.06793276778751808,0.14832336272364605
5,0.6440767051967445,68.82007896415297,15,-0.3455379865537629,-0.04515244537270463,0.12574197766887432
5,0.6440767051967445,68.82007896415297,16,-0.3540717464470024,-0.03558296876710596,0.13961196928148248
5,0.6440767051967445,68.82007896415297,17,-0.35052607028833566,-0.027947198694283432,0.13707306849216816
5,0.6440767051967445,68.82007896415297,18,-0.3456416346393041,-0.020550589275326627,0.12074146879366802
5,0.6440767051967445,68.82007896415297,19,-0.33391959879959077,-0.015425620162774904,0.10887652628519687
5,0.6440767051967445,68.82007896415297,20,-0.32558718363242545,-0.01101354542262206,0.10056494574260387
5,0.6440767051967445,68.82007896415297,21,-0.3210609280426461,-0.00899451204429088,0.0998692730102068
5,0.6440767051967445,68.82007896415297,22,-0.3196310099562694,-0.008550800352148266,0.09993297913940687
5,0.6440767051967445,68.82007896415297,23,-0.31960972917850977,-0.008549952826300533,0.09996295319848462
5,0.6440767051967445,68.82007896415297,24,-0.31960405104308476,-0.008535432052101501,0.09997723031533427
5,0.6440767051967445,68.82007896415297,25,-0.3196013552501925,-0.0085286295041601,0.0999839646899528
5,0.6440767051967445,68.82007896415297,26,-0.3196000760743258,-0.008525442560716787,0.09998714174627017
5,0.6440767051967445,68.82007896415297,27,-0.319599577325179,-0.008525365227595026,0.0999878479852512
5,0.6440767051967445,68.82007896415297,28,-0.31959933684372016,-0.008525482348215919,0.09998811576142512
5,0.6440767051967445,68.82007896415297,29,-0.31959922332668,-0.008525538786274628,0.0999882412413558
5,0.6440767051967445,68.82007896415297,30,-0.3195991694961721,-0.0085255660010667,0.09998830018070622
6,0.6440767051967445,68.82347697130415,1,0.319651468905275,0.302648572034017,0.6622920768112774
6,0.6440767051967445,68.82347697130415,2,0.27865562006532696,0.22873742541504333,0.7862845606819643
6,0.6440767051967445,68.82347697130415,3,0.23472362505432795,0.1603762271250062,0.8714912453625316
6,0.6440767051967445,68.82347697130415,4,0.1923941802647275,0.11045660504508599,0.8496217434103984
6,0.6440767051967445,68.82347697130415,5,0.15304398956566434,0.06365698972750862,0.7977454796590919
6,0.6440767051967445,68.82347697130415,6,0.1138850766728446,0.017084863212195024,0.7320901453107125
6,0.6440767051967445,68.82347697130415,7,0.0749317383172998,-0.029242771241132566,0.6527507728873068
6,0.6440767051967445,68.82347697130415,8,0.03619928400143922,-0.07530770587259471,0.5598352754831765
6,0.6440767051967445,68.82347697130415,9,-0.0022964220502276786,-0.12109107318520695,0.45346450530430166
6,0.6440767051967445,68.82347697130415,10,-0.04053928883335473,-0.16657373597022654,0.3337720465187352
6,0.6440767051967445,68.82347697130415,11,-0.09422149838122143,-0.16329848089234056,0.24812900313907627
6,0.6440767051967445,68.82347697130415,12,-0.16013397977475888,-0.12137447658484396,0.18664989387632677
6,0.6440767051967445,68.82347697130415,13,-0.22330988803798468,-0.09161419227589786,0.16187811350776754
6,0.6440767051967445,68.82347697130415,14,-0.2850243905994383,-0.06794073244993919,0.14833470089371475
6,0.6440767051967445,68.82347697130415,15,-0.34553016376541423,-0.045164288915308465,0.12575978792926745
6,0.6440767051967445,68.82347697130415,16,-0.3540651490365089,-0.03559903689891966,0.1396156703883697
6,0.6440767051967445,68.82347697130415,17,-0.35052016094196164,-0.027967620689566437,0.1370626342445205
6,0.6440767051967445,68.82347697130415,18,-0.3456365679944483,-0.020575174957634574,0.12071704177617554
6,0.6440767051967445,68.82347697130415,19,-0.3339195590421068,-0.015452605294917933,0.10885559640126871
6,0.6440767051967445,68.82347697130415,20,-0.325591050472889,-0.011041884188687678,0.1005532753469007
6,0.6440767051967445,68.82347697130415,21,-0.3210675402427619,-0.009025682366044206,0.09986442489973331
6,0.6440767051967445,68.82347697130415,22,-0.3196343306625507,-0.008591990505022408,0.09993069530348779
6,0.6440767051967445,68.82347697130415,23,-0.31960401381469655,-0.008614662719108953,0.09996144661733274
6,0.6440767051967445,68.82347697130415,24,-0.31959870168828847,-0.00859757103754448,0.09997641603154475
6,0.6440767051967445,68.82347697130415,25,-0.31959599183624804,-0.008589864315143894,0.0999835806242078
6,0.6440767051967445,68.82347697130415,26,-0.3195947048824938,-0.008586254288209676,0.09998696058559688
6,0.6440767051967445,68.82347697130415,27,-0.3195941947503286,-0.008585809286988056,0.099987850635401
6,0.6440767051967445,68.82347697130415,28,-0.3195939562184937,-0.008585923260829563,0.0999881174670619
6,0.6440767051967445,68.82347697130415,29,-0.3195938435466455,-0.008585979330800343,0.09998824204146746
6,0.6440767051967445,68.82347697130415,30,-0.3195937901161002,-0.008586006376469084,0.09998830055338678
7,0.6440767051967445,68.81756724508237,1,0.319651468905275,0.302648572034017,0.6622920768112774
7,0.6440767051967445,68.81756724508237,2,0.27865562006532696,0.22873742541504333,0.7862845606819643
7,0.6440767051967445,68.81756724508237,3,0.23472362505432795,0.1603762271250062,0.8714912453625316
7,0.6440767051967445,68.81756724508237,4,0.1923941802647275,0.11045660504508599,0.8496217434103984
7,0.6440767051967445,68.81756724508237,5,0.15304398956566434,0.06365698972750862,0.7977454796590919
7,0.6440767051967445,68.81756724508237,6,0.1138850766728446,0.017084863212195024,0.7320901453107125
7,0.6440767051967445,68.81756724508237,7,0.0749317383172998,-0.029242771241132566,0.6527507728873068
7,0.6440767051967445,68.81756724508237,8,0.03619928400143922,-0.07530770587259471,0.5598352754831765
7,0.6440767051967445,68.81756724508237,9,-0.0022964220502276786,-0.12109107318520695,0.45346450530430166
7,0.6440767051967445,68.81756724508237,10,-0.04053928883335473,-0.16657373597022654,0.3337720465187352
7,0.6440767051967445,68.81756724508237,11,-0.0942206556410489,-0.16329869562723312,0.24812865740408474
7,0.6440767051967445,68.81756724508237,12,-0.16013162813917067,-0.12137507513234004,0.1866489269406025
7,0.6440767051967445,68.81756724508237,13,-0.2233057249071486,-0.09161748287675632,0.16188119157347328
7,0.6440767051967445,68.81756724508237,14,-0.2850182760205627,-0.06794785394095598,0.14834413340813737
7,0.6440767051967445,68.81756724508237,15,-0.3455221249341487,-0.04517489022283732,0.12577467216763616
7,0.6440767051967445,68.81756724508237,16,-0.35405839814083245,-0.035613394164166895,0.13961818446391938
7,0.6440767051967445,68.81756724508237,17,-0.3505144063086474,-0.027985768768313286,0.13705274902384001
7,0.6440767051967445,68.81756724508237,18,-0.3456319834000644,-0.020596934881115525,0.12069487996587779
7,0.6440767051967445,68.81756724508237,19,-0.3339201963959255,-0.0154765824036903,0.1088372184788092
7,0.6440767051967445,68.81756724508237,20,-0.32559583146319965,-0.0110670898193972,0.10054343513446125
7,0.6440767051967445,68.81756724508237,21,-0.32107511776810727,-0.009053661068191658,0.09986047505908639
7,0.6440767051967445,68.81756724508237,22,-0.31959706154618245,-0.008617671739547333,0.09983191201515619
7,0.6440767051967445,68.81756724508237,23,-0.3195674499010268,-0.008578666996420037,0.09991550737804711
7,0.6440767051967445,68.81756724508237,24,-0.31959372975365047,-0.008571938042330718,0.09995485635144984
7,0.6440767051967445,68.81756724508237,25,-0.3196060710164669,-0.008568775415892212,0.0999734325438753
7,0.6440767051967445,68.81756724508237,26,-0.3196118650254699,-0.008567289352629782,0.09998220283531975
7,0.6440767051967445,68.81756724508237,27,-0.31961475316830906,-0.008567212568005451,0.09998613801340639
7,0.6440767051967445,68.81756724508237,28,-0.3196156056377009,-0.008568564226516792,0.09998784691493648
7,0.6440767051967445,68.81756724508237,29,-0.31961596502148126,-0.008569415229982847,0.09998866747360691
7,0.6440767051967445,68.81756724508237,30,-0.3196161467426049,-0.008569711193731188,0.09998905874261384
8,0.6429927114971392,71.11816605656648,1,0.31974356741333826,0.3026591982511894,0.6623133561749243
8,0.6429927114971392,71.11816605656648,2,0.27883908373807054,0.22875856235070607,0.7863270127979816
8,0.6429927114971392,71.11816605656648,3,0.2349994016803362,0.1604087322306003,0.87155502467008
8,0.6429927114971392,71.11816605656648,4,0.1927608882540396,0.11050987524209668,0.8496967375724072
8,0.6429927114971392,71.11816605656648,5,0.153499187167224,0.06373206594305109,0.7978332367399387
8,0.6429927114971392,71.11816605656648,6,0.11442823690699074,0.017181524071103897,0.7321904604137515
8,0.6429927114971392,71.11816605656648,7,0.07556231133482764,-0.029124743979417812,0.6528634184818476
8,0.6429927114971392,71.11816605656648,8,0.03691669402772609,-0.07516852880265233,0.5599600056697286
8,0.6429927114971392,71.11816605656648,9,-0.0014927788511957091,-0.12093096262166016,0.4536010591258404
8,0.6429927114971392,71.11816605656648,10,-0.039650045706126257,-0.1663929090708455,0.33392015057597507
8,0.6429927114971392,71.11816605656648,11,-0.09318246571758934,-0.16325085522801688,0.2481400913731249
8,0.6429927114971392,71.11816605656648,12,-0.1588944691131404,-0.12158186512425061,0.18640616444762825
8,0.6429927114971392,71.11816605656648,13,-0.22200702303602785,-0.0925801354859021,0.16283205084012953
8,0.6429927114971392,71.11816605656648,14,-0.2837273719575124,-0.06991360368200553,0.15120534626011378
8,0.6429927114971392,71.11816605656648,15,-0.3451871761108883,-0.04734275581988618,0.12559193875680777
8,0.6429927114971392,71.11816605656648,16,-0.3518200926820581,-0.04356791559294581,0.13732143654088616
8,0.6429927114971392,71.11816605656648,17,-0.34528780161355266,-0.04247793776178661,0.1341295957787098
8,0.6429927114971392,71.11816605656648,18,-0.33876847055293347,-0.04139012243703437,0.11689493220994347
8,0.6429927114971392,71.11816605656648,19,-0.3352875629748764,-0.039623400554747897,0.10291121117157445
8,0.6429927114971392,71.11816605656648,20,-0.33176130753517086,-0.03856817016795855,0.10302582675332488
8,0.6429927114971392,71.11816605656648,21,-0.3292595774146887,-0.03692687061849247,0.10024843498093075
8,0.6429927114971392,71.11816605656648,22,-0.3275282343230034,-0.03586022524941196,0.09986825962512345
8,0.6429927114971392,71.11816605656648,23,-0.3275292671102891,-0.03590232968868856,0.09993239022015672
8,0.6429927114971392,71.11816605656648,24,-0.3275642007132273,-0.03592332325762251,0.09996219785070444
8,0.6429927114971392,71.11816605656648,25,-0.32755341294437174,-0.035933595207610615,0.09997660705775524
8,0.6429927114971392,71.11816605656648,26,-0.32754668600079306,-0.03593857965023765,0.09998367077116853
8,0.6429927114971392,71.11816605656648,27,-0.3275435411917344,-0.03594093128424048,0.0999870030748755
8,0.6429927114971392,71.11816605656648,28,-0.3275431707890644,-0.03594153337500373,0.09998785908459495
8,0.6429927114971392,71.11816605656648,29,-0.3275433462568531,-0.0359417179217776,0.09998812047009331
8,0.6429927114971392,71.11816605656648,30,-0.3275434319188402,-0.03594180368551647,0.09998824185052438
9,0.6440767051967445,68.83315829191905,1,0.319651468905275,0.302648572034017,0.6622920768112774
9,0.6440767051967445,68.83315829191905,2,0.27865562006532696,0.22873742541504333,0.7862845606819643
9,0.6440767051967445,68.83315829191905,3,0.23472362505432795,0.1603762271250062,0.8714912453625316
9,0.6440767051967445,68.83315829191905,4,0.1923941802647275,0.11045660504508599,0.8496217434103984
9,0.6440767051967445,68.83315829191905,5,0.15304398956566434,0.06365698972750862,0.7977454796590919
9,0.6440767051967445,68.83315829191905,6,0.1138850766728446,0.017084863212195024,0.7320901453107125
9,0.6440767051967445,68.83315829191905,7,0.0749317383172998,-0.029242771241132566,0.6527507728873068
9,0.6440767051967445,68.83315829191905,8,0.03619928400143922,-0.07530770587259471,0.5598352754831765
9,0.6440767051967445,68.83315829191905,9,-0.0022964220502276786,-0.12109107318520695,0.45346450530430166
9,0.6440767051967445,68.83315829191905,10,-0.04053928883335473,-0.16657373597022654,0.3337720465187352
9,0.6440767051967445,68.83315829191905,11,-0.0942170493704056,-0.16329971080206854,0.2481269963629042
9,0.6440767051967445,68.83315829191905,12,-0.16012156473908548,-0.12137790545312044,0.18664428238325817
9,0.6440767051967445,68.83315829191905,13,-0.2232886139826299,-0.09163356993571332,0.16189872564468563
9,0.6440767051967445,68.83315829191905,14,-0.2849938688484699,-0.06798284408159509,0.14839629909824617
9,0.6440767051967445,68.83315829191905,15,-0.3454906882654262,-0.04522693546788427,0.12585625941991718
9,0.6440767051967445,68.83315829191905,16,-0.35403215717934444,-0.03568396198944723,0.1396368190437303
9,0.6440767051967445,68.83315829191905,17,-0.35049058191155597,-0.02807563642650252,0.137008354116374
9,0.6440767051967445,68.83315829191905,18,-0.34561103661644216,-0.020705290578432702,0.12058813373756386
9,0.6440767051967445,68.83315829191905,19,-0.3339184869975844,-0.015595755895249513,0.10874408211376498
9,0.6440767051967445,68.83315829191905,20,-0.32560855674903194,-0.011192749527109299,0.10049014297832412
9,0.6440767051967445,68.83315829191905,21,-0.32109828312563576,-0.009191369595811124,0.09983802554099998
9,0.6440767051967445,68.83315829191905,22,-0.31964409163728463,-0.008762784853257452,0.09991834569110497
9,0.6440767051967445,68.83315829191905,23,-0.31958164395890737,-0.008770602371376817,0.09995614980037336
9,0.6440767051967445,68.83315829191905,24,-0.31959654118301406,-0.00879042715059204,0.09997402686484425
9,0.6440767051967445,68.83315829191905,25,-0.31960150460378844,-0.008799577090491945,0.09998248558020209
9,0.6440767051967445,68.83315829191905,26,-0.3196038333227303,-0.00880385391977355,0.09998647457433424
9,0.6440767051967445,68.83315829191905,27,-0.31960425281385524,-0.008804598702816979,0.09998696080511897
9,0.6440767051967445,68.83315829191905,28,-0.31960431653185367,-0.008804697859420122,0.09998691633336769
9,0.6440767051967445,68.83315829191905,29,-0.31960436985198803,-0.008804775875798648,0.0999868954406291
9,0.6440767051967445,68.83315829191905,30,-0.3196044182925599,-0.008804843963389876,0.09998688562468994
10,0.6440767051967445,68.63303677229669,1,0.319651468905275,0.302648572034017,0.6622920768112774
10,0.6440767051967445,68.63303677229669,2,0.27865562006532696,0.22873742541504333,0.7862845606819643
10,0.6440767051967445,68.63303677229669,3,0.23472362505432795,0.1603762271250062,0.8714912453625316
10,0.6440767051967445,68.63303677229669,4,0.1923941802647275,0.11045660504508599,0.8496217434103984
10,0.6440767051967445,68.63303677229669,5,0.15304398956566434,0.06365698972750862,0.7977454796590919
10,0.6440767051967445,68.63303677229669,6,0.1138850766728446,0.017084863212195024,0.7320901453107125
10,0.6440767051967445,68.63303677229669,7,0.0749317383172998,-0.029242771241132566,0.6527507728873068
10,0.6440767051967445,68.63303677229669,8,0.03619928400143922,-0.07530770587259471,0.5598352754831765
10,0.6440767051967445,68.63303677229669,9,-0.0022964220502276786,-0.12109107318520695,0.45346450530430166
10,0.6440767051967445,68.63303677229669,10,-0.04053928883335473,-0.16657373597022654,0.3337720465187352
10,0.6440767051967445,68.63303677229669,11,-0.09421617638199743,-0.16329981971412913,0.2481263237392307
10,0.6440767051967445,68.63303677229669,12,-0.16011912784302954,-0.12137820899103129,0.18664240327402942
10,0.6440767051967445,68.63303677229669,13,-0.22328434295480207,-0.09163854496762153,0.16190572899525316
10,0.6440767051967445,68.63303677229669,14,-0.2849876441120664,-0.06799470105653312,0.14841717756898015
10,0.6440767051967445,68.63303677229669,15,-0.3454827170327341,-0.0452449075798218,0.12588852123445646
10,0.6440767051967445,68.63303677229669,16,-0.35402695777162907,-0.03570546304296816,0.13964703895621838
10,0.6440767051967445,68.63303677229669,17,-0.35048747976414046,-0.02810096927335562,0.1369966219894497
10,0.6440767051967445,68.63303677229669,18,-0.3456095351310556,-0.02073421389509734,0.12055487269067883
10,0.6440767051967445,68.63303677229669,19,-0.333918921038616,-0.015626887083475084,0.10871644944347461
10,0.6440767051967445,68.63303677229669,20,-0.3251514150763944,-0.011589397611709398,0.1005375143333173
10,0.6440767051967445,68.63303677229669,21,-0.3196064650714672,-0.0096310852044893,0.10033117815285199
10,0.6440767051967445,68.63303677229669,22,-0.31660816494192645,-0.008737007586655408,0.09993399606569482
10,0.6440767051967445,68.63303677229669,23,-0.3162344416557704,-0.008694913742160425,0.09991852975697842
10,0.6440767051967445,68.63303677229669,24,-0.31627755035681493,-0.008664748979728555,0.099956204667201
10,0.6440767051967445,68.63303677229669,25,-0.3162969299804279,-0.008656641464074227,0.09997408008165924
10,0.6440767051967445,68.63303677229669,26,-0.31630597773842034,-0.008652858044255881,0.09998251003196475
10,0.6440767051967445,68.63303677229669,27,-0.31631020000834936,-0.008651102845140141,0.0999864858470402
10,0.6440767051967445,68.63303677229669,28,-0.31631063235941453,-0.008651004610143826,0.09998694636556764
10,0.6440767051967445,68.63303677229669,29,-0.3163106471744196,-0.00865096950600747,0.0999868658563475
10,0.6440767051967445,68.63303677229669,30,-0.31631062238165447,-0.008650950058796236,0.09998682806398854
11,0.6432754310811231,65.02094103361567,1,0.31971954709390843,0.30265642709842017,0.6623078061637052
11,0.6432754310811231,65.02094103361567,2,0.2787912343462349,0.2287530501486958,0.7863159406098097
11,0.6432754310811231,65.02094103361567,3,0.234927475820617,0.16040025553301282,0.8715383891950175
11,0.6432754310811231,65.02094103361567,4,0.19266524947017785,0.11049598186363069,0.8496771722284707
11,0.6432754310811231,65.02094103361567,5,0.15338047310559527,0.0637124842772099,0.7978103362352872
11,0.6432754310811231,65.02094103361567,6,0.11428658494611686,0.01715631184595589,0.7321642782084421
11,0.6432754310811231,65.02094103361567,7,0.07539786482156778,-0.029155529850719213,0.6528340139428718
11,0.6432754310811231,65.02094103361567,8,0.03672960307378026,-0.07520483183375529,0.5599274429592997
11,0.6432754310811231,65.02094103361567,9,-0.0017023568127260715,-0.12097272639692166,0.45356540633829706
11,0.6432754310811231,65.02094103361567,10,-0.03988194556987472,-0.1664400769526177,0.3338814790560283
11,0.6432754310811231,65.02094103361567,11,-0.0934498155433455,-0.16326418044347146,0.2481355456887419
11,0.6432754310811231,65.02094103361567,12,-0.15920763290413634,-0.12153028323769026,0.18646519198260567
11,0.6432754310811231,65.02094103361567,13,-0.22232962909503343,-0.09234236072328937,0.1625981843696347
11,0.6432754310811231,65.02094103361567,14,-0.28404112328188097,-0.06942980620623015,0.15050211058594826
11,0.6432754310811231,65.02094103361567,15,-0.3447226791813061,-0.04708661328715703,0.1280314476316522
11,0.6432754310811231,65.02094103361567,16,-0.35389253944651466,-0.032245100972166346,0.13742585337763638
11,0.6432754310811231,65.02094103361567,17,-0.3507641020221137,-0.019959267096621516,0.1310034343274001
11,0.6432754310811231,65.02094103361567,18,-0.34871630660344555,-0.007618268725394751,0.1148738638662982
11,0.6432754310811231,65.02094103361567,19,-0.3497339703390267,0.004874532447155767,0.1002499781245326
11,0.6432754310811231,65.02094103361567,20,-0.34743227481142,0.015507316132134824,0.10454814851434678
11,0.6432754310811231,65.02094103361567,21,-0.34511467920833805,0.02502763690878751,0.10092509743607093
11,0.6432754310811231,65.02094103361567,22,-0.3435666376866253,0.03194592174532911,0.10087007136039172
11,0.6432754310811231,65.02094103361567,23,-0.34263323065987705,0.036559474506812815,0.09938913372756951
11,0.6432754310811231,65.02094103361567,24,-0.34264691843796286,0.037710585577679784,0.0997414079901885
11,0.6432754310811231,65.02094103361567,25,-0.342564282294837,0.037624767933031114,0.0998727619017005
11,0.6432754310811231,65.02094103361567,26,-0.3425256411330046,0.03758455564907511,0.09993472179000903
11,0.6432754310811231,65.02094103361567,27,-0.3425075873419429,0.037565759108656664,0.09996396072025186
11,0.6432754310811231,65.02094103361567,28,-0.3424991543888285,0.037556973769175696,0.0999777615507622
11,0.6432754310811231,65.02094103361567,29,-0.34249521596739874,0.03755286805653065,0.09998427621771956
11,0.6432754310811231,65.02094103361567,30,-0.3424932478125032,0.03755100274375772,0.09998712253782487
12,0.6440767051967445,68.64149110925202,1,0.319651468905275,0.302648572034017,0.6622920768112774
12,0.6440767051967445,68.64149110925202,2,0.27865562006532696,0.22873742541504333,0.7862845606819643
12,0.6440767051967445,68.64149110925202,3,0.23472362505432795,0.1603762271250062,0.8714912453625316
12,0.6440767051967445,68.64149110925202,4,0.1923941802647275,0.11045660504508599,0.8496217434103984
12,0.6440767051967445,68.64149110925202,5,0.15304398956566434,0.06365698972750862,0.7977454796590919
12,0.6440767051967445,68.64149110925202,6,0.1138850766728446,0.017084863212195024,0.7320901453107125
12,0.6440767051967445,68.64149110925202,7,0.0749317383172998,-0.029242771241132566,0.6527507728873068
12,0.6440767051967445,68.64149110925202,8,0.03619928400143922,-0.07530770587259471,0.5598352754831765
12,0.6440767051967445,68.64149110925202,9,-0.0022964220502276786,-0.12109107318520695,0.45346450530430166
12,0.6440767051967445,68.64149110925202,10,-0.04053928883335473,-0.16657373597022654,0.3337720465187352
12,0.6440767051967445,68.64149110925202,11,-0.09421020555747739,-0.16330138548835585,0.24812411189376066
12,0.6440767051967445,68.64149110925202,12,-0.16010246704591058,-0.12138257326076793,0.1866362157906633
12,0.6440767051967445,68.64149110925202,13,-0.2232545092305976,-0.09165998791341867,0.16192298434806643
12,0.6440767051967445,68.64149110925202,14,-0.28494347472319653,-0.06804026658153423,0.14847144690874134
12,0.6440767051967445,68.64149110925202,15,-0.34542422810524287,-0.04531252675731891,0.12597502087684614
12,0.6440767051967445,68.64149110925202,16,-0.35397654090045494,-0.035799059804687776,0.13965645905029758
12,0.6440767051967445,68.64149110925202,17,-0.3504438741119871,-0.028220364434948773,0.13692863962590393
12,0.6440767051967445,68.64149110925202,18,-0.3455746564530133,-0.02087820508816658,0.1204100380923835
12,0.6440767051967445,68.64149110925202,19,-0.33392250581796673,-0.015771043977814217,0.10860578448647663
12,0.6440767051967445,68.64149110925202,20,-0.3251842866691828,-0.011708575303108862,0.10049631565373501
12,0.6440767051967445,68.64149110925202,21,-0.3196575566395775,-0.00975620681820909,0.10030988338877242
12,0.6440767051967445,68.64149110925202,22,-0.316691095346788,-0.008860624645387349,0.09993295244974648
12,0.6440767051967445,68.64149110925202,23,-0.3163325883862093,-0.008817456406429338,0.09992531617413233
12,0.6440767051967445,68.64149110925202,24,-0.3163691881227852,-0.008796102910252774,0.09995933234371471
12,0.6440767051967445,68.64149110925202,25,-0.3163870123122989,-0.008788605402411116,0.09997555524686506
12,0.6440767051967445,68.64149110925202,26,-0.31639533433326783,-0.008785108028339535,0.0999832058795003
12,0.6440767051967445,68.64149110925202,27,-0.31639921823965095,-0.00878348705378479,0.0999868141038126
12,0.6440767051967445,68.64149110925202,28,-0.31639934940959835,-0.008783504033014953,0.09998694563326258
12,0.6440767051967445,68.64149110925202,29,-0.3163993645303257,-0.008783468831865484,0.09998686587317236
12,0.6440767051967445,68.64149110925202,30,-0.31639934040739176,-0.008783449166429614,0.0999868284320493
13,0.6440767051967445,68.64224027305063,1,0.319651468905275,0.302648572034017,0.6622920768112774
13,0.6440767051967445,68.64224027305063,2,0.27865562006532696,0.22873742541504333,0.7862845606819643
13,0.6440767051967445,68.64224027305063,3,0.23472362505432795,0.1603762271250062,0.8714912453625316
13,0.6440767051967445,68.64224027305063,4,0.1923941802647275,0.11045660504508599,0.8496217434103984
13,0.6440767051967445,68.64224027305063,5,0.15304398956566434,0.06365698972750862,0.7977454796590919
13,0.6440767051967445,68.64224027305063,6,0.1138850766728446,0.017084863212195024,0.7320901453107125
13,0.6440767051967445,68.64224027305063,7,0.0749317383172998,-0.029242771241132566,0.6527507728873068
13,0.6440767051967445,68.64224027305063,8,0.03619928400143922,-0.07530770587259471,0.5598352754831765
13,0.6440767051967445,68.64224027305063,9,-0.0022964220502276786,-0.12109107318520695,0.45346450530430166
13,0.6440767051967445,68.64224027305063,10,-0.04053928883335473,-0.16657373597022654,0.3337720465187352
13,0.6440767051967445,68.64224027305063,11,-0.09420823794955585,-0.16330177084553854,0.24812344815904327
13,0.6440767051967445,68.64224027305063,12,-0.16009697662361033,-0.12138364672570741,0.18663435877875142
13,0.6440767051967445,68.64224027305063,13,-0.22324472031555062,-0.09166684770477061,0.16192972097924535
13,0.6440767051967445,68.64224027305063,14,-0.2849290256175408,-0.06805542829400915,0.14849162097285482
13,0.6440767051967445,68.64224027305063,15,-0.3454051377291331,-0.045335253015160615,0.1260068747688793
13,0.6440767051967445,68.64224027305063,16,-0.35396042466075817,-0.035830994557071325,0.13966066735542762
13,0.6440767051967445,68.64224027305063,17,-0.3504301530685351,-0.028261539363781982,0.1369051241061752
13,0.6440767051967445,68.64224027305063,18,-0.34556381851284346,-0.0209282061373994,0.12035904605406506
13,0.6440767051967445,68.64224027305063,19,-0.3339226551178609,-0.0158168254551153,0.10856801668973748
13,0.6440767051967445,68.64224027305063,20,-0.32519242157409645,-0.011736680979634952,0.10048554787922755
13,0.6440767051967445,68.64224027305063,21,-0.31967293791792256,-0.009780039644099153,0.10030422177644839
13,0.6440767051967445,68.64224027305063,22,-0.31671801313015696,-0.008881186790563064,0.09992871748905133
13,0.6440767051967445,68.64224027305063,23,-0.3163664711701463,-0.008836638307284749,0.0999257440968237
13,0.6440767051967445,68.64224027305063,24,-0.31640211928467565,-0.008817630633902448,0.09995956553499266
13,0.6440767051967445,68.64224027305063,25,-0.31641960095346805,-0.008810302363125582,0.09997566522741674
13,0.6440767051967445,68.64224027305063,26,-0.3164277606945926,-0.008806885280264975,0.09998325763552166
13,0.6440767051967445,68.64224027305063,27,-0.3164315690426787,-0.008805301978670878,0.09998683846403589
13,0.6440767051967445,68.64224027305063,28,-0.3164316444547027,-0.008805348979484007,0.09998693643109474
13,0.6440767051967445,68.64224027305063,29,-0.31643165530850076,-0.008805315480047851,0.09998686169702165
13,0.6440767051967445,68.64224027305063,30,-0.3164316293958103,-0.00880529654248255,0.09998682661595708
14,0.6440767051967445,68.64328554040985,1,0.319651468905275,0.302648572034017,0.6622920768112774
14,0.6440767051967445,68.64328554040985,2,0.27865562006532696,0.22873742541504333,0.7862845606819643
14,0.6440767051967445,68.64328554040985,3,0.23472362505432795,0.1603762271250062,0.8714912453625316
14,0.6440767051967445,68.64328554040985,4,0.1923941802647275,0.11045660504508599,0.8496217434103984
14,0.6440767051967445,68.64328554040985,5,0.15304398956566434,0.06365698972750862,0.7977454796590919
14,0.6440767051967445,68.64328554040985,6,0.1138850766728446,0.017084863212195024,0.7320901453107125
14,0.6440767051967445,68.64328554040985,7,0.0749317383172998,-0.029242771241132566,0.6527507728873068
14,0.6440767051967445,68.64328554040985,8,0.03619928400143922,-0.07530770587259471,0.5598352754831765
14,0.6440767051967445,68.64328554040985,9,-0.0022964220502276786,-0.12109107318520695,0.45346450530430166
14,0.6440767051967445,68.64328554040985,10,-0.04053928883335473,-0.16657373597022654,0.3337720465187352
14,0.6440767051967445,68.64328554040985,11,-0.09420737088982704,-0.16330203632612605,0.248123031064741
14,0.6440767051967445,68.64328554040985,12,-0.16009455706384335,-0.12138438698850086,0.18663319257903488
14,0.6440767051967445,68.64328554040985,13,-0.22324098714156979,-0.09167071853505734,0.16193447190908616
14,0.6440767051967445,68.64328554040985,14,-0.2849241064739975,-0.06806374050673245,0.14850558832544727
14,0.6440767051967445,68.64328554040985,15,-0.3453990904341691,-0.04534757144372929,0.12602883674496032
14,0.6440767051967445,68.64328554040985,16,-0.3539542168960136,-0.03585015575398142,0.13966581745807835
14,0.6440767051967445,68.64328554040985,17,-0.35042211908004967,-0.028288038673937962,0.1368933816836672
14,0.6440767051967445,68.64328554040985,18,-0.3455544313553713,-0.020961847010919438,0.12033045368927815
14,0.6440767051967445,68.64328554040985,19,-0.3339178920460921,-0.015849349921759202,0.10854193544012394
14,0.6440767051967445,68.64328554040985,20,-0.32518990401768516,-0.011762156875098436,0.10047334591019008
14,0.6440767051967445,68.64328554040985,21,-0.31967078597495074,-0.009807220083945916,0.10030111149737606
14,0.6440767051967445,68.64328554040985,22,-0.31671866098243384,-0.008908367032137876,0.09992654998278662
14,0.6440767051967445,68.64328554040985,23,-0.31637108448324147,-0.008867473216195795,0.09992577272468241
14,0.6440767051967445,68.64328554040985,24,-0.3164059160438132,-0.008850525531513522,0.0999595720067625
14,0.6440767051967445,68.64328554040985,25,-0.3164232837043078,-0.008843244507165114,0.0999756678904722
14,0.6440767051967445,68.64328554040985,26,-0.316431392903955,-0.00883984865427383,0.09998325884250593
14,0.6440767051967445,68.64328554040985,27,-0.31643517788338316,-0.008838275362972164,0.09998683901138997
14,0.6440767051967445,68.64328554040985,28,-0.31643523818621416,-0.008838330000593503,0.09998693202582991
14,0.6440767051967445,68.64328554040985,29,-0.31643524725125866,-0.008838297228469821,0.09998685983710856
14,0.6440767051967445,68.64328554040985,30,-0.3164352208056736,-0.008838278530352031,0.09998682595101883
15,0.6440767051967445,68.64304085988954,1,0.319651468905275,0.302648572034017,0.6622920768112774
15,0.6440767051967445,68.64304085988954,2,0.27865562006532696,0.22873742541504333,0.7862845606819643
15,0.6440767051967445,68.64304085988954,3,0.23472362505432795,0.1603762271250062,0.8714912453625316
15,0.6440767051967445,68.64304085988954,4,0.1923941802647275,0.11045660504508599,0.8496217434103984
15,0.6440767051967445,68.64304085988954,5,0.15304398956566434,0.06365698972750862,0.7977454796590919
15,0.6440767051967445,68.64304085988954,6,0.1138850766728446,0.017084863212195024,0.7320901453107125
15,0.6440767051967445,68.64304085988954,7,0.0749317383172998,-0.029242771241132566,0.6527507728873068
15,0.6440767051967445,68.64304085988954,8,0.03619928400143922,-0.07530770587259471,0.5598352754831765
15,0.6440767051967445,68.64304085988954,9,-0.0022964220502276786,-0.12109107318520695,0.45346450530430166
15,0.6440767051967445,68.64304085988954,10,-0.04053928883335473,-0.16657373597022654,0.3337720465187352
15,0.6440767051967445,68.64304085988954,11,-0.09420646275149668,-0.16330224170325291,0.24812268574341256
15,0.6440767051967445,68.64304085988954,12,-0.16009202295113925,-0.12138495930894393,0.1866322266710516
15,0.6440767051967445,68.64304085988954,13,-0.22323607663047618,-0.09167405024371277,0.16193678763500868
15,0.6440767051967445,68.64304085988954,14,-0.2849164594543894,-0.06807101168853577,0.1485131170655872
15,0.6440767051967445,68.64304085988954,15,-0.3453887274959139,-0.04535843500530432,0.12604072969411967
15,0.6440767051967445,68.64304085988954,16,-0.3539464945466066,-0.03586269185034597,0.13966706111112714
15,0.6440767051967445,68.64304085988954,17,-0.3504177698406168,-0.028301941589521953,0.13688399135312346
15,0.6440767051967445,68.64304085988954,18,-0.34555337929290786,-0.020976933860053972,0.12031063476042073
15,0.6440767051967445,68.64304085988954,19,-0.3339212959216495,-0.01586132736978518,0.10853129912127919
15,0.6440767051967445,68.64304085988954,20,-0.32519712947923696,-0.011764350290407835,0.10047428477869004
15,0.6440767051967445,68.64304085988954,21,-0.3196831617270221,-0.009804032324187325,0.10029920766730441
15,0.6440767051967445,68.64304085988954,22,-0.31673792979916315,-0.008902195156527352,0.09992491459961463
15,0.6440767051967445,68.64304085988954,23,-0.3163940996449848,-0.008860870163671774,0.09992601819590653
15,0.6440767051967445,68.64304085988954,24,-0.31642888252669005,-0.008844469699027408,0.09995971071320292
15,0.6440767051967445,68.64304085988954,25,-0.31644607094895427,-0.008837302989779153,0.09997573340999603
15,0.6440767051967445,68.64304085988954,26,-0.3164540939989157,-0.008833961642229049,0.09998328967221697
15,0.6440767051967445,68.64304085988954,27,-0.3164578387162045,-0.00883241386809353,0.09998685352048133
15,0.6440767051967445,68.64304085988954,28,-0.31645786826271044,-0.008832488955543635,0.09998692756332309
15,0.6440767051967445,68.64304085988954,29,-0.31645787497429334,-0.008832457108128779,0.0999868576556677
15,0.6440767051967445,68.64304085988954,30,-0.31645784729726956,-0.008832438886126687,0.0999868248407906
16,0.6440767051967445,68.642938112941,1,0.319651468905275,0.302648572034017,0.6622920768112774
16,0.6440767051967445,68.642938112941,2,0.27865562006532696,0.22873742541504333,0.7862845606819643
16,0.6440767051967445,68.642938112941,3,0.23472362505432795,0.1603762271250062,0.8714912453625316
16,0.6440767051967445,68.642938112941,4,0.1923941802647275,0.11045660504508599,0.8496217434103984
16,0.6440767051967445,68.642938112941,5,0.15304398956566434,0.06365698972750862,0.7977454796590919
16,0.6440767051967445,68.642938112941,6,0.1138850766728446,0.017084863212195024,0.7320901453107125
16,0.6440767051967445,68.642938112941,7,0.0749317383172998,-0.029242771241132566,0.6527507728873068
16,0.6440767051967445,68.642938112941,8,0.03619928400143922,-0.07530770587259471,0.5598352754831765
16,0.6440767051967445,68.642938112941,9,-0.0022964220502276786,-0.12109107318520695,0.45346450530430166
16,0.6440767051967445,68.642938112941,10,-0.04053928883335473,-0.16657373597022654,0.3337720465187352
16,0.6440767051967445,68.642938112941,11,-0.0942055343013662,-0.16330256078576147,0.24812219227427262
16,0.6440767051967445,68.642938112941,12,-0.1600894320350764,-0.12138584920680927,0.18663084712744743
16,0.6440767051967445,68.642938112941,13,-0.2232317997567599,-0.09167868263772533,0.16194190671815614
16,0.6440767051967445,68.642938112941,14,-0.2849104963925744,-0.068080951831354,0.14852838959378944
16,0.6440767051967445,68.642938112941,15,-0.34538117720788186,-0.04537314890233481,0.12606457586206432
16,0.6440767051967445,68.642938112941,16,-0.3539401082737457,-0.03588251406570986,0.13967323900218506
16,0.6440767051967445,68.642938112941,17,-0.3504115490741786,-0.028327179731499216,0.13687248153375536
16,0.6440767051967445,68.642938112941,18,-0.3455474400142544,-0.021007376709507197,0.12028161511662473
16,0.6440767051967445,68.642938112941,19,-0.333918928291317,-0.015889259308664496,0.10850792075312068
16,0.6440767051967445,68.642938112941,20,-0.3251964052428148,-0.011782653948519538,0.10046573602626602
16,0.6440767051967445,68.642938112941,21,-0.31968379060415203,-0.009820987816693359,0.10029659714865373
16,0.6440767051967445,68.642938112941,22,-0.3167425099902782,-0.008917661316970549,0.09992290396272487
16,0.6440767051967445,68.642938112941,23,-0.31640186245218904,-0.00887599159027608,0.09992613561865801
16,0.6440767051967445,68.642938112941,24,-0.3164362002399621,-0.008860628741188181,0.09995977859167537
16,0.6440767051967445,68.642938112941,25,-0.3164532859781009,-0.008853523530509711,0.09997576532131867
16,0.6440767051967445,68.642938112941,26,-0.3164612613222655,-0.008850211042026554,0.09998330468001158
16,0.6440767051967445,68.642938112941,27,-0.31646497558553505,-0.008848686670343895,0.09998686147099631
16,0.6440767051967445,68.642938112941,28,-0.31646499027437897,-0.00884875955498652,0.09998692467453142
16,0.6440767051967445,68.642938112941,29,-0.3164649958684066,-0.008848728166231263,0.09998685646636157
16,0.6440767051967445,68.642938112941,30,-0.3164649679129562,-0.008848710077805839,0.09998682444951343
17,0.6440767051967445,68.64434666247192,1,0.319651468905275,0.302648572034017,0.6622920768112774
17,0.6440767051967445,68.64434666247192,2,0.27865562006532696,0.22873742541504333,0.7862845606819643
17,0.6440767051967445,68.64434666247192,3,0.23472362505432795,0.1603762271250062,0.8714912453625316
17,0.6440767051967445,68.64434666247192,4,0.1923941802647275,0.11045660504508599,0.8496217434103984
17,0.6440767051967445,68.64434666247192,5,0.15304398956566434,0.06365698972750862,0.7977454796590919
17,0.6440767051967445,68.64434666247192,6,0.1138850766728446,0.017084863212195024,0.7320901453107125
17,0.6440767051967445,68.64434666247192,7,0.0749317383172998,-0.029242771241132566,0.6527507728873068
17,0.6440767051967445,68.64434666247192,8,0.03619928400143922,-0.07530770587259471,0.5598352754831765
17,0.6440767051967445,68.64434666247192,9,-0.0022964220502276786,-0.12109107318520695,0.45346450530430166
17,0.6440767051967445,68.64434666247192,10,-0.04053928883335473,-0.16657373597022654,0.3337720465187352
17,0.6440767051967445,68.64434666247192,11,-0.09420471769712241,-0.16330269273518758,0.24812186909868772
17,0.6440767051967445,68.64434666247192,12,-0.1600871532315056,-0.1213862166706803,0.18662994331670668
17,0.6440767051967445,68.64434666247192,13,-0.22322797441755612,-0.0916814525960434,0.16194518543674952
17,0.6440767051967445,68.64434666247192,14,-0.28490509157430965,-0.06808719381617173,0.14853820828446268
17,0.6440767051967445,68.64434666247192,15,-0.34537420248305767,-0.045382547367999536,0.12608016752485837
17,0.6440767051967445,68.64434666247192,16,-0.3539333810402028,-0.03589749047586834,0.13967570139978552
17,0.6440767051967445,68.64434666247192,17,-0.35040408688466407,-0.02834797906519053,0.1368617388680801
17,0.6440767051967445,68.64434666247192,18,-0.34553970142628904,-0.02103382149735575,0.12025769097087619
17,0.6440767051967445,68.64434666247192,19,-0.3339112335976076,-0.015916700476277353,0.10846600076991736
17,0.6440767051967445,68.64434666247192,20,-0.32519744412086243,-0.011805792657378958,0.10045759236875793
17,0.6440767051967445,68.64434666247192,21,-0.3196864462270339,-0.009847981989945607,0.10029286347083567
17,0.6440767051967445,68.64434666247192,22,-0.3167503403434787,-0.008946092457229578,0.09992016837801786
17,0.6440767051967445,68.64434666247192,23,-0.3164138743584963,-0.00890530261571684,0.09992643497138294
17,0.6440767051967445,68.64434666247192,24,-0.3164479796958543,-0.008891041781693705,0.09995999575174332
17,0.6440767051967445,68.64434666247192,25,-0.31646472668318154,-0.008884133887351462,0.09997586741501488
17,0.6440767051967445,68.64434666247192,26,-0.3164725443740957,-0.008880913944243058,0.0999833526951939
17,0.6440767051967445,68.64434666247192,27,-0.3164759459124058,-0.008879586956681666,0.09998687885754776
17,0.6440767051967445,68.64434666247192,28,-0.3164761464464805,-0.008879540220293393,0.0999869131341414
17,0.6440767051967445,68.64434666247192,29,-0.31647614696306,-0.008879510879247085,0.09998685137647964
17,0.6440767051967445,68.64434666247192,30,-0.3164761170986452,-0.008879493594260417,0.0999868223842071
18,0.6440767051967445,68.64763393328317,1,0.319651468905275,0.302648572034017,0.6622920768112774
18,0.6440767051967445,68.64763393328317,2,0.27865562006532696,0.22873742541504333,0.7862845606819643
18,0.6440767051967445,68.64763393328317,3,0.23472362505432795,0.1603762271250062,0.8714912453625316
18,0.6440767051967445,68.64763393328317,4,0.1923941802647275,0.11045660504508599,0.8496217434103984
18,0.6440767051967445,68.64763393328317,5,0.15304398956566434,0.06365698972750862,0.7977454796590919
18,0.6440767051967445,68.64763393328317,6,0.1138850766728446,0.017084863212195024,0.7320901453107125
18,0.6440767051967445,68.64763393328317,7,0.0749317383172998,-0.029242771241132566,0.6527507728873068
18,0.6440767051967445,68.64763393328317,8,0.03619928400143922,-0.07530770587259471,0.5598352754831765
18,0.6440767051967445,68.64763393328317,9,-0.0022964220502276786,-0.12109107318520695,0.45346450530430166
18,0.6440767051967445,68.64763393328317,10,-0.04053928883335473,-0.16657373597022654,0.3337720465187352
18,0.6440767051967445,68.64763393328317,11,-0.0942037985425801,-0.163302899348011,0.24812154130205374
18,0.6440767051967445,68.64763393328317,12,-0.1600845884225048,-0.1213867923992562,0.18662902628996958
18,0.6440767051967445,68.64763393328317,13,-0.22322286250990467,-0.09168451412552034,0.16194664239257808
18,0.6440767051967445,68.64763393328317,14,-0.2848969975974115,-0.06809378485707035,0.14854350599853144
18,0.6440767051967445,68.64763393328317,15,-0.34536312114234646,-0.0453923807441494,0.12608869264921627
18,0.6440767051967445,68.64763393328317,16,-0.35392504799749763,-0.03590842369591213,0.13967547996825153
18,0.6440767051967445,68.64763393328317,17,-0.3503995633771135,-0.028359572726977686,0.1368527773274302
18,0.6440767051967445,68.64763393328317,18,-0.34553896255827504,-0.021045900540951606,0.12024016682175587
18,0.6440767051967445,68.64763393328317,19,-0.3339146541391093,-0.015926097515127968,0.10845425262606825
18,0.6440767051967445,68.64763393328317,20,-0.3252064647878113,-0.01180608801793291,0.10046059656313858
18,0.6440767051967445,68.64763393328317,21,-0.3197014701282019,-0.009843017948627386,0.100290816381752
18,0.6440767051967445,68.64763393328317,22,-0.3167731003321814,-0.008938630824620823,0.09991839896135624
18,0.6440767051967445,68.64763393328317,23,-0.31647342416805574,-0.008864162043837592,0.09995616033811026
18,0.6440767051967445,68.64763393328317,24,-0.31651613144614216,-0.008889143222901397,0.09997392809123674
18,0.6440767051967445,68.64763393328317,25,-0.3165209525153284,-0.008893048995254721,0.09998227710060294
18,0.6440767051967445,68.64763393328317,26,-0.31652249384835196,-0.008896304412136968,0.09998603852231178
18,0.6440767051967445,68.64763393328317,27,-0.3165231556103766,-0.008898067186318075,0.09998781457294889
18,0.6440767051967445,68.64763393328317,28,-0.31652348898655874,-0.00889879324133266,0.09998865627753795
18,0.6440767051967445,68.64763393328317,29,-0.3165236207710128,-0.00889924853665074,0.09998905155121916
18,0.6440767051967445,68.64763393328317,30,-0.3165237057564594,-0.008899356565698232,0.09998924226864093
19,0.6421450480186329,71.21076792225709,1,0.3198155856016209,0.30266750557645283,0.6623299968150718
19,0.6421450480186329,71.21076792225709,2,0.27898254678635415,0.2287750868280657,0.7863602105029421
19,0.6421450480186329,71.21076792225709,3,0.23521505218608849,0.16043414301103695,0.8716049062096242
19,0.6421450480186329,71.21076792225709,4,0.1930476226100767,0.11055153028336999,0.8497554242797619
19,0.6421450480186329,71.21076792225709,5,0.15385509013535684,0.06379078008934234,0.7979019502930647
19,0.6421450480186329,71.21076792225709,6,0.11485289686566784,0.01725712427928484,0.7322690404400015
19,0.6421450480186329,71.21076792225709,7,0.07605529875247595,-0.02903242832029395,0.652951686882507
19,0.6421450480186329,71.21076792225709,8,0.03747755907678753,-0.07505966703442069,0.5600577699501638
19,0.6421450480186329,71.21076792225709,9,-0.000864507960732801,-0.12080572388391406,0.4537081149810602
19,0.6421450480186329,71.21076792225709,10,-0.038954863776635415,-0.16625146317769218,0.33403628393323836
19,0.6421450480186329,71.21076792225709,11,-0.09238499655343627,-0.1632109895197776,0.24815997245860172
19,0.6421450480186329,71.21076792225709,12,-0.15796679865879357,-0.12173680961423916,0.18624628647439706
19,0.6421450480186329,71.21076792225709,13,-0.22105426340103035,-0.09325323879349767,0.16345411387420888
19,0.6421450480186329,71.21076792225709,14,-0.2828023078066403,-0.0712643624217602,0.15308549619281278
19,0.6421450480186329,71.21076792225709,15,-0.3442909508295667,-0.04936786055336761,0.12872450419750886
19,0.6421450480186329,71.21076792225709,16,-0.3509399593190421,-0.04559571067065551,0.13888333440581252
19,0.6421450480186329,71.21076792225709,17,-0.34433138653593287,-0.04452599414724018,0.1340570716605592
19,0.6421450480186329,71.21076792225709,18,-0.33773625247252936,-0.04345845292263662,0.11519185939128065
19,0.6421450480186329,71.21076792225709,19,-0.33418987435764363,-0.04215527930878575,0.10357857333840974
19,0.6421450480186329,71.21076792225709,20,-0.33041618940006695,-0.04175230485748203,0.10224360463684773
19,0.6421450480186329,71.21076792225709,21,-0.3283568956757309,-0.04046680455014943,0.1001098354177039
19,0.6421450480186329,71.21076792225709,22,-0.327625550226709,-0.04021218419683548,0.09988163210026547
19,0.6421450480186329,71.21076792225709,23,-0.32774527197198416,-0.040256681472608066,0.09993883595897504
19,0.6421450480186329,71.21076792225709,24,-0.3277634310296765,-0.04027847528731306,0.09996585806863328
19,0.6421450480186329,71.21076792225709,25,-0.3277721750254025,-0.040288712546076064,0.09997859262045587
19,0.6421450480186329,71.21076792225709,26,-0.327776302579198,-0.04029352150535677,0.09998460237424751
19,0.6421450480186329,71.21076792225709,27,-0.3277782057802033,-0.040295145332396254,0.0999872476590333
19,0.6421450480186329,71.21076792225709,28,-0.32777907486175434,-0.04029442552915643,0.0999883725950651
19,0.6421450480186329,71.21076792225709,29,-0.3277794689156244,-0.040294104856518465,0.09998891898134862
19,0.6421450480186329,71.21076792225709,30,-0.32777968126885415,-0.040293838613438854,0.099989175019629
20,0.6440767051967445,68.7003724430078,1,0.319651468905275,0.302648572034017,0.6622920768112774
20,0.6440767051967445,68.7003724430078,2,0.27865562006532696,0.22873742541504333,0.7862845606819643
20,0.6440767051967445,68.7003724430078,3,0.23472362505432795,0.1603762271250062,0.8714912453625316
20,0.6440767051967445,68.7003724430078,4,0.1923941802647275,0.11045660504508599,0.8496217434103984
20,0.6440767051967445,68.7003724430078,5,0.15304398956566434,0.06365698972750862,0.7977454796590919
20,0.6440767051967445,68.7003724430078,6,0.1138850766728446,0.017084863212195024,0.7320901453107125
20,0.6440767051967445,68.7003724430078,7,0.0749317383172998,-0.029242771241132566,0.6527507728873068
20,0.6440767051967445,68.7003724430078,8,0.03619928400143922,-0.07530770587259471,0.5598352754831765
20,0.6440767051967445,68.7003724430078,9,-0.0022964220502276786,-0.12109107318520695,0.45346450530430166
20,0.6440767051967445,68.7003724430078,10,-0.04053928883335473,-0.16657373597022654,0.3337720465187352
20,0.6440767051967445,68.7003724430078,11,-0.09418506370207158,-0.1633074866136093,0.24811344295286886
20,0.6440767051967445,68.7003724430078,12,-0.16003230827009435,-0.12139957867078416,0.18660637994730728
20,0.6440767051967445,68.7003724430078,13,-0.2231307564284205,-0.09175962215517493,0.1620211333305672
20,0.6440767051967445,68.7003724430078,14,-0.2847621783828283,-0.06825792142258275,0.14877041106346842
20,0.6440767051967445,68.7003724430078,15,-0.34518646939715186,-0.04563720832755265,0.12644589329586378
20,0.6440767051967445,68.7003724430078,16,-0.35377702443929415,-0.03624040642145077,0.13974306689703614
20,0.6440767051967445,68.7003724430078,17,-0.35027169297476457,-0.028780303159884443,0.13663016132796835
20,0.6440767051967445,68.7003724430078,18,-0.3454350018142047,-0.021551384614602584,0.11973005697630722
20,0.6440767051967445,68.7003724430078,19,-0.33393445930143684,-0.016536676284018576,0.10802174643473048
20,0.6440767051967445,68.7003724430078,20,-0.3252935603019998,-0.012557634664179404,0.1001642430644226
20,0.6440767051967445,68.7003724430078,21,-0.31975644625989125,-0.010791165892371378,0.10019684564424979
20,0.6440767051967445,68.7003724430078,22,-0.31681387405746864,-0.009945148974989512,0.09986641261080627
20,0.6440767051967445,68.7003724430078,23,-0.3165185038561284,-0.00984472199570898,0.09993139809030437
20,0.6440767051967445,68.7003724430078,24,-0.3165409771257106,-0.009848381258513667,0.09996232326549744
20,0.6440767051967445,68.7003724430078,25,-0.3165514816414827,-0.009850076224082668,0.09997692596481163
20,0.6440767051967445,68.7003724430078,26,-0.3165564377191786,-0.009850879982252463,0.09998381795689079
20,0.6440767051967445,68.7003724430078,27,-0.31655805375051066,-0.009852644851043363,0.0999867598324518
20,0.6440767051967445,68.7003724430078,28,-0.3165585865258258,-0.009854054795884302,0.09998815617471431
20,0.6440767051967445,68.7003724430078,29,-0.3165588593256596,-0.009854613877662146,0.09998881890301599
20,0.6440767051967445,68.7003724430078,30,-0.316558994527662,-0.009854844824160942,0.09998912932347798
