particle,elasticity,weight,frame,x,y,z
1,0.46753546848254784,72.39329481617237,1,0.33117316581543516,0.08616485575417515,0.6899108520676508
1,0.46753546848254784,72.39329481617237,2,0.25780013714719335,0.13223619754969812,0.5942005063745428
1,0.46753546848254784,72.39329481617237,3,0.18492730696896598,0.1779934618699235,0.48512370359989904
1,0.46753546848254784,72.39329481617237,4,0.1125803066648427,0.22342055462307778,0.3628175718482409
1,0.46753546848254784,72.39329481617237,5,0.04078521531662549,0.2685011006054489,0.22743068836751199
1,0.46753546848254784,72.39329481617237,6,-0.03304243488053409,0.3166441642637407,0.09633937935401111
1,0.46753546848254784,72.39329481617237,7,-0.10646041761903585,0.35343778823086314,0.13207510475118772
1,0.46753546848254784,72.39329481617237,8,-0.17071133134062835,0.3624434487788944,0.16272837256121353
1,0.46753546848254784,72.39329481617237,9,-0.18589438530223945,0.36292366139845905,0.18617442982189325
1,0.46753546848254784,72.39329481617237,10,-0.1824681744444444,0.36450494584452053,0.19212991915640948
1,0.46753546848254784,72.39329481617237,11,-0.17407534908512795,0.3659691855264127,0.18312467936400356
1,0.46753546848254784,72.39329481617237,12,-0.1663292034357103,0.36193516003505055,0.16131297276956766
1,0.46753546848254784,72.39329481617237,13,-0.1586037644831257,0.3579119181445458,0.12551501724709568
1,0.46753546848254784,72.39329481617237,14,-0.1503754919769974,0.357783737778954,0.10115527658681946
1,0.46753546848254784,72.39329481617237,15,-0.14035660704443292,0.35866615488969533,0.10412021332033951
1,0.46753546848254784,72.39329481617237,16,-0.1318599889999034,0.35986096468909473,0.0993293171523329
1,0.46753546848254784,72.39329481617237,17,-0.127454467315211,0.3598044313435716,0.09891049626395619
1,0.46753546848254784,72.39329481617237,18,-0.12614081955783735,0.36022206614306107,0.09949157487188805
1,0.46753546848254784,72.39329481617237,19,-0.12641250089221756,0.36023272088210767,0.09975499188248997
1,0.46753546848254784,72.39329481617237,20,-0.12659897927695427,0.3602856145765806,0.09987906898288396
1,0.46753546848254784,72.39329481617237,21,-0.1265817092953219,0.36022388989381177,0.09993766911646026
1,0.46753546848254784,72.39329481617237,22,-0.12657635921524196,0.3601967480023974,0.09996535560443727
1,0.46753546848254784,72.39329481617237,23,-0.1265738639209035,0.36018405879834686,0.09997842355047402
1,0.46753546848254784,72.39329481617237,24,-0.12657270011582789,0.3601781266238812,0.099984592299132
1,0.46753546848254784,72.39329481617237,25,-0.12657235410501763,0.360175501558657,0.09998748756035335
1,0.46753546848254784,72.39329481617237,26,-0.12657357214491025,0.36017554819861886,0.09998881317561127
1,0.46753546848254784,72.39329481617237,27,-0.12657407686711863,0.3601754858515086,0.09998943906803993
1,0.46753546848254784,72.39329481617237,28,-0.1265741903142434,0.36017554734134927,0.09998948463512845
1,0.46753546848254784,72.39329481617237,29,-0.12657418913861287,0.3601755402067866,0.09998947796682202
1,0.46753546848254784,72.39329481617237,30,-0.12657418883500973,0.360175537051032,0.09998947482094518
2,0.42131783912634485,70.58984795273325,1,0.33450835637083365,0.08681475728352123,0.6893756529641111
2,0.42131783912634485,70.58984795273325,2,0.26859894784198407,0.13434530711250758,0.5924594435379497
2,0.42131783912634485,70.58984795273325,3,0.20313240213825617,0.181556486550427,0.48217492611420393
2,0.42131783912634485,70.58984795273325,4,0.13813271708153713,0.2284309895753555,0.35865998274768657
2,0.42131783912634485,70.58984795273325,5,0.07362417238399464,0.27495130688027924,0.22206411344747468
2,0.42131783912634485,70.58984795273325,6,0.00558384668161384,0.32512695262740715,0.10122521277443185
2,0.42131783912634485,70.58984795273325,7,-0.06000505039365202,0.36158492517679575,0.13519928820570484
2,0.42131783912634485,70.58984795273325,8,-0.11978376646049509,0.3721472244969008,0.15479849925032743
2,0.42131783912634485,70.58984795273325,9,-0.16746815511552038,0.37362386363983646,0.16236160028568863
2,0.42131783912634485,70.58984795273325,10,-0.18424553884144587,0.3694762697264345,0.1623059281128393
2,0.42131783912634485,70.58984795273325,11,-0.1829969766586334,0.3638941323593541,0.15182522492597955
2,0.42131783912634485,70.58984795273325,12,-0.17271728158031677,0.35545913262253603,0.12992533108971843
2,0.42131783912634485,70.58984795273325,13,-0.1624633204152881,0.34395120622723735,0.11555251200449451
2,0.42131783912634485,70.58984795273325,14,-0.15374600736160957,0.3317871178932918,0.0969437330533768
2,0.42131783912634485,70.58984795273325,15,-0.14968102395699487,0.3252006431231879,0.09874879199849797
2,0.42131783912634485,70.58984795273325,16,-0.14689373942178105,0.32082459491335263,0.09868331022561383
2,0.42131783912634485,70.58984795273325,17,-0.14570933695384417,0.3187202954829111,0.09937318391134575
2,0.42131783912634485,70.58984795273325,18,-0.14572048467902915,0.31860890783576207,0.09964420137921265
2,0.42131783912634485,70.58984795273325,19,-0.14576230384780592,0.3185871639910724,0.09982673577443939
2,0.42131783912634485,70.58984795273325,20,-0.1457693647027892,0.318556068202425,0.09991291908871926
2,0.42131783912634485,70.58984795273325,21,-0.14577271501175187,0.31854137671292226,0.09995360787534366
2,0.42131783912634485,70.58984795273325,22,-0.14577429677095882,0.31853444143928233,0.09997281866948168
2,0.42131783912634485,70.58984795273325,23,-0.14577505135515925,0.31853116573281676,0.09998188914376696
2,0.42131783912634485,70.58984795273325,24,-0.14577543097639656,0.31852961206362207,0.09998617209342292
2,0.42131783912634485,70.58984795273325,25,-0.1457756503432541,0.3185288655489985,0.09998819479620896
2,0.42131783912634485,70.58984795273325,26,-0.14577572829829968,0.31852852461886644,0.09998914947153537
2,0.42131783912634485,70.58984795273325,27,-0.1457757912978887,0.31852835592105944,0.09998960052277003
2,0.42131783912634485,70.58984795273325,28,-0.14577577003754966,0.31852830020385725,0.0999898118861976
2,0.42131783912634485,70.58984795273325,29,-0.14577567955204762,0.31852831329325487,0.09998990705995049
2,0.42131783912634485,70.58984795273325,30,-0.14577565899304926,0.31852829915574565,0.09998993923696506
3,0.4518470762078345,70.3271817033544,1,0.3323053741350437,0.08638567392870883,0.6897293691281073
3,0.4518470762078345,70.3271817033544,2,0.2614658158730036,0.13295284901950205,0.5936100180285915
3,0.4518470762078345,70.3271817033544,3,0.19110670442782696,0.17920419702735477,0.48412342460581853
3,0.4518470762078345,70.3271817033544,4,0.12125315139236288,0.225123210566144,0.36140695990327254
3,0.4518470762078345,70.3271817033544,5,0.05193065669194396,0.2706931269750501,0.22560950546294117
3,0.4518470762078345,70.3271817033544,6,-0.019918439431353158,0.318308700147459,0.09865171794936892
3,0.4518470762078345,70.3271817033544,7,-0.08998676968710805,0.35501441937610934,0.13534699429944566
3,0.4518470762078345,70.3271817033544,8,-0.15352778874024375,0.3643642894783269,0.1561819669266312
3,0.4518470762078345,70.3271817033544,9,-0.18174397119737262,0.36476427797694694,0.16863395578389218
3,0.4518470762078345,70.3271817033544,10,-0.18433214161988823,0.36431132205720396,0.1677796799731712
3,0.4518470762078345,70.3271817033544,11,-0.1752081759478958,0.3658722022069047,0.15216633782654712
3,0.4518470762078345,70.3271817033544,12,-0.16610657035912643,0.3674292571109498,0.12254526126557774
3,0.4518470762078345,70.3271817033544,13,-0.15955793056091888,0.3651450358296794,0.09700506926100172
3,0.4518470762078345,70.3271817033544,14,-0.15566607286244988,0.36572711356191084,0.10188069375339585
3,0.4518470762078345,70.3271817033544,15,-0.15330143583497735,0.36696781846503024,0.10024389553480575
3,0.4518470762078345,70.3271817033544,16,-0.1524645373190133,0.3669649311703261,0.09917390950084402
3,0.4518470762078345,70.3271817033544,17,-0.1521835841807488,0.36713750285520125,0.09960522631279707
3,0.4518470762078345,70.3271817033544,18,-0.1520543840090479,0.36721612221346406,0.09980846401667763
3,0.4518470762078345,70.3271817033544,19,-0.15199349915379673,0.3672532296059258,0.09990433565566151
3,0.4518470762078345,70.3271817033544,20,-0.15196482275477755,0.36727074077994304,0.09994957361403835
3,0.4518470762078345,70.3271817033544,21,-0.1519511434968442,0.36727900612836734,0.09997092948643083
3,0.4518470762078345,70.3271817033544,22,-0.1519445294365962,0.3672829055829139,0.09998101583396088
3,0.4518470762078345,70.3271817033544,23,-0.15194145486724622,0.3672847277332953,0.09998577734511994
3,0.4518470762078345,70.3271817033544,24,-0.15194012238475005,0.3672855663969326,0.0999880229942963
3,0.4518470762078345,70.3271817033544,25,-0.15193980740801855,0.3672862050707725,0.09998897918123976
3,0.4518470762078345,70.3271817033544,26,-0.15193992360748407,0.3672862106533134,0.09998893372392717
3,0.4518470762078345,70.3271817033544,27,-0.15194004714275913,0.3672861746910558,0.09998891984753298
3,0.4518470762078345,70.3271817033544,28,-0.15194017861595158,0.3672861371463496,0.09998891334600325
3,0.4518470762078345,70.3271817033544,29,-0.15194031351205964,0.3672860993361608,0.09998891028027918
3,0.4518470762078345,70.3271817033544,30,-0.15194045002220335,0.3672860614007992,0.09998890883467977
4,0.45614055067166687,70.67781172417433,1,0.3319955295398983,0.0863252636462799,0.6897790551345866
4,0.45614055067166687,70.67781172417433,2,0.26046262769511014,0.13275679462926965,0.593771670356284
4,0.45614055067166687,70.67781172417433,3,0.18941554777118963,0.17887298183353315,0.48439724254725103
4,0.45614055067166687,70.67781172417433,4,0.1188795471960809,0.22465743083052234,0.3617930748909569
4,0.45614055067166687,70.67781172417433,5,0.04888028767188597,0.27009348478002104,0.22610796469327304
4,0.45614055067166687,70.67781172417433,6,-0.02361732650763863,0.3175724258645319,0.09922030533118492
4,0.45614055067166687,70.67781172417433,7,-0.09411780564131349,0.35416448805223283,0.13578114983252504
4,0.45614055067166687,70.67781172417433,8,-0.15811881715018528,0.36354036260787503,0.15649253058304366
4,0.45614055067166687,70.67781172417433,9,-0.1836586125579627,0.36263956389411084,0.1686711997699527
4,0.45614055067166687,70.67781172417433,10,-0.18591204894461416,0.3616715464036064,0.16683698791989018
4,0.45614055067166687,70.67781172417433,11,-0.1785929613965263,0.36248154733569127,0.1506805721776215
4,0.45614055067166687,70.67781172417433,12,-0.1712917531910744,0.3632895695670016,0.1205176192225645
4,0.45614055067166687,70.67781172417433,13,-0.1657207449901466,0.3635138210385776,0.09832946617751695
4,0.45614055067166687,70.67781172417433,14,-0.16216124752831046,0.36466191739995935,0.10228869859486629
4,0.45614055067166687,70.67781172417433,15,-0.15994218360306572,0.3665383728130588,0.09919325030244575
4,0.45614055067166687,70.67781172417433,16,-0.159396093151525,0.36644092202247525,0.09942068762985799
4,0.45614055067166687,70.67781172417433,17,-0.15923370414126264,0.3666010549526382,0.09972144554138986
4,0.45614055067166687,70.67781172417433,18,-0.1591615224740196,0.3666713792410457,0.0998632490134136
4,0.45614055067166687,70.67781172417433,19,-0.15912736525027307,0.366704602664827,0.09993016730331776
4,0.45614055067166687,70.67781172417433,20,-0.1591112310784784,0.3667202868486733,0.09996175359656426
4,0.45614055067166687,70.67781172417433,21,-0.1591036220247277,0.3667276887588519,0.09997666542408831
4,0.45614055067166687,70.67781172417433,22,-0.15910006746874397,0.36673117819660284,0.09998370522598635
4,0.45614055067166687,70.67781172417433,23,-0.1590983710876005,0.3667328269709904,0.09998702890413326
4,0.45614055067166687,70.67781172417433,24,-0.15909749561687198,0.36673361115437036,0.09998860014110915
4,0.45614055067166687,70.67781172417433,25,-0.15909724724859603,0.36673396535467995,0.09998933917195917
4,0.45614055067166687,70.67781172417433,26,-0.15909704435195388,0.36673414080095224,0.09998968852078201
4,0.45614055067166687,70.67781172417433,27,-0.15909690724997222,0.36673427868336894,0.09998984863219744
4,0.45614055067166687,70.67781172417433,28,-0.1590969939446815,0.3667342807316681,0.0999899211818266
4,0.45614055067166687,70.67781172417433,29,-0.15909703186187985,0.3667342771981911,0.0999899579405683
4,0.45614055067166687,70.67781172417433,30,-0.1590970504240521,0.36673427537650233,0.09998997636622331
5,0.46732463391201656,71.76986395261606,1,0.33118838204744383,0.08616782473495639,0.6899084144182853
5,0.46732463391201656,71.76986395261606,2,0.25784940015329094,0.13224583340920562,0.5941925743515661
5,0.46732463391201656,71.76986395261606,3,0.1850103492652956,0.17800974138770884,0.48511026561878307
5,0.46732463391201656,71.76986395261606,4,0.11269685402178993,0.22344344901545526,0.3627986194966252
5,0.46732463391201656,71.76986395261606,5,0.04093498594090451,0.26853057586818013,0.22740621725744023
5,0.46732463391201656,71.76986395261606,6,-0.03286000717050038,0.31668028473538573,0.09631038680953695
5,0.46732463391201656,71.76986395261606,7,-0.1062571184689097,0.35348032940850854,0.13205282753725406
5,0.46732463391201656,71.76986395261606,8,-0.17047124446626358,0.36248474831254324,0.16271155749725694
5,0.46732463391201656,71.76986395261606,9,-0.18773634803151856,0.3629922522066638,0.1859707678194659
5,0.46732463391201656,71.76986395261606,10,-0.18325552799742828,0.3646528635471537,0.19068482067718634
5,0.46732463391201656,71.76986395261606,11,-0.17383840873917983,0.3666637022657552,0.18019575275378327
5,0.46732463391201656,71.76986395261606,12,-0.1644427519459578,0.3686699581013657,0.1556834304425935
5,0.46732463391201656,71.76986395261606,13,-0.15570400765235953,0.36890807446334434,0.1205434917654572
5,0.46732463391201656,71.76986395261606,14,-0.15188153654866482,0.36928471139697167,0.10139514483624648
5,0.46732463391201656,71.76986395261606,15,-0.1491674053872546,0.36774952204401834,0.10501565712472326
5,0.46732463391201656,71.76986395261606,16,-0.14768845962002064,0.365698039722499,0.10092766936904353
5,0.46732463391201656,71.76986395261606,17,-0.14756313275817295,0.36518531684455047,0.09984849163312613
5,0.46732463391201656,71.76986395261606,18,-0.14728083937375583,0.3649858835600449,0.09992363728157735
5,0.46732463391201656,71.76986395261606,19,-0.14723395397291153,0.36494053577580415,0.09995868773573559
5,0.46732463391201656,71.76986395261606,20,-0.1472276100532129,0.3649278885309978,0.09997521810723914
5,0.46732463391201656,71.76986395261606,21,-0.1472246159712843,0.36492191810365743,0.09998302232827999
5,0.46732463391201656,71.76986395261606,22,-0.14722320306890846,0.36491909976072545,0.09998670699803613
5,0.46732463391201656,71.76986395261606,23,-0.14722253656953074,0.36491776946260956,0.09998844671227117
5,0.46732463391201656,71.76986395261606,24,-0.1472222152187814,0.3649171435288151,0.09998926824678696
5,0.46732463391201656,71.76986395261606,25,-0.14722207917858887,0.3649168228729443,0.09998965487146372
5,0.46732463391201656,71.76986395261606,26,-0.14722201770655247,0.36491664722983747,0.09998983701976098
5,0.46732463391201656,71.76986395261606,27,-0.14722199752651946,0.36491656928286736,0.09998989464422282
5,0.46732463391201656,71.76986395261606,28,-0.14722197740281584,0.36491657132907085,0.09998988089767016
5,0.46732463391201656,71.76986395261606,29,-0.14722197001642504,0.3649165732614719,0.09998987325503804
5,0.46732463391201656,71.76986395261606,30,-0.14722196671379825,0.3649165742964603,0.09998986968179438
6,0.4619235408531763,71.03291550767027,1,0.3315781810057335,0.08624386988624944,0.6898459556095832
6,0.4619235408531763,71.03291550767027,2,0.2591114010754758,0.13249263678616804,0.5939893418985416
6,0.4619235408531763,71.03291550767027,3,0.1871377189574926,0.17842670547815342,0.48476597225934764
6,0.4619235408531763,71.03291550767027,4,0.11568258424766477,0.22402983386577566,0.36231306010121445
6,0.4619235408531763,71.03291550767027,5,0.04477187265350248,0.2692855079054115,0.22677929040406924
6,0.4619235408531763,71.03291550767027,6,-0.028598691511060842,0.3165807434750384,0.09998571853118136
6,0.4619235408531763,71.03291550767027,7,-0.09967882430929308,0.3530218886646859,0.13636439549269053
6,0.4619235408531763,71.03291550767027,8,-0.16429645280390753,0.3624337300044602,0.15690877255221972
6,0.4619235408531763,71.03291550767027,9,-0.18386992953882073,0.3606374895163996,0.1689982440419187
6,0.4619235408531763,71.03291550767027,10,-0.1833757788206699,0.36009430735388426,0.16583252863500195
6,0.4619235408531763,71.03291550767027,11,-0.17568946775144295,0.3609110608639068,0.14831040336750645
6,0.4619235408531763,71.03291550767027,12,-0.16802236345730745,0.3617257734467757,0.11678641066051977
6,0.4619235408531763,71.03291550767027,13,-0.16399994530268053,0.3617108203488914,0.10183730533700913
6,0.4619235408531763,71.03291550767027,14,-0.16210204718938429,0.3598251309655926,0.10417542217321552
6,0.4619235408531763,71.03291550767027,15,-0.1613267776401132,0.3576056500970561,0.10031134386211797
6,0.4619235408531763,71.03291550767027,16,-0.16126342213147074,0.35615116851308376,0.09993657019252548
6,0.4619235408531763,71.03291550767027,17,-0.16128639153162685,0.35618594363165074,0.0999647741046214
6,0.4619235408531763,71.03291550767027,18,-0.16129029507019144,0.3561986717879446,0.09997809021982164
6,0.4619235408531763,71.03291550767027,19,-0.16129213787376134,0.3562046820526128,0.09998437688832627
6,0.4619235408531763,71.03291550767027,20,-0.16129300727458534,0.3562075195911851,0.09998734505040281
6,0.4619235408531763,71.03291550767027,21,-0.16129342120885143,0.3562088611475162,0.0999887465305494
6,0.4619235408531763,71.03291550767027,22,-0.16129362569454814,0.3562094988419226,0.09998940840698012
6,0.4619235408531763,71.03291550767027,23,-0.16129372140042628,0.3562098003758802,0.09998972084117667
6,0.4619235408531763,71.03291550767027,24,-0.16129376136490853,0.35620993960796327,0.09998986825846906
6,0.4619235408531763,71.03291550767027,25,-0.1612937811796338,0.35621000566101485,0.09998993790563203
6,0.4619235408531763,71.03291550767027,26,-0.16129379694638393,0.35621004061157935,0.09998997093201742
6,0.4619235408531763,71.03291550767027,27,-0.1612937978664147,0.35621005274468026,0.0999899851908453
6,0.4619235408531763,71.03291550767027,28,-0.16129379437106706,0.35621005471247585,0.0999899899706048
6,0.4619235408531763,71.03291550767027,29,-0.16129379267024263,0.35621005515423826,0.09998999164786491
6,0.4619235408531763,71.03291550767027,30,-0.16129379097284902,0.3562100557269466,0.09998999348746199
7,0.5386456972586846,70.51979841705592,1,0.3260407042489593,0.08516140742455505,0.69073096330326
7,0.5386456972586846,70.51979841705592,2,0.2411862980646244,0.12897922051742639,0.5968700887145476
7,0.5386456972586846,70.51979841705592,3,0.156925668238764,0.17249041451219133,0.4896481557148777
7,0.5386456972586846,70.51979841705592,4,0.07328634232918291,0.21568077450314205,0.369201377619545
7,0.5386456972586846,70.51979841705592,5,-0.009703400322388207,0.25853569737223125,0.23567708670521698
7,0.5386456972586846,70.51979841705592,6,-0.09451859039605415,0.3044367992671731,0.10610062554419857
7,0.5386456972586846,70.51979841705592,7,-0.1691335751382706,0.33892961296423724,0.13936902621191516
7,0.5386456972586846,70.51979841705592,8,-0.18832086619883565,0.35909826701369196,0.16800154669044165
7,0.5386456972586846,70.51979841705592,9,-0.18383024672143625,0.3575425646573703,0.17490301423179277
7,0.5386456972586846,70.51979841705592,10,-0.17934762818561784,0.3559896340976198,0.16774073184462504
7,0.5386456972586846,70.51979841705592,11,-0.17487430787630767,0.3544399247577837,0.1465449569427928
7,0.5386456972586846,70.51979841705592,12,-0.16956713547948646,0.35473320297733085,0.11945301813098669
7,0.5386456972586846,70.51979841705592,13,-0.16455184026535533,0.35723298463891556,0.09774953677449853
7,0.5386456972586846,70.51979841705592,14,-0.16408467796035306,0.3575110467022101,0.10330584424511373
7,0.5386456972586846,70.51979841705592,15,-0.16496050155446382,0.3581309276636703,0.10141774504987855
7,0.5386456972586846,70.51979841705592,16,-0.16467984857583806,0.3585004431818526,0.09978078306811151
7,0.5386456972586846,70.51979841705592,17,-0.16483420479913186,0.3583179440994014,0.09989143262145034
7,0.5386456972586846,70.51979841705592,18,-0.16500490846096033,0.3581358549332605,0.09994371174285059
7,0.5386456972586846,70.51979841705592,19,-0.16499368673779294,0.3581822962564895,0.09996815346709488
7,0.5386456972586846,70.51979841705592,20,-0.1649941410385811,0.358195814040862,0.0999796872803505
7,0.5386456972586846,70.51979841705592,21,-0.16499445084945494,0.35820211320457923,0.09998513076875781
7,0.5386456972586846,70.51979841705592,22,-0.16499470294989835,0.3582048376107277,0.09998761226323435
7,0.5386456972586846,70.51979841705592,23,-0.16499554629949395,0.3582048210850249,0.09998858829580995
7,0.5386456972586846,70.51979841705592,24,-0.16499600778693133,0.35820473649712814,0.09998905705397465
7,0.5386456972586846,70.51979841705592,25,-0.16499622442508421,0.3582046972266357,0.09998927747678231
7,0.5386456972586846,70.51979841705592,26,-0.16499632627103644,0.3582046787764282,0.09998938111616136
7,0.5386456972586846,70.51979841705592,27,-0.16499637415043283,0.358204670105503,0.09998942984563937
7,0.5386456972586846,70.51979841705592,28,-0.1649963966557906,0.35820466603241835,0.09998945275742069
7,0.5386456972586846,70.51979841705592,29,-0.16499640723069944,0.35820466412115565,0.09998946353015752
7,0.5386456972586846,70.51979841705592,30,-0.16499641219610933,0.3582046632263451,0.09998946859531897
8,0.4504656077565613,71.40163591422417,1,0.3324050682599669,0.08640510808971075,0.6897133790782829
8,0.4504656077565613,71.40163591422417,2,0.261788600746491,0.13301591971728421,0.5935579964289011
8,0.4504656077565613,71.40163591422417,3,0.19165085536035115,0.17931074801002223,0.4840353098662969
8,0.4504656077565613,71.40163591422417,4,0.12201689619903376,0.22527304926405942,0.3612827124851578
8,0.4504656077565613,71.40163591422417,5,0.052912170612795385,0.2708860268073023,0.225449113081385
8,0.4504656077565613,71.40163591422417,6,-0.018728183908603712,0.31854560490803596,0.09846871218610297
8,0.4504656077565613,71.40163591422417,7,-0.08865714769720018,0.3552881673517226,0.1352070989415199
8,0.4504656077565613,71.40163591422417,8,-0.15198688232937302,0.3639969086788297,0.1558768721219435
8,0.4504656077565613,71.40163591422417,9,-0.18359265179657908,0.36749438745370494,0.16789249739214715
8,0.4504656077565613,71.40163591422417,10,-0.18757638075800087,0.36855268391105145,0.16746229168009916
8,0.4504656077565613,71.40163591422417,11,-0.1765619272686787,0.3691002316168154,0.1536213164773831
8,0.4504656077565613,71.40163591422417,12,-0.16558279482741614,0.36954673480284345,0.12579096903031112
8,0.4504656077565613,71.40163591422417,13,-0.15838305311681478,0.3658505876796137,0.10556316702788471
8,0.4504656077565613,71.40163591422417,14,-0.15079758965114073,0.36387566726117365,0.10334904068066797
8,0.4504656077565613,71.40163591422417,15,-0.14474001994734748,0.36143529934062396,0.09911511722537764
8,0.4504656077565613,71.40163591422417,16,-0.14045170298766488,0.35994386511806925,0.0995946906751011
8,0.4504656077565613,71.40163591422417,17,-0.1390521513838605,0.3594838205480391,0.09964979435855877
8,0.4504656077565613,71.40163591422417,18,-0.13902762597124058,0.3596252815875229,0.09982946436132821
8,0.4504656077565613,71.40163591422417,19,-0.13904245941338625,0.3597128191225208,0.0999142133867873
8,0.4504656077565613,71.40163591422417,20,-0.13901292248659525,0.3597256563770686,0.0999542215824149
8,0.4504656077565613,71.40163591422417,21,-0.1389932667511416,0.359728899000185,0.09997310861721707
8,0.4504656077565613,71.40163591422417,22,-0.13898435686802826,0.3597302610369524,0.0999820247712969
8,0.4504656077565613,71.40163591422417,23,-0.13898022506281574,0.3597309017581263,0.09998623435984189
8,0.4504656077565613,71.40163591422417,24,-0.13897831330660804,0.3597312512361564,0.09998822190965936
8,0.4504656077565613,71.40163591422417,25,-0.13897766808907291,0.3597311655692891,0.09998909815028435
8,0.4504656077565613,71.40163591422417,26,-0.13897761967051353,0.3597307684004299,0.09998949823441652
8,0.4504656077565613,71.40163591422417,27,-0.13897759694442496,0.3597305809479228,0.09998968694557935
8,0.4504656077565613,71.40163591422417,28,-0.13897758632487076,0.3597304924341427,0.09998977595765596
8,0.4504656077565613,71.40163591422417,29,-0.13897761471863934,0.3597303932581961,0.09998982073070074
8,0.4504656077565613,71.40163591422417,30,-0.1389775874423141,0.35973040822482344,0.09998984887281726
9,0.4251271949047659,70.97523382883094,1,0.33423349385111445,0.0867612627607618,0.6894198288153088
9,0.4251271949047659,70.97523382883094,2,0.2677089112940633,0.13417171533330707,0.59260311663885
9,0.4251271949047659,70.97523382883094,3,0.2016318218385025,0.18126325045234473,0.4824181950053149
9,0.4251271949047659,70.97523382883094,4,0.13602636955620834,0.22801866122493608,0.35900287957112187
9,0.4251271949047659,70.97523382883094,5,0.0709169930118159,0.27442053088024176,0.22250659139622592
9,0.4251271949047659,70.97523382883094,6,0.0023135690254191665,0.32444583272479255,0.1016455565821311
9,0.4251271949047659,70.97523382883094,7,-0.06363506494380111,0.3606559349093537,0.13536058660961747
9,0.4251271949047659,70.97523382883094,8,-0.12372612693186438,0.3710964711094924,0.15488807206842095
9,0.4251271949047659,70.97523382883094,9,-0.17032681819886408,0.3770847187687266,0.16289957217202433
9,0.4251271949047659,70.97523382883094,10,-0.18664067901875614,0.37326366962313895,0.16421919306259078
9,0.4251271949047659,70.97523382883094,11,-0.1829249694706485,0.3701714282099512,0.15457702234862827
9,0.4251271949047659,70.97523382883094,12,-0.1716923875661928,0.3673551604406688,0.13270386510284868
9,0.4251271949047659,70.97523382883094,13,-0.16197360651481288,0.3637441807464934,0.10359593401371338
9,0.4251271949047659,70.97523382883094,14,-0.15343522421424682,0.3608537014425259,0.10180428869464749
9,0.4251271949047659,70.97523382883094,15,-0.14624592402009418,0.3583361290072385,0.10206577836431681
9,0.4251271949047659,70.97523382883094,16,-0.14056716207097603,0.35686960003497054,0.09944758611402364
9,0.4251271949047659,70.97523382883094,17,-0.13717923486817826,0.3564788502592384,0.09857866515739613
9,0.4251271949047659,70.97523382883094,18,-0.13654892672191576,0.3566104837128264,0.09933793158737939
9,0.4251271949047659,70.97523382883094,19,-0.13663676490293797,0.35674354142641296,0.09968220411472589
9,0.4251271949047659,70.97523382883094,20,-0.13665851666695364,0.3567926587652462,0.09984470253577632
9,0.4251271949047659,70.97523382883094,21,-0.13663439589876575,0.35679170610230093,0.0999214593131543
9,0.4251271949047659,70.97523382883094,22,-0.13662311869594113,0.356791265828294,0.09995769713373422
9,0.4251271949047659,70.97523382883094,23,-0.13661784742340652,0.35679106295340474,0.09997480600147668
9,0.4251271949047659,70.97523382883094,24,-0.13661538438094467,0.35679097000016174,0.09998288368747689
9,0.4251271949047659,70.97523382883094,25,-0.13661481589551827,0.356791334722088,0.09998666637403097
9,0.4251271949047659,70.97523382883094,26,-0.13661563276990582,0.35679220612854406,0.09998842545335061
9,0.4251271949047659,70.97523382883094,27,-0.13661611863507428,0.3567926538569316,0.0999892451417192
9,0.4251271949047659,70.97523382883094,28,-0.1366162277818218,0.35679263788214194,0.09998938492419363
9,0.4251271949047659,70.97523382883094,29,-0.13661628378044954,0.3567926276152909,0.09998944242050822
9,0.4251271949047659,70.97523382883094,30,-0.13661631034678023,0.35679262295427067,0.0999894694426231
10,0.46684668462754064,71.22604293781066,1,0.33122287626862934,0.08617455509189482,0.6899028882848446
10,0.46684668462754064,71.22604293781066,2,0.25796107639075155,0.13226767683467935,0.5941745925805875
10,0.46684668462754064,71.22604293781066,3,0.18519860135766777,0.17804664521379202,0.4850798020516822
10,0.46684668462754064,71.22604293781066,4,0.11296106049121483,0.2234953479634799,0.36275565517541214
10,0.46684668462754064,71.22604293781066,5,0.04127450814086521,0.26859739282605655,0.22735074235389346
10,0.46684668462754064,71.22604293781066,6,-0.03283870631371668,0.3157365508966666,0.10063692672582353
10,0.46684668462754064,71.22604293781066,7,-0.10441006216186623,0.35205135568992285,0.13685949504160802
10,0.46684668462754064,71.22604293781066,8,-0.1695498336319127,0.3614945926072572,0.15726115990543163
10,0.46684668462754064,71.22604293781066,9,-0.18592102206720226,0.35920633817918873,0.16955444171897172
10,0.46684668462754064,71.22604293781066,10,-0.18177268182529954,0.3579448092924251,0.16618472705226212
10,0.46684668462754064,71.22604293781066,11,-0.17252463212632246,0.3576248796131468,0.14843268803614676
10,0.46684668462754064,71.22604293781066,12,-0.16320644289369288,0.35731587615191146,0.11670113274750282
10,0.46684668462754064,71.22604293781066,13,-0.158357165842816,0.35655006018972,0.09863629974320184
10,0.46684668462754064,71.22604293781066,14,-0.15383640155061448,0.3550378296885228,0.10382137679695454
10,0.46684668462754064,71.22604293781066,15,-0.15062765715347978,0.3528971329082361,0.1020181069867107
10,0.46684668462754064,71.22604293781066,16,-0.1489997131201571,0.35122305138242715,0.09911483923866618
10,0.46684668462754064,71.22604293781066,17,-0.14836003374200848,0.35102899417985645,0.09957883558377911
10,0.46684668462754064,71.22604293781066,18,-0.14814824343507987,0.35096592671204707,0.09979616440575867
10,0.46684668462754064,71.22604293781066,19,-0.1480755175839829,0.3509487775117856,0.09989858358624101
10,0.46684668462754064,71.22604293781066,20,-0.14804131810423704,0.3509406945861661,0.09994688838847982
10,0.46684668462754064,71.22604293781066,21,-0.14802524765673997,0.35093688970647247,0.09996968148866063
10,0.46684668462754064,71.22604293781066,22,-0.1480177036387784,0.3509351008758556,0.09998044026998595
10,0.46684668462754064,71.22604293781066,23,-0.14801416494717073,0.35093426216773366,0.09998551324135867
10,0.46684668462754064,71.22604293781066,24,-0.148012750481088,0.3509334046688695,0.09998789000622635
10,0.46684668462754064,71.22604293781066,25,-0.14801279247167498,0.3509329290841543,0.09998813003685417
10,0.46684668462754064,71.22604293781066,26,-0.14801278799599601,0.35093292773810514,0.09998816600903251
10,0.46684668462754064,71.22604293781066,27,-0.14801276487549997,0.350932932698502,0.09998818287931535
10,0.46684668462754064,71.22604293781066,28,-0.148012733402561,0.35093294082028004,0.099988190824203
10,0.46684668462754064,71.22604293781066,29,-0.14801269799612643,0.3509329504308886,0.09998819456576363
10,0.46684668462754064,71.22604293781066,30,-0.1480126607372561,0.35093296074265684,0.09998819632780866
11,0.46996498495364863,72.41230773949583,1,0.3309978229524939,0.08613064040579894,0.6899389393937916
11,0.46996498495364863,72.41230773949583,2,0.25723246260730087,0.1321251508498741,0.5942919028326439
11,0.46996498495364863,72.41230773949583,3,0.18397038712797073,0.17780585084266223,0.4852785446812609
11,0.46996498495364863,72.41230773949583,4,0.11123730515896442,0.2231567104141255,0.3630359566754947
11,0.46996498495364863,72.41230773949583,5,0.039059382506336185,0.2681614145427659,0.22771266981957355
11,0.46996498495364863,72.41230773949583,6,-0.03514455634537755,0.3162279006362374,0.09667345091562585
11,0.46996498495364863,72.41230773949583,7,-0.10880269483334086,0.3529477841658609,0.13233170762947677
11,0.46996498495364863,72.41230773949583,8,-0.17317025489225063,0.3619477267365623,0.16294986701126796
11,0.46996498495364863,72.41230773949583,9,-0.18860433610315983,0.3622815258329734,0.18646849912061378
11,0.46996498495364863,72.41230773949583,10,-0.18469387416094446,0.36272374644294864,0.19169220409369594
11,0.46996498495364863,72.41230773949583,11,-0.17672792271958887,0.36321213292425103,0.18184473152645242
11,0.46996498495364863,72.41230773949583,12,-0.1687796913402094,0.363699433001904,0.15797170088756343
11,0.46996498495364863,72.41230773949583,13,-0.160853261609354,0.3641853964369114,0.12012005118659076
11,0.46996498495364863,72.41230773949583,14,-0.15146824853722884,0.36574052681570396,0.1034286083322274
11,0.46996498495364863,72.41230773949583,15,-0.14390671836608868,0.3652153940092837,0.10436664596356314
11,0.46996498495364863,72.41230773949583,16,-0.13725495642973454,0.36500231231788005,0.09999216153451358
11,0.46996498495364863,72.41230773949583,17,-0.13442774869037954,0.36519712421484873,0.09976166637976695
11,0.46996498495364863,72.41230773949583,18,-0.13426282077298166,0.36512078844172813,0.09988230146567137
11,0.46996498495364863,72.41230773949583,19,-0.13433486435917263,0.36502635606601336,0.09993918095007526
11,0.46996498495364863,72.41230773949583,20,-0.1343237716758475,0.36501111708327166,0.09996600731784967
11,0.46996498495364863,72.41230773949583,21,-0.1343109182960158,0.36500889802666114,0.09997868132810867
11,0.46996498495364863,72.41230773949583,22,-0.13430499433779494,0.3650077064918193,0.09998465663862585
11,0.46996498495364863,72.41230773949583,23,-0.1343022004201279,0.3650071428455225,0.09998747763620605
11,0.46996498495364863,72.41230773949583,24,-0.13430090049760457,0.36500685837382235,0.09998880945111377
11,0.46996498495364863,72.41230773949583,25,-0.1343002699228125,0.36500674366644276,0.09998943840098212
11,0.46996498495364863,72.41230773949583,26,-0.13430022774315348,0.36500656460546815,0.09998968378411194
11,0.46996498495364863,72.41230773949583,27,-0.13430024042041558,0.36500645863273923,0.0999897994311594
11,0.46996498495364863,72.41230773949583,28,-0.13430024807540947,0.36500640808159096,0.09998985393286314
11,0.46996498495364863,72.41230773949583,29,-0.13430025303167045,0.365006383280146,0.09998987955266606
11,0.46996498495364863,72.41230773949583,30,-0.1343002695503639,0.36500635611674936,0.09998989110588923
12,0.4813868642692832,70.51166411090209,1,0.33017345481821303,0.08596971497465847,0.6900709243170512
12,0.4813868642692832,70.51166411090209,2,0.25456364147498395,0.13160285380422984,0.5947214151381471
12,0.4813868642692832,70.51166411090209,3,0.1794717243884312,0.17692342432110159,0.48600627009352354
12,0.4813868642692832,70.51166411090209,4,0.10492376371897785,0.22191569831664676,0.36406241456645444
12,0.4813868642692832,70.51166411090209,5,0.03094632222330328,0.2665636442480054,0.22903816544077654
12,0.4813868642692832,70.51166411090209,6,-0.04502591752656399,0.31427005651634793,0.09824354208949981
12,0.4813868642692832,70.51166411090209,7,-0.11980426027970792,0.3506498148244665,0.13353530179165288
12,0.4813868642692832,70.51166411090209,8,-0.17645037665037233,0.359114573948861,0.16512919487089228
12,0.4813868642692832,70.51166411090209,9,-0.1852009042501667,0.35697573693557794,0.1842257568290205
12,0.4813868642692832,70.51166411090209,10,-0.17737579138741827,0.35645754974655686,0.18575305685504678
12,0.4813868642692832,70.51166411090209,11,-0.16712913595296366,0.35618794633376144,0.17271249389366164
12,0.4813868642692832,70.51166411090209,12,-0.1569068449395447,0.35591898398195465,0.14565642700947173
12,0.4813868642692832,70.51166411090209,13,-0.15111021574756864,0.35728439061271755,0.123400755900952
12,0.4813868642692832,70.51166411090209,14,-0.14689873918909582,0.36058871424478534,0.09889718679074802
12,0.4813868642692832,70.51166411090209,15,-0.14712996318364327,0.36167235463895986,0.10133644297451758
12,0.4813868642692832,70.51166411090209,16,-0.14799168255797884,0.3632187787696817,0.09865130186958175
12,0.4813868642692832,70.51166411090209,17,-0.1489700135953988,0.362967722457288,0.09948999107830904
12,0.4813868642692832,70.51166411090209,18,-0.14881381324140672,0.3631640603969785,0.09975424137280658
12,0.4813868642692832,70.51166411090209,19,-0.14875290605510252,0.36323270126904666,0.09987887556114787
12,0.4813868642692832,70.51166411090209,20,-0.1487246042925641,0.3632648358909984,0.09993763465678668
12,0.4813868642692832,70.51166411090209,21,-0.14871158993523284,0.36327985615646596,0.09996533674306853
12,0.4813868642692832,70.51166411090209,22,-0.14870571536473828,0.36328682932150946,0.09997839559365976
12,0.4813868642692832,70.51166411090209,23,-0.14870327192985852,0.3632901076235239,0.09998454419320685
12,0.4813868642692832,70.51166411090209,24,-0.14870434992308146,0.36329195169411715,0.09998701161837027
12,0.4813868642692832,70.51166411090209,25,-0.14870450319510053,0.36329195207254417,0.09998679572605777
12,0.4813868642692832,70.51166411090209,26,-0.14870475123261856,0.36329186431719374,0.09998670318467388
12,0.4813868642692832,70.51166411090209,27,-0.14870504696094303,0.36329176625035997,0.09998665974881493
12,0.4813868642692832,70.51166411090209,28,-0.14870536507575383,0.36329166334330937,0.09998663936086441
12,0.4813868642692832,70.51166411090209,29,-0.14870569369809034,0.36329155816405406,0.0999866297915161
12,0.4813868642692832,70.51166411090209,30,-0.1487060272520205,0.3632914519180192,0.09998662530037712
13,0.4241187244281347,69.89950536159914,1,0.33430626018021214,0.08677542590750141,0.6894081350280541
13,0.4241187244281347,69.89950536159914,2,0.2679445357806831,0.13421767552918276,0.5925650842888553
13,0.4241187244281347,69.89950536159914,3,0.20202907707818613,0.18134088810371432,0.4823537970305548
13,0.4241187244281347,69.89950536159914,4,0.1365839896269009,0.2281278304785673,0.35891210641673427
13,0.4241187244281347,69.89950536159914,5,0.07163367011827877,0.2745610613660678,0.22238945436081828
13,0.4241187244281347,69.89950536159914,6,0.0031722049971759834,0.3246460188881135,0.10159144758337223
13,0.4241187244281347,69.89950536159914,7,-0.06268901521783653,0.3610176726458441,0.13548876929596954
13,0.4241187244281347,69.89950536159914,8,-0.12274758731161481,0.3715856212515359,0.15502632257065682
13,0.4241187244281347,69.89950536159914,9,-0.16789904581791124,0.37809438629405956,0.16267139020904636
13,0.4241187244281347,69.89950536159914,10,-0.1841781802777039,0.37329214518601933,0.16219807198322994
13,0.4241187244281347,69.89950536159914,11,-0.1858253638998295,0.3689410360806338,0.14958453612534864
13,0.4241187244281347,69.89950536159914,12,-0.17584588264250767,0.3645955243471516,0.12580572731618184
13,0.4241187244281347,69.89950536159914,13,-0.16803732016664116,0.36011110953770514,0.09999367991861514
13,0.4241187244281347,69.89950536159914,14,-0.16570500223918766,0.3595025294373986,0.10118268352715235
13,0.4241187244281347,69.89950536159914,15,-0.1642913913331817,0.3600205027447439,0.09913343685174639
13,0.4241187244281347,69.89950536159914,16,-0.1634128087979262,0.3602341621767088,0.09968132655216501
13,0.4241187244281347,69.89950536159914,17,-0.16359677451022803,0.36004474199300424,0.09984455112400184
13,0.4241187244281347,69.89950536159914,18,-0.16363013722239633,0.359996431788698,0.09992140021388776
13,0.4241187244281347,69.89950536159914,19,-0.16364562165263824,0.3599740378565357,0.09995764947424642
13,0.4241187244281347,69.89950536159914,20,-0.16365287587961844,0.3599636390108135,0.09997475507795361
13,0.4241187244281347,69.89950536159914,21,-0.1636562734486661,0.35995875837280705,0.09998282414442232
13,0.4241187244281347,69.89950536159914,22,-0.16365783103145168,0.3599566700306203,0.09998663171450613
13,0.4241187244281347,69.89950536159914,23,-0.1636589103391741,0.3599561314386976,0.09998830549769189
13,0.4241187244281347,69.89950536159914,24,-0.1636589789138748,0.35995644236884805,0.09998833068127083
13,0.4241187244281347,69.89950536159914,25,-0.16365891464341134,0.3599566959633524,0.09998836059934688
13,0.4241187244281347,69.89950536159914,26,-0.16365884427673627,0.3599569947930361,0.09998832298157963
13,0.4241187244281347,69.89950536159914,27,-0.16365880513368578,0.3599570925614597,0.09998834612940552
13,0.4241187244281347,69.89950536159914,28,-0.16365874292459381,0.35995733032418537,0.09998836012007788
13,0.4241187244281347,69.89950536159914,29,-0.16365868532529823,0.359957554060664,0.09998837724119147
13,0.4241187244281347,69.89950536159914,30,-0.16365861636658874,0.3599578405100628,0.09998832715458238
14,0.5127761374799689,71.86669567391704,1,0.32790822344920634,0.08552696348076533,0.6904330261790168
14,0.5127761374799689,71.86669567391704,2,0.24723084989472408,0.1301657921498872,0.5959000458532228
14,0.5127761374799689,71.86669567391704,3,0.16711240612697797,0.1744953647055668,0.488003712315874
14,0.5127761374799689,71.86669567391704,4,0.0875798178538164,0.21850078314100904,0.3668805347076213
14,0.5127761374799689,71.86669567391704,5,0.008660645793233326,0.2621667980980068,0.23267827106868472
14,0.5127761374799689,71.86669567391704,6,-0.07216292724844338,0.30888385085413045,0.10255300377948748
14,0.5127761374799689,71.86669567391704,7,-0.14994325432476868,0.3444020579390039,0.13681643103294122
14,0.5127761374799689,71.86669567391704,8,-0.1798061977432161,0.36008856380280085,0.1671517100437587
14,0.5127761374799689,71.86669567391704,9,-0.18498295057979672,0.35497839854784385,0.17760383959603473
14,0.5127761374799689,71.86669567391704,10,-0.18315040932164087,0.35107533750430714,0.17408822016823916
14,0.5127761374799689,71.86669567391704,11,-0.17873149837375565,0.34729393041290957,0.1574317392726246
14,0.5127761374799689,71.86669567391704,12,-0.1731633205787241,0.34351139246632517,0.12724453572096286
14,0.5127761374799689,71.86669567391704,13,-0.163681426103779,0.33598692841462247,0.1038508138862317
14,0.5127761374799689,71.86669567391704,14,-0.15648802413046903,0.33323639897493557,0.1028868509200992
14,0.5127761374799689,71.86669567391704,15,-0.15128019404111206,0.33215382277612365,0.09995192887721942
14,0.5127761374799689,71.86669567391704,16,-0.14922644773228672,0.3316211707698214,0.09955515969242235
14,0.5127761374799689,71.86669567391704,17,-0.1492434962327154,0.33169947103647945,0.09978473669486096
14,0.5127761374799689,71.86669567391704,18,-0.14928970643260261,0.3317660194176204,0.09989309058775551
14,0.5127761374799689,71.86669567391704,19,-0.14927275012951854,0.3317646870801162,0.09994424452605616
14,0.5127761374799689,71.86669567391704,20,-0.14926474056176436,0.33176405555050126,0.09996839651431544
14,0.5127761374799689,71.86669567391704,21,-0.14926095965503514,0.33176375795302815,0.09997979987956292
14,0.5127761374799689,71.86669567391704,22,-0.14925917573788486,0.3317636183126279,0.09998518401722394
14,0.5127761374799689,71.86669567391704,23,-0.1492583329904677,0.33176355202531715,0.09998772620016806
14,0.5127761374799689,71.86669567391704,24,-0.14925793508923246,0.33176352073114523,0.09998892651792157
14,0.5127761374799689,71.86669567391704,25,-0.1492577472216666,0.3317635059589764,0.09998949326093474
14,0.5127761374799689,71.86669567391704,26,-0.1492576585217167,0.33176349898737695,0.09998976085492967
14,0.5127761374799689,71.86669567391704,27,-0.149257616643951,0.33176349569870456,0.09998988720243351
14,0.5127761374799689,71.86669567391704,28,-0.14925759687338977,0.331763494148884,0.09998994685883097
14,0.5127761374799689,71.86669567391704,29,-0.14925758754080104,0.3317634934200451,0.09998997502627284
14,0.5127761374799689,71.86669567391704,30,-0.14925758481854234,0.33176349422992735,0.09998998827874192
15,0.5580446298445443,71.09561554044983,1,0.3246401504090755,0.08488692020431964,0.69095404042161
15,0.5580446298445443,71.09561554044983,2,0.23665365691782198,0.12808822257217745,0.5975965432190645
15,0.5580446298445443,71.09561554044983,3,0.14928770312341938,0.1709848404139087,0.4908799367711625
15,0.5580446298445443,71.09561554044983,4,0.06257020127844072,0.2135630688344173,0.37094024201907494
15,0.5580446298445443,71.09561554044983,5,-0.023470093007106944,0.25580878885073904,0.23792449422208745
15,0.5580446298445443,71.09561554044983,6,-0.11118851719777517,0.3009567668439929,0.10810100813813163
15,0.5580446298445443,71.09561554044983,7,-0.178407565541254,0.3333854744999409,0.1379521035261607
15,0.5580446298445443,71.09561554044983,8,-0.1875963813428695,0.35743017988283043,0.16185867373871538
15,0.5580446298445443,71.09561554044983,9,-0.1850394751286296,0.3566767429510714,0.1671995280488736
15,0.5580446298445443,71.09561554044983,10,-0.18237864942890966,0.354622908832307,0.1583804632236211
15,0.5580446298445443,71.09561554044983,11,-0.17972345941162662,0.35257342477558273,0.13553207040132575
15,0.5580446298445443,71.09561554044983,12,-0.17492680366087812,0.35411687099543127,0.11844409221138551
15,0.5580446298445443,71.09561554044983,13,-0.17119091266505523,0.35833792591647473,0.09975768919567654
15,0.5580446298445443,71.09561554044983,14,-0.16544106181811116,0.35910739368143196,0.10291795862937037
15,0.5580446298445443,71.09561554044983,15,-0.16061422973865458,0.3597107502418373,0.09988488235464431
15,0.5580446298445443,71.09561554044983,16,-0.15887305897818713,0.3603086723473278,0.0998675609885158
15,0.5580446298445443,71.09561554044983,17,-0.15858980153322222,0.3599911775960647,0.09993284075250214
15,0.5580446298445443,71.09561554044983,18,-0.15854062726374857,0.35994259758207237,0.09996308062602521
15,0.5580446298445443,71.09561554044983,19,-0.15853107449846304,0.3599355142914003,0.09997733744630434
15,0.5580446298445443,71.09561554044983,20,-0.15852586263796548,0.3599335358005773,0.09998403080181341
15,0.5580446298445443,71.09561554044983,21,-0.1585229569128029,0.3599334587440561,0.09998718151054886
15,0.5580446298445443,71.09561554044983,22,-0.1585223862210372,0.3599332164232926,0.0999871794908536
15,0.5580446298445443,71.09561554044983,23,-0.15852255655627326,0.35993313105109687,0.09998694915583049
15,0.5580446298445443,71.09561554044983,24,-0.15852271222609132,0.35993316623046434,0.09998684068699538
15,0.5580446298445443,71.09561554044983,25,-0.15852286162195303,0.3599332584696527,0.09998678967211556
15,0.5580446298445443,71.09561554044983,26,-0.15852300806709665,0.3599333775452338,0.09998676567896611
15,0.5580446298445443,71.09561554044983,27,-0.15852315312454116,0.3599335092425809,0.09998675439466874
15,0.5580446298445443,71.09561554044983,28,-0.15852329752941083,0.35993364687627977,0.0999867490875938
15,0.5580446298445443,71.09561554044983,29,-0.15852344162745213,0.35993378730205045,0.0999867465917236
15,0.5580446298445443,71.09561554044983,30,-0.15852358558127772,0.3599339290410767,0.099986745418018
16,0.5622549473661483,66.58001887038532,1,0.32433615966407736,0.08482730484382667,0.6910024185687621
16,0.5622549473661483,66.58001887038532,2,0.23566990286237216,0.12789470572087372,0.5977541030844217
16,0.5622549473661483,66.58001887038532,3,0.14763006790297223,0.17065783796660786,0.49114712602419375
16,0.5622549473661483,66.58001887038532,4,0.06024464297631318,0.21310310702250362,0.3713174700016404
16,0.5622549473661483,66.58001887038532,5,-0.02645752007927359,0.25521649883482433,0.2384121084347091
16,0.5622549473661483,66.58001887038532,6,-0.11477046366236537,0.30014417882570016,0.10826864350680923
16,0.5622549473661483,66.58001887038532,7,-0.1835886034187678,0.3324538933705098,0.1375117574137345
16,0.5622549473661483,66.58001887038532,8,-0.1878628813157341,0.35672313219386814,0.1615431481138604
16,0.5622549473661483,66.58001887038532,9,-0.17661085522634778,0.3631298484117796,0.17110252480047963
16,0.5622549473661483,66.58001887038532,10,-0.16487088451057644,0.3628213083035462,0.16668495373258352
16,0.5622549473661483,66.58001887038532,11,-0.15315622766086312,0.3625134334732051,0.14822868904425063
16,0.5622549473661483,66.58001887038532,12,-0.1407251111157815,0.3616653766355472,0.11946347348602662
16,0.5622549473661483,66.58001887038532,13,-0.12493986530400367,0.359404945420389,0.09898502836456005
16,0.5622549473661483,66.58001887038532,14,-0.11438208914088142,0.36139410808353717,0.10443011396102923
16,0.5622549473661483,66.58001887038532,15,-0.10459343116315285,0.36351598091204246,0.10041666084580632
16,0.5622549473661483,66.58001887038532,16,-0.09821541145541872,0.3643964915183326,0.09911133912739306
16,0.5622549473661483,66.58001887038532,17,-0.09460118191158683,0.3643686875366667,0.09936080560273736
16,0.5622549473661483,66.58001887038532,18,-0.09400303251973681,0.36437039043772723,0.09969303604106494
16,0.5622549473661483,66.58001887038532,19,-0.09406508565499427,0.36440942114647396,0.09984981120946529
16,0.5622549473661483,66.58001887038532,20,-0.09409437191513281,0.3644278410974373,0.09992381402039674
16,0.5622549473661483,66.58001887038532,21,-0.09410819558158419,0.3644365312128861,0.09995875073091093
16,0.5622549473661483,66.58001887038532,22,-0.09411421413348668,0.3644413616507237,0.09997524728065556
16,0.5622549473661483,66.58001887038532,23,-0.09411418046145888,0.3644482997997902,0.09998309333280188
16,0.5622549473661483,66.58001887038532,24,-0.09411416629862494,0.3644515407157339,0.09998679703633886
16,0.5622549473661483,66.58001887038532,25,-0.09411506060204175,0.36445175586837963,0.09998824310346152
16,0.5622549473661483,66.58001887038532,26,-0.09411567885198381,0.3644515702570406,0.09998888834070292
16,0.5622549473661483,66.58001887038532,27,-0.09411596932576312,0.3644514833985762,0.09998919173630737
16,0.5622549473661483,66.58001887038532,28,-0.09411610589497438,0.36445144256978473,0.09998933438870011
16,0.5622549473661483,66.58001887038532,29,-0.09411617010466769,0.3644514233751504,0.0999894014618265
16,0.5622549473661483,66.58001887038532,30,-0.09411620029198742,0.3644514143524128,0.09998943299867512
17,0.4755405976024088,72.21603877910354,1,0.33059541203951853,0.08605209851875785,0.6900033808497233
17,0.4755405976024088,72.21603877910354,2,0.25592967517797793,0.13187023852868915,0.5945016050837908
17,0.4755405976024088,72.21603877910354,3,0.1817743347463287,0.177375177114938,0.48563383248915226
17,0.4755405976024088,72.21603877910354,4,0.1081552733986797,0.22255103155646486,0.36353707263617263
17,0.4755405976024088,72.21603877910354,5,0.03509885293737183,0.2673816251060581,0.2283597513221232
17,0.4755405976024088,72.21603877910354,6,-0.039968439947797856,0.31527235224009337,0.09743999342465115
17,0.4755405976024088,72.21603877910354,7,-0.1141752452102874,0.3518247996374527,0.13291983822415443
17,0.4755405976024088,72.21603877910354,8,-0.17685633754324256,0.36050135919561216,0.1639166499693865
17,0.4755405976024088,72.21603877910354,9,-0.19191730031866505,0.3617463853791085,0.18711856365778246
17,0.4755405976024088,72.21603877910354,10,-0.18538707146317468,0.3623545175131367,0.19264297596960828
17,0.4755405976024088,72.21603877910354,11,-0.17727920804359737,0.3628813471032588,0.1837357941975379
17,0.4755405976024088,72.21603877910354,12,-0.16918914470679663,0.36340702008653797,0.16080049611125047
17,0.4755405976024088,72.21603877910354,13,-0.16112099409387362,0.3639312692333831,0.1238829993066084
17,0.4755405976024088,72.21603877910354,14,-0.15848856455132,0.3611242984236912,0.10347369040179308
17,0.4755405976024088,72.21603877910354,15,-0.1558752778154719,0.3627510200627985,0.1010669146698547
17,0.4755405976024088,72.21603877910354,16,-0.1545789430905933,0.363240908949598,0.0998484376985849
17,0.4755405976024088,72.21603877910354,17,-0.1546698032191852,0.3634807168518947,0.09992349219601615
17,0.4755405976024088,72.21603877910354,18,-0.1547616309860537,0.363645486410492,0.09995869921320427
17,0.4755405976024088,72.21603877910354,19,-0.1547315210796918,0.3636242326655869,0.09997522614735964
17,0.4755405976024088,72.21603877910354,20,-0.1547220527080603,0.3636212888875755,0.0999830842321121
17,0.4755405976024088,72.21603877910354,21,-0.15471764116865216,0.36361994413846527,0.09998679270726352
17,0.4755405976024088,72.21603877910354,22,-0.15471644597923248,0.36362040956575264,0.09998849463408216
17,0.4755405976024088,72.21603877910354,23,-0.1547162743615463,0.3636211154403125,0.09998928866859554
17,0.4755405976024088,72.21603877910354,24,-0.1547162528516716,0.36362138486428314,0.09998952913530436
17,0.4755405976024088,72.21603877910354,25,-0.1547162265467562,0.36362138054954585,0.09998950308358401
17,0.4755405976024088,72.21603877910354,26,-0.1547162143695405,0.36362137875919043,0.09998949078732172
17,0.4755405976024088,72.21603877910354,27,-0.1547162086402641,0.36362137791816646,0.09998948500563423
17,0.4755405976024088,72.21603877910354,28,-0.15471620593914398,0.3636213775186453,0.09998948228719044
17,0.4755405976024088,72.21603877910354,29,-0.15471620466173217,0.3636213773266105,0.09998948100902993
17,0.4755405976024088,72.21603877910354,30,-0.15471620405371939,0.3636213772321297,0.09998948040806324
18,0.47481577751146603,71.87867241391419,1,0.3306477254172745,0.086062310360395,0.689995004947475
18,0.47481577751146603,71.87867241391419,2,0.25609903562716185,0.13190338188056225,0.594474347920653
18,0.47481577751146603,71.87867241391419,3,0.18205981551954692,0.17743117309736683,0.4855876507647893
18,0.47481577751146603,71.87867241391419,4,0.10855592538786522,0.22262978214098053,0.3634719336286509
18,0.47481577751146603,71.87867241391419,5,0.03561370179465353,0.26748301427679105,0.22827563591309316
18,0.47481577751146603,71.87867241391419,6,-0.03934137310188981,0.3153965910952243,0.09734035486325086
18,0.47481577751146603,71.87867241391419,7,-0.11347704942104628,0.35197065839395214,0.13284344424822794
18,0.47481577751146603,71.87867241391419,8,-0.17280069074709686,0.36033776239307375,0.16414088448939113
18,0.47481577751146603,71.87867241391419,9,-0.18646076179621424,0.36055603029717836,0.18655609216432625
18,0.47481577751146603,71.87867241391419,10,-0.1798685884376133,0.36150984683727,0.19098405616200195
18,0.47481577751146603,71.87867241391419,11,-0.17127632670553164,0.3606501518020974,0.18135088423203147
18,0.47481577751146603,71.87867241391419,12,-0.16326372277148524,0.3555029057485457,0.1586057640339585
18,0.47481577751146603,71.87867241391419,13,-0.1552728993263048,0.3503696513431876,0.12187819188426151
18,0.47481577751146603,71.87867241391419,14,-0.15130200218741438,0.35017617022307873,0.10217921992305921
18,0.47481577751146603,71.87867241391419,15,-0.14843097169770578,0.349952603026497,0.10021275198934432
18,0.47481577751146603,71.87867241391419,16,-0.14677495830713752,0.3486990952630645,0.09998927626532725
18,0.47481577751146603,71.87867241391419,17,-0.1468581715058274,0.3487744377185703,0.0999895785991739
18,0.47481577751146603,71.87867241391419,18,-0.14696213165062247,0.3488678396331571,0.09998985210604229
18,0.47481577751146603,71.87867241391419,19,-0.14696276417903206,0.34886787323839485,0.09998942591974293
18,0.47481577751146603,71.87867241391419,20,-0.14696293401052,0.348867814512573,0.09998914871976608
18,0.47481577751146603,71.87867241391419,21,-0.14696295775289153,0.3488677633489828,0.0999890180309508
18,0.47481577751146603,71.87867241391419,22,-0.14696291258315097,0.3488677157067183,0.0999889564210086
18,0.47481577751146603,71.87867241391419,23,-0.14696283492685677,0.3488676697247977,0.0999889273765442
18,0.47481577751146603,71.87867241391419,24,-0.14696274195561665,0.3488676245256116,0.0999889136842624
18,0.47481577751146603,71.87867241391419,25,-0.14696264176454854,0.34886757969542453,0.09998890722938344
18,0.47481577751146603,71.87867241391419,26,-0.14696253816989144,0.3488675350391892,0.09998890418639708
18,0.47481577751146603,71.87867241391419,27,-0.14696243297071512,0.34886749046495474,0.0999889027518621
18,0.47481577751146603,71.87867241391419,28,-0.14696232701514603,0.348867445929373,0.09998890207559127
18,0.47481577751146603,71.87867241391419,29,-0.14696222070301215,0.3488674014120088,0.09998890175678511
18,0.47481577751146603,71.87867241391419,30,-0.14696211422280228,0.3488673569032282,0.0999889016064967
19,0.4792055457778091,72.34465629462825,1,0.3303308940377072,0.08600045682228265,0.6900457260943579
19,0.4792055457778091,72.34465629462825,2,0.2550733271487024,0.13170263028072943,0.5946394097237286
19,0.4792055457778091,72.34465629462825,3,0.18033085304564134,0.17709199984684315,0.4858673203793062
19,0.4792055457778091,72.34465629462825,4,0.10612946625280392,0.22215277964942554,0.3638664146182953
19,0.4792055457778091,72.34465629462825,5,0.032495655095276854,0.26686888394351055,0.22878504979196362
19,0.4792055457778091,72.34465629462825,6,-0.04313897539485676,0.3146440692253669,0.09794375221042859
19,0.4792055457778091,72.34465629462825,7,-0.11119713484322995,0.35105232969983446,0.13308686842601758
19,0.4792055457778091,72.34465629462825,8,-0.15882010485718184,0.3669844330137517,0.1641692437221922
19,0.4792055457778091,72.34465629462825,9,-0.18398323647105067,0.3654744225710409,0.17950528815546565
19,0.4792055457778091,72.34465629462825,10,-0.187326367761756,0.36355667479997983,0.17958505583144496
19,0.4792055457778091,72.34465629462825,11,-0.18257306883045793,0.36173915649591265,0.16645031122534354
19,0.4792055457778091,72.34465629462825,12,-0.1755818710818775,0.356632778461229,0.14039989124431843
19,0.4792055457778091,72.34465629462825,13,-0.17216522544580648,0.3494404620364089,0.1251745548107345
19,0.4792055457778091,72.34465629462825,14,-0.16704348012960668,0.3398349792988554,0.11077011491671922
19,0.4792055457778091,72.34465629462825,15,-0.1648686888417231,0.33024564716830246,0.10195615055297678
19,0.4792055457778091,72.34465629462825,16,-0.16672822551609384,0.3226687956610633,0.102767930634319
19,0.4792055457778091,72.34465629462825,17,-0.16787599194181693,0.3162697372669703,0.0984920947424419
19,0.4792055457778091,72.34465629462825,18,-0.1698985811209552,0.311674129283989,0.09906358076676261
19,0.4792055457778091,72.34465629462825,19,-0.17073545278199592,0.31006811917634375,0.09917759878275766
19,0.4792055457778091,72.34465629462825,20,-0.1707723834094622,0.3099061825037607,0.09960650937892282
19,0.4792055457778091,72.34465629462825,21,-0.17071599855409195,0.3099243504571811,0.09980901531188882
19,0.4792055457778091,72.34465629462825,22,-0.1706896431817989,0.3099328476283551,0.09990461196229386
19,0.4792055457778091,72.34465629462825,23,-0.17067732887462186,0.30993682423796376,0.09994974351765584
19,0.4792055457778091,72.34465629462825,24,-0.17067157678571276,0.30993868455179,0.09997105103662872
19,0.4792055457778091,72.34465629462825,25,-0.17066889089449738,0.3099395541297863,0.09998111091579837
19,0.4792055457778091,72.34465629462825,26,-0.17066773768132512,0.3099398474519165,0.09998584371271653
19,0.4792055457778091,72.34465629462825,27,-0.17066829546112242,0.3099384987856053,0.09998803704062659
19,0.4792055457778091,72.34465629462825,28,-0.17066852446211483,0.30993778362175906,0.09998895275043226
19,0.4792055457778091,72.34465629462825,29,-0.17066849008738919,0.3099375074116973,0.09998923367573821
19,0.4792055457778091,72.34465629462825,30,-0.17066847481510156,0.30993737646100394,0.09998936567110658
20,0.45115558934972694,71.3314400208643,1,0.3323552756017008,0.08639540180739787,0.6897213655791565
20,0.45115558934972694,71.3314400208643,2,0.26162738422594406,0.1329844194468595,0.5935839793944685
20,0.45115558934972694,71.3314400208643,3,0.19137907609144117,0.17925753183802712,0.48407931990315084
20,0.45115558934972694,71.3314400208643,4,0.12163543905221275,0.22519821341438426,0.3613447691731894
20,0.45115558934972694,71.3314400208643,5,0.05242194674910096,0.27078968448860463,0.22552922237930703
20,0.45115558934972694,71.3314400208643,6,-0.019322669368854652,0.31842728158164824,0.0985601188120595
20,0.45115558934972694,71.3314400208643,7,-0.08932125962885319,0.35515142637472935,0.13527698256004098
20,0.45115558934972694,71.3314400208643,8,-0.15272486211386205,0.3638650071958866,0.15592777711577585
20,0.45115558934972694,71.3314400208643,9,-0.18435071855961943,0.36839735205966295,0.16926313272258925
20,0.45115558934972694,71.3314400208643,10,-0.1872969611974286,0.37129898823363683,0.16853362223790858
20,0.45115558934972694,71.3314400208643,11,-0.1805270139863782,0.3736700003727181,0.1527271123643811
20,0.45115558934972694,71.3314400208643,12,-0.17397372024347826,0.3734635621098425,0.12352323058413042
20,0.45115558934972694,71.3314400208643,13,-0.17003190108037838,0.3695038095609349,0.09890182736111143
20,0.45115558934972694,71.3314400208643,14,-0.16452087077205796,0.368027723648292,0.10338216822242656
20,0.45115558934972694,71.3314400208643,15,-0.1597565390621685,0.3663936912782236,0.10112977285836723
20,0.45115558934972694,71.3314400208643,16,-0.15725095201726325,0.36537409101096613,0.0995217512753896
20,0.45115558934972694,71.3314400208643,17,-0.15700291865458527,0.36566834418294836,0.09976977440450653
20,0.45115558934972694,71.3314400208643,18,-0.15685815496892033,0.36593642867521553,0.09988654635950925
20,0.45115558934972694,71.3314400208643,19,-0.15688230976619266,0.3659259579094829,0.09994121614168634
20,0.45115558934972694,71.3314400208643,20,-0.1568936189460316,0.3659210178262197,0.0999670259025689
20,0.45115558934972694,71.3314400208643,21,-0.15689890749995938,0.36591871093167544,0.0999792108381758
20,0.45115558934972694,71.3314400208643,22,-0.15690138084986957,0.3659176337560613,0.09998496356382651
20,0.45115558934972694,71.3314400208643,23,-0.15690172803724023,0.36591824368173786,0.09998763098358264
20,0.45115558934972694,71.3314400208643,24,-0.1569015098244683,0.3659190518549717,0.09998888089730251
20,0.45115558934972694,71.3314400208643,25,-0.1569013182463228,0.3659194074076351,0.09998933158522764
20,0.45115558934972694,71.3314400208643,26,-0.1569012470184978,0.3659194237278743,0.09998940191081931
20,0.45115558934972694,71.3314400208643,27,-0.15690121449524344,0.36591942994748633,0.09998943500269443
20,0.45115558934972694,71.3314400208643,28,-0.15690119922964768,0.3659194328382584,0.09998945056312719
20,0.45115558934972694,71.3314400208643,29,-0.15690119205895844,0.3659194341930873,0.09998945787941498
20,0.45115558934972694,71.3314400208643,30,-0.1569011886939651,0.3659194348263424,0.09998946131941584
