particle,elasticity,weight,frame,x,y,z
1,0.8134340852312981,58.94668159867678,1,-0.3709591906869915,-0.3464309477766376,0.5252635194927681
1,0.8134340852312981,58.94668159867678,2,-0.2535308496120828,-0.34660841365297923,0.31522087598456744
1,0.8134340852312981,58.94668159867678,3,-0.14952493871785,-0.3364428034216293,0.1404031186179017
1,0.8134340852312981,58.94668159867678,4,-0.09958066219482548,-0.3002842667265026,0.15431604873667312
1,0.8134340852312981,58.94668159867678,5,-0.05678287230171932,-0.2585738417590482,0.17849864728366138
1,0.8134340852312981,58.94668159867678,6,-0.0141560059313207,-0.21702999765445785,0.18854675279696828
1,0.8134340852312981,58.94668159867678,7,0.02830522403770163,-0.17564758162147442,0.18451751424929255
1,0.8134340852312981,58.94668159867678,8,0.07060057726954416,-0.1344268278896814,0.1664661480517609
1,0.8134340852312981,58.94668159867678,9,0.11577707497383012,-0.09939946593401268,0.16365472161680308
1,0.8134340852312981,58.94668159867678,10,0.16116231280203883,-0.06525756456138096,0.1504593371463983
1,0.8134340852312981,58.94668159867678,11,0.20255028583497656,-0.028886171476080188,0.14125037775811317
1,0.8134340852312981,58.94668159867678,12,0.24255675128805246,0.007424200436463281,0.12339926268793587
1,0.8134340852312981,58.94668159867678,13,0.27643981018164604,0.04185792885285384,0.11648378992848604
1,0.8134340852312981,58.94668159867678,14,0.3085758403609962,0.07389568539218305,0.10680582131503369
1,0.8134340852312981,58.94668159867678,15,0.33731166774268484,0.1026408489735734,0.10164768660616287
1,0.8134340852312981,58.94668159867678,16,0.36260969714100705,0.12855817589171198,0.09995886259300749
1,0.8134340852312981,58.94668159867678,17,0.36889488567924483,0.1483903221681522,0.10007972850029011
1,0.8134340852312981,58.94668159867678,18,0.371968082234318,0.16496695192836708,0.09866150824572255
1,0.8134340852312981,58.94668159867678,19,0.3750589167419083,0.17809254265148852,0.09889175362522773
1,0.8134340852312981,58.94668159867678,20,0.3778080086969523,0.1881457967636693,0.09884032359738686
1,0.8134340852312981,58.94668159867678,21,0.3783660001521973,0.189435547826331,0.09894661329480478
1,0.8134340852312981,58.94668159867678,22,0.3785077744249979,0.1894259826200988,0.09949736408920587
1,0.8134340852312981,58.94668159867678,23,0.37857458890462514,0.18942140899560117,0.0997573143426272
1,0.8134340852312981,58.94668159867678,24,0.37860602632432244,0.18941926468422302,0.0998800309137118
1,0.8134340852312981,58.94668159867678,25,0.3786207065009311,0.18941822117058868,0.09993795914118718
1,0.8134340852312981,58.94668159867678,26,0.37862746857439245,0.18941771697489657,0.09996530083572291
1,0.8134340852312981,58.94668159867678,27,0.37863052101009753,0.18941749952052647,0.09997821785843458
1,0.8134340852312981,58.94668159867678,28,0.3786317993628879,0.1894173703878903,0.09998433452608255
1,0.8134340852312981,58.94668159867678,29,0.378632260355919,0.18941727062632427,0.09998724498617954
1,0.8134340852312981,58.94668159867678,30,0.37863294058736663,0.1894175527427767,0.0999885463009403
2,0.8134340852312981,58.94215679096226,1,-0.3709591906869915,-0.3464309477766376,0.5252635194927681
2,0.8134340852312981,58.94215679096226,2,-0.2535308496120828,-0.34660841365297923,0.31522087598456744
2,0.8134340852312981,58.94215679096226,3,-0.14952493871785,-0.3364428034216293,0.1404031186179017
2,0.8134340852312981,58.94215679096226,4,-0.09958066219482548,-0.3002842667265026,0.15431604873667312
2,0.8134340852312981,58.94215679096226,5,-0.05678287230171932,-0.2585738417590482,0.17849864728366138
2,0.8134340852312981,58.94215679096226,6,-0.0141560059313207,-0.21702999765445785,0.18854675279696828
2,0.8134340852312981,58.94215679096226,7,0.02830522403770163,-0.17564758162147442,0.18451751424929255
2,0.8134340852312981,58.94215679096226,8,0.07060057726954416,-0.1344268278896814,0.1664661480517609
2,0.8134340852312981,58.94215679096226,9,0.11577707497383012,-0.09939946593401268,0.16365472161680308
2,0.8134340852312981,58.94215679096226,10,0.16116231280203883,-0.06525756456138096,0.1504593371463983
2,0.8134340852312981,58.94215679096226,11,0.20255028583497656,-0.028886171476080188,0.14125037775811317
2,0.8134340852312981,58.94215679096226,12,0.24255675128805246,0.007424200436463281,0.12339926268793587
2,0.8134340852312981,58.94215679096226,13,0.27643981018164604,0.04185792885285384,0.11648378992848604
2,0.8134340852312981,58.94215679096226,14,0.3085758403609962,0.07389568539218305,0.10680582131503369
2,0.8134340852312981,58.94215679096226,15,0.33731166774268484,0.1026408489735734,0.10164768660616287
2,0.8134340852312981,58.94215679096226,16,0.3626097015294076,0.12855817898404093,0.0999588411125451
2,0.8134340852312981,58.94215679096226,17,0.368894902857485,0.14839033094190335,0.10007973584579063
2,0.8134340852312981,58.94215679096226,18,0.3719680658505834,0.16496698583691652,0.09866154932901644
2,0.8134340852312981,58.94215679096226,19,0.37505886455170767,0.1780925980678538,0.09889180271470106
2,0.8134340852312981,58.94215679096226,20,0.3778079238227453,0.18814587528971638,0.09884034642477996
2,0.8134340852312981,58.94215679096226,21,0.3783661581492798,0.18941831259109998,0.09894575517193213
2,0.8134340852312981,58.94215679096226,22,0.3785144555081316,0.1894067009969739,0.09949718049117548
2,0.8134340852312981,58.94215679096226,23,0.37858265129212065,0.18940118500611128,0.09975739106648386
2,0.8134340852312981,58.94215679096226,24,0.37861428445410544,0.1893985389025081,0.09988019150007467
2,0.8134340852312981,58.94215679096226,25,0.37862915670444686,0.1893972878339415,0.09993816535852315
2,0.8134340852312981,58.94215679096226,26,0.3786361513192949,0.1893966844407777,0.09996555611626456
2,0.8134340852312981,58.94215679096226,27,0.3786391173093604,0.189396348407329,0.09997847943291775
2,0.8134340852312981,58.94215679096226,28,0.37864054777458067,0.18939613706898012,0.09998463046027682
2,0.8134340852312981,58.94215679096226,29,0.3786403298705118,0.1893962377031491,0.09998747987066757
2,0.8134340852312981,58.94215679096226,30,0.37863934494110607,0.18939632965666892,0.09998837710811093
3,0.8134340852312981,58.944619543719995,1,-0.3709591906869915,-0.3464309477766376,0.5252635194927681
3,0.8134340852312981,58.944619543719995,2,-0.2535308496120828,-0.34660841365297923,0.31522087598456744
3,0.8134340852312981,58.944619543719995,3,-0.14952493871785,-0.3364428034216293,0.1404031186179017
3,0.8134340852312981,58.944619543719995,4,-0.09958066219482548,-0.3002842667265026,0.15431604873667312
3,0.8134340852312981,58.944619543719995,5,-0.05678287230171932,-0.2585738417590482,0.17849864728366138
3,0.8134340852312981,58.944619543719995,6,-0.0141560059313207,-0.21702999765445785,0.18854675279696828
3,0.8134340852312981,58.944619543719995,7,0.02830522403770163,-0.17564758162147442,0.18451751424929255
3,0.8134340852312981,58.944619543719995,8,0.07060057726954416,-0.1344268278896814,0.1664661480517609
3,0.8134340852312981,58.944619543719995,9,0.11577707497383012,-0.09939946593401268,0.16365472161680308
3,0.8134340852312981,58.944619543719995,10,0.16116231280203883,-0.06525756456138096,0.1504593371463983
3,0.8134340852312981,58.944619543719995,11,0.20255028583497656,-0.028886171476080188,0.14125037775811317
3,0.8134340852312981,58.944619543719995,12,0.24255675128805246,0.007424200436463281,0.12339926268793587
3,0.8134340852312981,58.944619543719995,13,0.27643981018164604,0.04185792885285384,0.11648378992848604
3,0.8134340852312981,58.944619543719995,14,0.3085758403609962,0.07389568539218305,0.10680582131503369
3,0.8134340852312981,58.944619543719995,15,0.33731166774268484,0.1026408489735734,0.10164768660616287
3,0.8134340852312981,58.944619543719995,16,0.36260969714100705,0.12855817589171198,0.09995886259300749
3,0.8134340852312981,58.944619543719995,17,0.36889496230554075,0.1483903946418279,0.10007962568432562
3,0.8134340852312981,58.944619543719995,18,0.3719681853198534,0.16496704193536252,0.09866180919455761
3,0.8134340852312981,58.944619543719995,19,0.3750590393763803,0.17809274045242643,0.09889193691361914
3,0.8134340852312981,58.944619543719995,20,0.37780809819025335,0.18814606635768089,0.09884040619159982
3,0.8134340852312981,58.944619543719995,21,0.3783666448793458,0.1894293223148902,0.09894618619453471
3,0.8134340852312981,58.944619543719995,22,0.3785137472837132,0.18941883169602033,0.09949740795723908
3,0.8134340852312981,58.944619543719995,23,0.3785817806958986,0.18941365811980757,0.09975753368438711
3,0.8134340852312981,58.944619543719995,24,0.3786136857999751,0.1894112102062934,0.09988033470639072
3,0.8134340852312981,58.944619543719995,25,0.3786287497022633,0.18941005348440357,0.09993830002750219
3,0.8134340852312981,58.944619543719995,26,0.3786345099342063,0.18940947734124036,0.09996560436837489
3,0.8134340852312981,58.944619543719995,27,0.37863629439990104,0.18940918482740915,0.09997847967865461
3,0.8134340852312981,58.944619543719995,28,0.3786372867751946,0.18940904815477702,0.0999845566354627
3,0.8134340852312981,58.944619543719995,29,0.37863779740725856,0.18940898154317853,0.09998742489415342
3,0.8134340852312981,58.944619543719995,30,0.37863813356803655,0.1894089488162751,0.09998877754908479
4,0.8134340852312981,58.94687497767149,1,-0.3709591906869915,-0.3464309477766376,0.5252635194927681
4,0.8134340852312981,58.94687497767149,2,-0.2535308496120828,-0.34660841365297923,0.31522087598456744
4,0.8134340852312981,58.94687497767149,3,-0.14952493871785,-0.3364428034216293,0.1404031186179017
4,0.8134340852312981,58.94687497767149,4,-0.09958066219482548,-0.3002842667265026,0.15431604873667312
4,0.8134340852312981,58.94687497767149,5,-0.05678287230171932,-0.2585738417590482,0.17849864728366138
4,0.8134340852312981,58.94687497767149,6,-0.0141560059313207,-0.21702999765445785,0.18854675279696828
4,0.8134340852312981,58.94687497767149,7,0.02830522403770163,-0.17564758162147442,0.18451751424929255
4,0.8134340852312981,58.94687497767149,8,0.07060057726954416,-0.1344268278896814,0.1664661480517609
4,0.8134340852312981,58.94687497767149,9,0.11577707497383012,-0.09939946593401268,0.16365472161680308
4,0.8134340852312981,58.94687497767149,10,0.16116231280203883,-0.06525756456138096,0.1504593371463983
4,0.8134340852312981,58.94687497767149,11,0.20255028583497656,-0.028886171476080188,0.14125037775811317
4,0.8134340852312981,58.94687497767149,12,0.24255675128805246,0.007424200436463281,0.12339926268793587
4,0.8134340852312981,58.94687497767149,13,0.27643981018164604,0.04185792885285384,0.11648378992848604
4,0.8134340852312981,58.94687497767149,14,0.3085758403609962,0.07389568539218305,0.10680582131503369
4,0.8134340852312981,58.94687497767149,15,0.33731166774268484,0.1026408489735734,0.10164768660616287
4,0.8134340852312981,58.94687497767149,16,0.36260969714100705,0.12855817589171198,0.09995886259300749
4,0.8134340852312981,58.94687497767149,17,0.3688949630257672,0.14839039504744003,0.10007962518032731
4,0.8134340852312981,58.94687497767149,18,0.3719681871712116,0.16496704244632265,0.09866180985310105
4,0.8134340852312981,58.94687497767149,19,0.3750590492799577,0.1780927464377617,0.09889191121327655
4,0.8134340852312981,58.94687497767149,20,0.37780810471574794,0.18814606946444049,0.09884039735546885
4,0.8134340852312981,58.94687497767149,21,0.378365729064946,0.18943896277274982,0.09894649368227959
4,0.8134340852312981,58.94687497767149,22,0.3785091730736155,0.18942905654526357,0.09949739604676808
4,0.8134340852312981,58.94687497767149,23,0.3785767903367654,0.1894242937239369,0.09975743006394334
4,0.8134340852312981,58.94687497767149,24,0.37860976973652233,0.18942206293107594,0.0998802385405326
4,0.8134340852312981,58.94687497767149,25,0.3786251334288328,0.18942100628530195,0.09993821739275566
4,0.8134340852312981,58.94687497767149,26,0.3786323967093148,0.18942050023940454,0.09996556572342606
4,0.8134340852312981,58.94687497767149,27,0.3786352515993536,0.18942020739887114,0.09997848141429308
4,0.8134340852312981,58.94687497767149,28,0.37863640251625036,0.18942000458773134,0.0999846330546748
4,0.8134340852312981,58.94687497767149,29,0.37863609915949803,0.18941985710430884,0.09998754533221713
4,0.8134340852312981,58.94687497767149,30,0.3786353384786161,0.1894202713796212,0.0999885471902949
5,0.8082872434498486,54.47843102188702,1,-0.371118607672386,-0.3466924142910802,0.5252322619459024
5,0.8082872434498486,54.47843102188702,2,-0.25446137511458256,-0.34718394046881784,0.3152646861361934
5,0.8082872434498486,54.47843102188702,3,-0.15104035901990148,-0.33684053494259697,0.13973685569422983
5,0.8082872434498486,54.47843102188702,4,-0.10176583094419267,-0.29958469445330854,0.1532133993806077
5,0.8082872434498486,54.47843102188702,5,-0.06004246583436513,-0.2566765091212654,0.17817869080231047
5,0.8082872434498486,54.47843102188702,6,-0.018486248431029962,-0.2139402179964398,0.189006117867269
5,0.8082872434498486,54.47843102188702,7,0.022908261015091434,-0.17137022685675518,0.18575313048922354
5,0.8082872434498486,54.47843102188702,8,0.06414112868671426,-0.1289664676401029,0.16847495098080095
5,0.8082872434498486,54.47843102188702,9,0.10858663917023113,-0.09213333532068156,0.1627097156588627
5,0.8082872434498486,54.47843102188702,10,0.15454772509978454,-0.05813676155086645,0.1556450238154219
5,0.8082872434498486,54.47843102188702,11,0.1991804133025181,-0.02314557554270125,0.147190276235443
5,0.8082872434498486,54.47843102188702,12,0.2423985630511791,0.011705058462940737,0.13032430052411195
5,0.8082872434498486,54.47843102188702,13,0.27748544557729554,0.04423779767262395,0.13255544772703345
5,0.8082872434498486,54.47843102188702,14,0.31245212361393804,0.07665908265707143,0.12073796886422206
5,0.8082872434498486,54.47843102188702,15,0.34491541990971974,0.10699514232104339,0.10729593833906564
5,0.8082872434498486,54.47843102188702,16,0.3431404822345837,0.12792542159575723,0.1004870456307853
5,0.8082872434498486,54.47843102188702,17,0.33500077268917544,0.1429779542995986,0.09910509557577177
5,0.8082872434498486,54.47843102188702,18,0.3290581104682576,0.14769075166304912,0.09912683571944708
5,0.8082872434498486,54.47843102188702,19,0.32646859080257123,0.14681223157884582,0.09958270625447377
5,0.8082872434498486,54.47843102188702,20,0.3263097656679762,0.14680976357485723,0.09979755955264002
5,0.8082872434498486,54.47843102188702,21,0.326349887073338,0.1468204683367279,0.09989928329771584
5,0.8082872434498486,54.47843102188702,22,0.32634434926409767,0.14682765982651103,0.09994718920698097
5,0.8082872434498486,54.47843102188702,23,0.3263382677737759,0.14683136368623503,0.09996979561730508
5,0.8082872434498486,54.47843102188702,24,0.326335424220986,0.14683309057210353,0.09998046902524672
5,0.8082872434498486,54.47843102188702,25,0.32633412484719404,0.1468338899450965,0.09998547717495644
5,0.8082872434498486,54.47843102188702,26,0.3263345613284292,0.14683378761271768,0.09998643219179344
5,0.8082872434498486,54.47843102188702,27,0.3263347845765012,0.14683365800899395,0.09998673840821186
5,0.8082872434498486,54.47843102188702,28,0.32633461221527416,0.14683357081823115,0.09998690385582205
5,0.8082872434498486,54.47843102188702,29,0.3263348501497835,0.14683354517046907,0.09998687919180513
5,0.8082872434498486,54.47843102188702,30,0.3263346854037643,0.14683350478892493,0.09998693309913793
6,0.8134340852312981,59.01076891151261,1,-0.3709591906869915,-0.3464309477766376,0.5252635194927681
6,0.8134340852312981,59.01076891151261,2,-0.2535308496120828,-0.34660841365297923,0.31522087598456744
6,0.8134340852312981,59.01076891151261,3,-0.14952493871785,-0.3364428034216293,0.1404031186179017
6,0.8134340852312981,59.01076891151261,4,-0.09958066219482548,-0.3002842667265026,0.15431604873667312
6,0.8134340852312981,59.01076891151261,5,-0.05678287230171932,-0.2585738417590482,0.17849864728366138
6,0.8134340852312981,59.01076891151261,6,-0.0141560059313207,-0.21702999765445785,0.18854675279696828
6,0.8134340852312981,59.01076891151261,7,0.02830522403770163,-0.17564758162147442,0.18451751424929255
6,0.8134340852312981,59.01076891151261,8,0.07060057726954416,-0.1344268278896814,0.1664661480517609
6,0.8134340852312981,59.01076891151261,9,0.11577707497383012,-0.09939946593401268,0.16365472161680308
6,0.8134340852312981,59.01076891151261,10,0.16116231280203883,-0.06525756456138096,0.1504593371463983
6,0.8134340852312981,59.01076891151261,11,0.20255028583497656,-0.028886171476080188,0.14125037775811317
6,0.8134340852312981,59.01076891151261,12,0.24255675128805246,0.007424200436463281,0.12339926268793587
6,0.8134340852312981,59.01076891151261,13,0.27643981018164604,0.04185792885285384,0.11648378992848604
6,0.8134340852312981,59.01076891151261,14,0.3085758403609962,0.07389568539218305,0.10680582131503369
6,0.8134340852312981,59.01076891151261,15,0.33731166774268484,0.1026408489735734,0.10164768660616287
6,0.8134340852312981,59.01076891151261,16,0.36260969714100705,0.12855817589171198,0.09995886259300749
6,0.8134340852312981,59.01076891151261,17,0.3688938906072267,0.14839029024066266,0.10007949810783916
6,0.8134340852312981,59.01076891151261,18,0.3719660764989236,0.1649668043612372,0.09866243492323609
6,0.8134340852312981,59.01076891151261,19,0.3750562507021354,0.17809269604429492,0.09889219537519052
6,0.8134340852312981,59.01076891151261,20,0.37780437454431454,0.18814591553157295,0.09884146644947397
6,0.8134340852312981,59.01076891151261,21,0.3785847192885657,0.18989921286025233,0.09895332483196788
6,0.8134340852312981,59.01076891151261,22,0.3787194349385889,0.18988611638263367,0.09950008304873166
6,0.8134340852312981,59.01076891151261,23,0.3787826665219449,0.18988017482598443,0.09975816205756546
6,0.8134340852312981,59.01076891151261,24,0.3788120354696228,0.18987757628475072,0.09987999819144153
6,0.8134340852312981,59.01076891151261,25,0.3788253977350897,0.189876515884408,0.09993753062808636
6,0.8134340852312981,59.01076891151261,26,0.3788312069268172,0.1898762107760444,0.09996470627151365
6,0.8134340852312981,59.01076891151261,27,0.3788334198604123,0.18987626364057342,0.09997756575769484
6,0.8134340852312981,59.01076891151261,28,0.37883436883938354,0.18987678475147038,0.099983496061033
6,0.8134340852312981,59.01076891151261,29,0.37883517850907655,0.18987697021385744,0.09998621438831477
6,0.8134340852312981,59.01076891151261,30,0.37883427980861767,0.18987832817497763,0.09998679970439223
7,0.8134340852312981,58.975226679562795,1,-0.3709591906869915,-0.3464309477766376,0.5252635194927681
7,0.8134340852312981,58.975226679562795,2,-0.2535308496120828,-0.34660841365297923,0.31522087598456744
7,0.8134340852312981,58.975226679562795,3,-0.14952493871785,-0.3364428034216293,0.1404031186179017
7,0.8134340852312981,58.975226679562795,4,-0.09958066219482548,-0.3002842667265026,0.15431604873667312
7,0.8134340852312981,58.975226679562795,5,-0.05678287230171932,-0.2585738417590482,0.17849864728366138
7,0.8134340852312981,58.975226679562795,6,-0.0141560059313207,-0.21702999765445785,0.18854675279696828
7,0.8134340852312981,58.975226679562795,7,0.02830522403770163,-0.17564758162147442,0.18451751424929255
7,0.8134340852312981,58.975226679562795,8,0.07060057726954416,-0.1344268278896814,0.1664661480517609
7,0.8134340852312981,58.975226679562795,9,0.11577707497383012,-0.09939946593401268,0.16365472161680308
7,0.8134340852312981,58.975226679562795,10,0.16116231280203883,-0.06525756456138096,0.1504593371463983
7,0.8134340852312981,58.975226679562795,11,0.20255028583497656,-0.028886171476080188,0.14125037775811317
7,0.8134340852312981,58.975226679562795,12,0.24255675128805246,0.007424200436463281,0.12339926268793587
7,0.8134340852312981,58.975226679562795,13,0.27643981018164604,0.04185792885285384,0.11648378992848604
7,0.8134340852312981,58.975226679562795,14,0.3085758403609962,0.07389568539218305,0.10680582131503369
7,0.8134340852312981,58.975226679562795,15,0.33731166774268484,0.1026408489735734,0.10164768660616287
7,0.8134340852312981,58.975226679562795,16,0.36260969714100705,0.12855817589171198,0.09995886259300749
7,0.8134340852312981,58.975226679562795,17,0.3688937893896294,0.1483902142116316,0.10007958378496254
7,0.8134340852312981,58.975226679562795,18,0.3719658644933996,0.1649667168942966,0.09866183345177604
7,0.8134340852312981,58.975226679562795,19,0.3750558862194307,0.17809237524897584,0.09889204765041316
7,0.8134340852312981,58.975226679562795,20,0.3778039812024213,0.18814550592701823,0.09884137601757474
7,0.8134340852312981,58.975226679562795,21,0.3783466075790622,0.189579981784434,0.0989482790689783
7,0.8134340852312981,58.975226679562795,22,0.3784875468369849,0.18956990784962122,0.09949820630130303
7,0.8134340852312981,58.975226679562795,23,0.3785540881747237,0.18956512998704522,0.09975778449884065
7,0.8134340852312981,58.975226679562795,24,0.37858546985187586,0.18956287524846996,0.09988033466192694
7,0.8134340852312981,58.975226679562795,25,0.3786004829850346,0.18956181823066393,0.09993820522124852
7,0.8134340852312981,58.975226679562795,26,0.378607413116545,0.18956131551855954,0.09996551427978675
7,0.8134340852312981,58.975226679562795,27,0.3786104997101143,0.18956107129328864,0.09997839489419023
7,0.8134340852312981,58.975226679562795,28,0.37861178060273126,0.18956093974976165,0.09998446882382973
7,0.8134340852312981,58.975226679562795,29,0.3786122520571693,0.18956085780186985,0.09998734450744615
7,0.8134340852312981,58.975226679562795,30,0.37861214965062207,0.18956086952981147,0.09998869199567856
8,0.8134340852312981,58.9588844763332,1,-0.3709591906869915,-0.3464309477766376,0.5252635194927681
8,0.8134340852312981,58.9588844763332,2,-0.2535308496120828,-0.34660841365297923,0.31522087598456744
8,0.8134340852312981,58.9588844763332,3,-0.14952493871785,-0.3364428034216293,0.1404031186179017
8,0.8134340852312981,58.9588844763332,4,-0.09958066219482548,-0.3002842667265026,0.15431604873667312
8,0.8134340852312981,58.9588844763332,5,-0.05678287230171932,-0.2585738417590482,0.17849864728366138
8,0.8134340852312981,58.9588844763332,6,-0.0141560059313207,-0.21702999765445785,0.18854675279696828
8,0.8134340852312981,58.9588844763332,7,0.02830522403770163,-0.17564758162147442,0.18451751424929255
8,0.8134340852312981,58.9588844763332,8,0.07060057726954416,-0.1344268278896814,0.1664661480517609
8,0.8134340852312981,58.9588844763332,9,0.11577707497383012,-0.09939946593401268,0.16365472161680308
8,0.8134340852312981,58.9588844763332,10,0.16116231280203883,-0.06525756456138096,0.1504593371463983
8,0.8134340852312981,58.9588844763332,11,0.20255028583497656,-0.028886171476080188,0.14125037775811317
8,0.8134340852312981,58.9588844763332,12,0.24255675128805246,0.007424200436463281,0.12339926268793587
8,0.8134340852312981,58.9588844763332,13,0.27643981018164604,0.04185792885285384,0.11648378992848604
8,0.8134340852312981,58.9588844763332,14,0.3085758403609962,0.07389568539218305,0.10680582131503369
8,0.8134340852312981,58.9588844763332,15,0.33731166774268484,0.1026408489735734,0.10164768660616287
8,0.8134340852312981,58.9588844763332,16,0.36260969714100705,0.12855817589171198,0.09995886259300749
8,0.8134340852312981,58.9588844763332,17,0.3688938807752441,0.14839028437020765,0.10007950697411448
8,0.8134340852312981,58.9588844763332,18,0.37196586726766084,0.1649667980384678,0.0986622617608023
8,0.8134340852312981,58.9588844763332,19,0.3750557940954859,0.17809259202688416,0.09889222660310718
8,0.8134340852312981,58.9588844763332,20,0.37780376333755356,0.18814578651111863,0.09884150821539545
8,0.8134340852312981,58.9588844763332,21,0.3783513324985212,0.18951169219928576,0.09894553210361512
8,0.8134340852312981,58.9588844763332,22,0.37850172357677486,0.1894951313828075,0.09949705051859892
8,0.8134340852312981,58.9588844763332,23,0.3785726438852088,0.18948720547334616,0.09975736767920154
8,0.8134340852312981,58.9588844763332,24,0.3786059081355794,0.18948346407312872,0.09988025701198591
8,0.8134340852312981,58.9588844763332,25,0.37862145588515306,0.18948169944066703,0.09993827489096624
8,0.8134340852312981,58.9588844763332,26,0.3786286677367502,0.189480866428132,0.09996565306958013
8,0.8134340852312981,58.9588844763332,27,0.37863194885652335,0.18948046948056102,0.09997856317786169
8,0.8134340852312981,58.9588844763332,28,0.37863337460875357,0.189480276704037,0.09998465096262688
8,0.8134340852312981,58.9588844763332,29,0.37863357753998483,0.18948000036145154,0.09998710853578684
8,0.8134340852312981,58.9588844763332,30,0.37863286115417405,0.18947997815008394,0.0999875548660664
9,0.8134340852312981,58.964460797614144,1,-0.3709591906869915,-0.3464309477766376,0.5252635194927681
9,0.8134340852312981,58.964460797614144,2,-0.2535308496120828,-0.34660841365297923,0.31522087598456744
9,0.8134340852312981,58.964460797614144,3,-0.14952493871785,-0.3364428034216293,0.1404031186179017
9,0.8134340852312981,58.964460797614144,4,-0.09958066219482548,-0.3002842667265026,0.15431604873667312
9,0.8134340852312981,58.964460797614144,5,-0.05678287230171932,-0.2585738417590482,0.17849864728366138
9,0.8134340852312981,58.964460797614144,6,-0.0141560059313207,-0.21702999765445785,0.18854675279696828
9,0.8134340852312981,58.964460797614144,7,0.02830522403770163,-0.17564758162147442,0.18451751424929255
9,0.8134340852312981,58.964460797614144,8,0.07060057726954416,-0.1344268278896814,0.1664661480517609
9,0.8134340852312981,58.964460797614144,9,0.11577707497383012,-0.09939946593401268,0.16365472161680308
9,0.8134340852312981,58.964460797614144,10,0.16116231280203883,-0.06525756456138096,0.1504593371463983
9,0.8134340852312981,58.964460797614144,11,0.20255028583497656,-0.028886171476080188,0.14125037775811317
9,0.8134340852312981,58.964460797614144,12,0.24255675128805246,0.007424200436463281,0.12339926268793587
9,0.8134340852312981,58.964460797614144,13,0.27643981018164604,0.04185792885285384,0.11648378992848604
9,0.8134340852312981,58.964460797614144,14,0.3085758403609962,0.07389568539218305,0.10680582131503369
9,0.8134340852312981,58.964460797614144,15,0.33731166774268484,0.1026408489735734,0.10164768660616287
9,0.8134340852312981,58.964460797614144,16,0.36260969714100705,0.12855817589171198,0.09995886259300749
9,0.8134340852312981,58.964460797614144,17,0.3688938807752441,0.14839028437020765,0.10007950697411448
9,0.8134340852312981,58.964460797614144,18,0.37196586726766084,0.1649667980384678,0.0986622617608023
9,0.8134340852312981,58.964460797614144,19,0.3750557940954859,0.17809259202688416,0.09889222660310718
9,0.8134340852312981,58.964460797614144,20,0.37780376333755356,0.18814578651111863,0.09884150821539545
9,0.8134340852312981,58.964460797614144,21,0.3783481748279555,0.189539774713831,0.09894567499208452
9,0.8134340852312981,58.964460797614144,22,0.3784979267968941,0.189523164937693,0.09949711728479019
9,0.8134340852312981,58.964460797614144,23,0.3785685537781415,0.18951520628145932,0.09975739898076388
9,0.8134340852312981,58.964460797614144,24,0.37860168017199236,0.18951144960466967,0.09988027173817488
9,0.8134340852312981,58.964460797614144,25,0.37861716318475663,0.18950967785025888,0.09993828182372043
9,0.8134340852312981,58.964460797614144,26,0.37862434461433364,0.18950884148718916,0.09996565626029948
9,0.8134340852312981,58.964460797614144,27,0.37862761142421675,0.18950844295043304,0.09997856464730094
9,0.8134340852312981,58.964460797614144,28,0.3786290304565708,0.18950824940996294,0.09998465164030988
9,0.8134340852312981,58.964460797614144,29,0.3786292286903701,0.18950797205466857,0.0999871071715649
9,0.8134340852312981,58.964460797614144,30,0.37862851178585716,0.1895079497060626,0.09998755421558166
10,0.8134340852312981,58.96245659617703,1,-0.3709591906869915,-0.3464309477766376,0.5252635194927681
10,0.8134340852312981,58.96245659617703,2,-0.2535308496120828,-0.34660841365297923,0.31522087598456744
10,0.8134340852312981,58.96245659617703,3,-0.14952493871785,-0.3364428034216293,0.1404031186179017
10,0.8134340852312981,58.96245659617703,4,-0.09958066219482548,-0.3002842667265026,0.15431604873667312
10,0.8134340852312981,58.96245659617703,5,-0.05678287230171932,-0.2585738417590482,0.17849864728366138
10,0.8134340852312981,58.96245659617703,6,-0.0141560059313207,-0.21702999765445785,0.18854675279696828
10,0.8134340852312981,58.96245659617703,7,0.02830522403770163,-0.17564758162147442,0.18451751424929255
10,0.8134340852312981,58.96245659617703,8,0.07060057726954416,-0.1344268278896814,0.1664661480517609
10,0.8134340852312981,58.96245659617703,9,0.11577707497383012,-0.09939946593401268,0.16365472161680308
10,0.8134340852312981,58.96245659617703,10,0.16116231280203883,-0.06525756456138096,0.1504593371463983
10,0.8134340852312981,58.96245659617703,11,0.20255028583497656,-0.028886171476080188,0.14125037775811317
10,0.8134340852312981,58.96245659617703,12,0.24255675128805246,0.007424200436463281,0.12339926268793587
10,0.8134340852312981,58.96245659617703,13,0.27643981018164604,0.04185792885285384,0.11648378992848604
10,0.8134340852312981,58.96245659617703,14,0.3085758403609962,0.07389568539218305,0.10680582131503369
10,0.8134340852312981,58.96245659617703,15,0.33731166774268484,0.1026408489735734,0.10164768660616287
10,0.8134340852312981,58.96245659617703,16,0.36260969714100705,0.12855817589171198,0.09995886259300749
10,0.8134340852312981,58.96245659617703,17,0.3688938807752441,0.14839028437020765,0.10007950697411448
10,0.8134340852312981,58.96245659617703,18,0.37196586726766084,0.1649667980384678,0.0986622617608023
10,0.8134340852312981,58.96245659617703,19,0.3750557940954859,0.17809259202688416,0.09889222660310718
10,0.8134340852312981,58.96245659617703,20,0.37780376333755356,0.18814578651111863,0.09884150821539545
10,0.8134340852312981,58.96245659617703,21,0.37834431399786006,0.18952699782293028,0.09894567170997721
10,0.8134340852312981,58.96245659617703,22,0.3784944224813392,0.18951039194217367,0.09949711472279026
10,0.8134340852312981,58.96245659617703,23,0.3785652289214965,0.18950252586878485,0.09975739789236916
10,0.8134340852312981,58.96245659617703,24,0.37859843960858386,0.18949881260897947,0.09988027125268993
10,0.8134340852312981,58.96245659617703,25,0.3786139621699315,0.18949706121391718,0.09993828160498774
10,0.8134340852312981,58.96245659617703,26,0.37862116215304836,0.18949623440920235,0.09996565616396821
10,0.8134340852312981,58.96245659617703,27,0.3786244376630426,0.18949584036917488,0.09997856460383328
10,0.8134340852312981,58.96245659617703,28,0.3786258607665018,0.18949564895190912,0.09998465161972855
10,0.8134340852312981,58.96245659617703,29,0.3786260615414815,0.18949537370622974,0.09998710804302541
10,0.8134340852312981,58.96245659617703,30,0.378625344993389,0.18949535145907662,0.09998755464447387
11,0.8134340852312981,58.96133310004754,1,-0.3709591906869915,-0.3464309477766376,0.5252635194927681
11,0.8134340852312981,58.96133310004754,2,-0.2535308496120828,-0.34660841365297923,0.31522087598456744
11,0.8134340852312981,58.96133310004754,3,-0.14952493871785,-0.3364428034216293,0.1404031186179017
11,0.8134340852312981,58.96133310004754,4,-0.09958066219482548,-0.3002842667265026,0.15431604873667312
11,0.8134340852312981,58.96133310004754,5,-0.05678287230171932,-0.2585738417590482,0.17849864728366138
11,0.8134340852312981,58.96133310004754,6,-0.0141560059313207,-0.21702999765445785,0.18854675279696828
11,0.8134340852312981,58.96133310004754,7,0.02830522403770163,-0.17564758162147442,0.18451751424929255
11,0.8134340852312981,58.96133310004754,8,0.07060057726954416,-0.1344268278896814,0.1664661480517609
11,0.8134340852312981,58.96133310004754,9,0.11577707497383012,-0.09939946593401268,0.16365472161680308
11,0.8134340852312981,58.96133310004754,10,0.16116231280203883,-0.06525756456138096,0.1504593371463983
11,0.8134340852312981,58.96133310004754,11,0.20255028583497656,-0.028886171476080188,0.14125037775811317
11,0.8134340852312981,58.96133310004754,12,0.24255675128805246,0.007424200436463281,0.12339926268793587
11,0.8134340852312981,58.96133310004754,13,0.27643981018164604,0.04185792885285384,0.11648378992848604
11,0.8134340852312981,58.96133310004754,14,0.3085758403609962,0.07389568539218305,0.10680582131503369
11,0.8134340852312981,58.96133310004754,15,0.33731166774268484,0.1026408489735734,0.10164768660616287
11,0.8134340852312981,58.96133310004754,16,0.36260969714100705,0.12855817589171198,0.09995886259300749
11,0.8134340852312981,58.96133310004754,17,0.3688938807752441,0.14839028437020765,0.10007950697411448
11,0.8134340852312981,58.96133310004754,18,0.37196586726766084,0.1649667980384678,0.0986622617608023
11,0.8134340852312981,58.96133310004754,19,0.3750557940954859,0.17809259202688416,0.09889222660310718
11,0.8134340852312981,58.96133310004754,20,0.37780376333755356,0.18814578651111863,0.09884150821539545
11,0.8134340852312981,58.96133310004754,21,0.37834780253612116,0.18951531693938872,0.09894654303630085
11,0.8134340852312981,58.96133310004754,22,0.3784953253283706,0.18950188292673767,0.09949753731195396
11,0.8134340852312981,58.96133310004754,23,0.37856448312882457,0.18949555305049473,0.09975759583275647
11,0.8134340852312981,58.96133310004754,24,0.37859691774322474,0.1894925617659415,0.09988036431939151
11,0.8134340852312981,58.96133310004754,25,0.37861207489072607,0.18949114973381068,0.09993832539796729
11,0.8134340852312981,58.96133310004754,26,0.37861910233562146,0.1894904821282177,0.09996567531451854
11,0.8134340852312981,58.96133310004754,27,0.37862229599469727,0.18949016275905933,0.09997857293107892
11,0.8134340852312981,58.96133310004754,28,0.3786236802689932,0.1894900063666109,0.09998465521495423
11,0.8134340852312981,58.96133310004754,29,0.37862385103465257,0.18948976199227022,0.09998709977656742
11,0.8134340852312981,58.96133310004754,30,0.3786231306440138,0.1894897396820108,0.09998755085180752
12,0.8134340852312981,58.9552626708301,1,-0.3709591906869915,-0.3464309477766376,0.5252635194927681
12,0.8134340852312981,58.9552626708301,2,-0.2535308496120828,-0.34660841365297923,0.31522087598456744
12,0.8134340852312981,58.9552626708301,3,-0.14952493871785,-0.3364428034216293,0.1404031186179017
12,0.8134340852312981,58.9552626708301,4,-0.09958066219482548,-0.3002842667265026,0.15431604873667312
12,0.8134340852312981,58.9552626708301,5,-0.05678287230171932,-0.2585738417590482,0.17849864728366138
12,0.8134340852312981,58.9552626708301,6,-0.0141560059313207,-0.21702999765445785,0.18854675279696828
12,0.8134340852312981,58.9552626708301,7,0.02830522403770163,-0.17564758162147442,0.18451751424929255
12,0.8134340852312981,58.9552626708301,8,0.07060057726954416,-0.1344268278896814,0.1664661480517609
12,0.8134340852312981,58.9552626708301,9,0.11577707497383012,-0.09939946593401268,0.16365472161680308
12,0.8134340852312981,58.9552626708301,10,0.16116231280203883,-0.06525756456138096,0.1504593371463983
12,0.8134340852312981,58.9552626708301,11,0.20255028583497656,-0.028886171476080188,0.14125037775811317
12,0.8134340852312981,58.9552626708301,12,0.24255675128805246,0.007424200436463281,0.12339926268793587
12,0.8134340852312981,58.9552626708301,13,0.27643981018164604,0.04185792885285384,0.11648378992848604
12,0.8134340852312981,58.9552626708301,14,0.3085758403609962,0.07389568539218305,0.10680582131503369
12,0.8134340852312981,58.9552626708301,15,0.33731166774268484,0.1026408489735734,0.10164768660616287
12,0.8134340852312981,58.9552626708301,16,0.36260969714100705,0.12855817589171198,0.09995886259300749
12,0.8134340852312981,58.9552626708301,17,0.3688938906072267,0.14839029024066266,0.10007949810783916
12,0.8134340852312981,58.9552626708301,18,0.37196608476300785,0.16496679878969894,0.09866247320432488
12,0.8134340852312981,58.9552626708301,19,0.37505626875125503,0.17809268703314107,0.09889228626624379
12,0.8134340852312981,58.9552626708301,20,0.3778045237802672,0.1881460367809708,0.09884100897124425
12,0.8134340852312981,58.9552626708301,21,0.3783530583161043,0.18948998876708165,0.09894565425092214
12,0.8134340852312981,58.9552626708301,22,0.3785020315572015,0.18947473098482587,0.09949709097862992
12,0.8134340852312981,58.9552626708301,23,0.37857110190914484,0.1894674962444918,0.09975732252975908
12,0.8134340852312981,58.9552626708301,24,0.3786051668560006,0.18946408787389854,0.09988021104310424
12,0.8134340852312981,58.9552626708301,25,0.3786212590007795,0.18946247960166848,0.09993815701580648
12,0.8134340852312981,58.9552626708301,26,0.37862884907353783,0.18946172803749847,0.09996554293536465
12,0.8134340852312981,58.9552626708301,27,0.37863271884543737,0.18946137294145082,0.09997846834959614
12,0.8134340852312981,58.9552626708301,28,0.37863456485459956,0.18946120107714057,0.0999845902631514
12,0.8134340852312981,58.9552626708301,29,0.37863424363973675,0.18946091630306944,0.09998600818850324
12,0.8134340852312981,58.9552626708301,30,0.3786335927756185,0.18946087513587928,0.09998617528706734
13,0.8134340852312981,58.95369694275206,1,-0.3709591906869915,-0.3464309477766376,0.5252635194927681
13,0.8134340852312981,58.95369694275206,2,-0.2535308496120828,-0.34660841365297923,0.31522087598456744
13,0.8134340852312981,58.95369694275206,3,-0.14952493871785,-0.3364428034216293,0.1404031186179017
13,0.8134340852312981,58.95369694275206,4,-0.09958066219482548,-0.3002842667265026,0.15431604873667312
13,0.8134340852312981,58.95369694275206,5,-0.05678287230171932,-0.2585738417590482,0.17849864728366138
13,0.8134340852312981,58.95369694275206,6,-0.0141560059313207,-0.21702999765445785,0.18854675279696828
13,0.8134340852312981,58.95369694275206,7,0.02830522403770163,-0.17564758162147442,0.18451751424929255
13,0.8134340852312981,58.95369694275206,8,0.07060057726954416,-0.1344268278896814,0.1664661480517609
13,0.8134340852312981,58.95369694275206,9,0.11577707497383012,-0.09939946593401268,0.16365472161680308
13,0.8134340852312981,58.95369694275206,10,0.16116231280203883,-0.06525756456138096,0.1504593371463983
13,0.8134340852312981,58.95369694275206,11,0.20255028583497656,-0.028886171476080188,0.14125037775811317
13,0.8134340852312981,58.95369694275206,12,0.24255675128805246,0.007424200436463281,0.12339926268793587
13,0.8134340852312981,58.95369694275206,13,0.27643981018164604,0.04185792885285384,0.11648378992848604
13,0.8134340852312981,58.95369694275206,14,0.3085758403609962,0.07389568539218305,0.10680582131503369
13,0.8134340852312981,58.95369694275206,15,0.33731166774268484,0.1026408489735734,0.10164768660616287
13,0.8134340852312981,58.95369694275206,16,0.36260969714100705,0.12855817589171198,0.09995886259300749
13,0.8134340852312981,58.95369694275206,17,0.36889389473468626,0.1483902888874622,0.10007948455587223
13,0.8134340852312981,58.95369694275206,18,0.3719660408892859,0.16496680584745463,0.0986621798813036
13,0.8134340852312981,58.95369694275206,19,0.37505613904370744,0.17809258885233062,0.0988922333192652
13,0.8134340852312981,58.95369694275206,20,0.37780425083204106,0.1881457865354902,0.09884149873248699
13,0.8134340852312981,58.95369694275206,21,0.3783531032276204,0.1894795969340023,0.09894631129072436
13,0.8134340852312981,58.95369694275206,22,0.3785018819264313,0.18946526860965177,0.09949741350383694
13,0.8134340852312981,58.95369694275206,23,0.37857202229415615,0.18945848411443977,0.09975753822469864
13,0.8134340852312981,58.95369694275206,24,0.37860491911488564,0.189455279007783,0.09988033732664585
13,0.8134340852312981,58.95369694275206,25,0.37862029364102096,0.18945376638367964,0.0999383127316164
13,0.8134340852312981,58.95369694275206,26,0.3786274235121246,0.18945305160313894,0.09996566996118063
13,0.8134340852312981,58.95369694275206,27,0.3786306655809493,0.18945271013120923,0.09997857069494448
13,0.8134340852312981,58.95369694275206,28,0.3786320727205888,0.18945254339634532,0.09998465429458891
13,0.8134340852312981,58.95369694275206,29,0.37863225954399987,0.18945229033128905,0.0999871048078774
13,0.8134340852312981,58.95369694275206,30,0.378631541512215,0.18945226822921207,0.09998755324520545
14,0.8134340852312981,58.9537497882217,1,-0.3709591906869915,-0.3464309477766376,0.5252635194927681
14,0.8134340852312981,58.9537497882217,2,-0.2535308496120828,-0.34660841365297923,0.31522087598456744
14,0.8134340852312981,58.9537497882217,3,-0.14952493871785,-0.3364428034216293,0.1404031186179017
14,0.8134340852312981,58.9537497882217,4,-0.09958066219482548,-0.3002842667265026,0.15431604873667312
14,0.8134340852312981,58.9537497882217,5,-0.05678287230171932,-0.2585738417590482,0.17849864728366138
14,0.8134340852312981,58.9537497882217,6,-0.0141560059313207,-0.21702999765445785,0.18854675279696828
14,0.8134340852312981,58.9537497882217,7,0.02830522403770163,-0.17564758162147442,0.18451751424929255
14,0.8134340852312981,58.9537497882217,8,0.07060057726954416,-0.1344268278896814,0.1664661480517609
14,0.8134340852312981,58.9537497882217,9,0.11577707497383012,-0.09939946593401268,0.16365472161680308
14,0.8134340852312981,58.9537497882217,10,0.16116231280203883,-0.06525756456138096,0.1504593371463983
14,0.8134340852312981,58.9537497882217,11,0.20255028583497656,-0.028886171476080188,0.14125037775811317
14,0.8134340852312981,58.9537497882217,12,0.24255675128805246,0.007424200436463281,0.12339926268793587
14,0.8134340852312981,58.9537497882217,13,0.27643981018164604,0.04185792885285384,0.11648378992848604
14,0.8134340852312981,58.9537497882217,14,0.3085758403609962,0.07389568539218305,0.10680582131503369
14,0.8134340852312981,58.9537497882217,15,0.33731166774268484,0.1026408489735734,0.10164768660616287
14,0.8134340852312981,58.9537497882217,16,0.36260969714100705,0.12855817589171198,0.09995886259300749
14,0.8134340852312981,58.9537497882217,17,0.3688938807752441,0.14839028437020765,0.10007950697411448
14,0.8134340852312981,58.9537497882217,18,0.37196586726766084,0.1649667980384678,0.0986622617608023
14,0.8134340852312981,58.9537497882217,19,0.3750557940954859,0.17809259202688416,0.09889222660310718
14,0.8134340852312981,58.9537497882217,20,0.37780376333755356,0.18814578651111863,0.09884150821539545
14,0.8134340852312981,58.9537497882217,21,0.3783492192809849,0.18947929725439877,0.09894619993872619
14,0.8134340852312981,58.9537497882217,22,0.37849879680383625,0.1894644104288157,0.09949736344564625
14,0.8134340852312981,58.9537497882217,23,0.37856931922006487,0.18945736419692125,0.09975751493973957
14,0.8134340852312981,58.9537497882217,24,0.37860239582319505,0.18945403604730185,0.0998803264184529
14,0.8134340852312981,58.9537497882217,25,0.3786178549562927,0.1894524655704973,0.09993830761319822
14,0.8134340852312981,58.9537497882217,26,0.37862502473654247,0.18945172365249718,0.09996566784194882
14,0.8134340852312981,58.9537497882217,27,0.3786282857038815,0.18945136945493102,0.09997856983332992
14,0.8134340852312981,58.9537497882217,28,0.37862970179109673,0.18945119675388983,0.09998465395300504
14,0.8134340852312981,58.9537497882217,29,0.3786298952158424,0.18945093844512484,0.09998710672341012
14,0.8134340852312981,58.9537497882217,30,0.3786291781055029,0.18945091637873296,0.09998755414079775
15,0.8134340852312981,58.95402025555818,1,-0.3709591906869915,-0.3464309477766376,0.5252635194927681
15,0.8134340852312981,58.95402025555818,2,-0.2535308496120828,-0.34660841365297923,0.31522087598456744
15,0.8134340852312981,58.95402025555818,3,-0.14952493871785,-0.3364428034216293,0.1404031186179017
15,0.8134340852312981,58.95402025555818,4,-0.09958066219482548,-0.3002842667265026,0.15431604873667312
15,0.8134340852312981,58.95402025555818,5,-0.05678287230171932,-0.2585738417590482,0.17849864728366138
15,0.8134340852312981,58.95402025555818,6,-0.0141560059313207,-0.21702999765445785,0.18854675279696828
15,0.8134340852312981,58.95402025555818,7,0.02830522403770163,-0.17564758162147442,0.18451751424929255
15,0.8134340852312981,58.95402025555818,8,0.07060057726954416,-0.1344268278896814,0.1664661480517609
15,0.8134340852312981,58.95402025555818,9,0.11577707497383012,-0.09939946593401268,0.16365472161680308
15,0.8134340852312981,58.95402025555818,10,0.16116231280203883,-0.06525756456138096,0.1504593371463983
15,0.8134340852312981,58.95402025555818,11,0.20255028583497656,-0.028886171476080188,0.14125037775811317
15,0.8134340852312981,58.95402025555818,12,0.24255675128805246,0.007424200436463281,0.12339926268793587
15,0.8134340852312981,58.95402025555818,13,0.27643981018164604,0.04185792885285384,0.11648378992848604
15,0.8134340852312981,58.95402025555818,14,0.3085758403609962,0.07389568539218305,0.10680582131503369
15,0.8134340852312981,58.95402025555818,15,0.33731166774268484,0.1026408489735734,0.10164768660616287
15,0.8134340852312981,58.95402025555818,16,0.36260969714100705,0.12855817589171198,0.09995886259300749
15,0.8134340852312981,58.95402025555818,17,0.3688938807752441,0.14839028437020765,0.10007950697411448
15,0.8134340852312981,58.95402025555818,18,0.37196586726766084,0.1649667980384678,0.0986622617608023
15,0.8134340852312981,58.95402025555818,19,0.3750557940954859,0.17809259202688416,0.09889222660310718
15,0.8134340852312981,58.95402025555818,20,0.37780376333755356,0.18814578651111863,0.09884150821539545
15,0.8134340852312981,58.95402025555818,21,0.3783506963908238,0.18947838886017648,0.09894678242869698
15,0.8134340852312981,58.95402025555818,22,0.378500238984269,0.1894652723416006,0.09949770764737922
15,0.8134340852312981,58.95402025555818,23,0.3785708054310147,0.18945907489193708,0.09975775557095147
15,0.8134340852312981,58.95402025555818,24,0.37860369238727337,0.1894561535650484,0.09988049802401135
15,0.8134340852312981,58.95402025555818,25,0.37861890104957413,0.18945476970903102,0.09993838679550947
15,0.8134340852312981,58.95402025555818,26,0.3786258006231956,0.1894541044862197,0.09996568513458616
15,0.8134340852312981,58.95402025555818,27,0.3786287946266727,0.18945377485546647,0.0999785583789706
15,0.8134340852312981,58.95402025555818,28,0.3786298619047316,0.18945343855146007,0.0999845024987229
15,0.8134340852312981,58.95402025555818,29,0.3786282629729411,0.18945331200505644,0.0999856583453145
15,0.8134340852312981,58.95402025555818,30,0.3786268344107027,0.18945327219694458,0.09998640338685366
16,0.8134340852312981,58.95011161266312,1,-0.3709591906869915,-0.3464309477766376,0.5252635194927681
16,0.8134340852312981,58.95011161266312,2,-0.2535308496120828,-0.34660841365297923,0.31522087598456744
16,0.8134340852312981,58.95011161266312,3,-0.14952493871785,-0.3364428034216293,0.1404031186179017
16,0.8134340852312981,58.95011161266312,4,-0.09958066219482548,-0.3002842667265026,0.15431604873667312
16,0.8134340852312981,58.95011161266312,5,-0.05678287230171932,-0.2585738417590482,0.17849864728366138
16,0.8134340852312981,58.95011161266312,6,-0.0141560059313207,-0.21702999765445785,0.18854675279696828
16,0.8134340852312981,58.95011161266312,7,0.02830522403770163,-0.17564758162147442,0.18451751424929255
16,0.8134340852312981,58.95011161266312,8,0.07060057726954416,-0.1344268278896814,0.1664661480517609
16,0.8134340852312981,58.95011161266312,9,0.11577707497383012,-0.09939946593401268,0.16365472161680308
16,0.8134340852312981,58.95011161266312,10,0.16116231280203883,-0.06525756456138096,0.1504593371463983
16,0.8134340852312981,58.95011161266312,11,0.20255028583497656,-0.028886171476080188,0.14125037775811317
16,0.8134340852312981,58.95011161266312,12,0.24255675128805246,0.007424200436463281,0.12339926268793587
16,0.8134340852312981,58.95011161266312,13,0.27643981018164604,0.04185792885285384,0.11648378992848604
16,0.8134340852312981,58.95011161266312,14,0.3085758403609962,0.07389568539218305,0.10680582131503369
16,0.8134340852312981,58.95011161266312,15,0.33731166774268484,0.1026408489735734,0.10164768660616287
16,0.8134340852312981,58.95011161266312,16,0.36260969714100705,0.12855817589171198,0.09995886259300749
16,0.8134340852312981,58.95011161266312,17,0.3688938906072267,0.14839029024066266,0.10007949810783916
16,0.8134340852312981,58.95011161266312,18,0.37196602909438264,0.16496682741283544,0.09866213972878836
16,0.8134340852312981,58.95011161266312,19,0.3750561208868177,0.17809260478923547,0.09889222174348007
16,0.8134340852312981,58.95011161266312,20,0.3778042270601704,0.18814580106421086,0.09884149338742615
16,0.8134340852312981,58.95011161266312,21,0.3783581842179076,0.1894572208745854,0.09894634294662727
16,0.8134340852312981,58.95011161266312,22,0.37850484157411834,0.18944490922607765,0.09949741304038101
16,0.8134340852312981,58.95011161266312,23,0.37857241863163665,0.189438907090469,0.09975745549044203
16,0.8134340852312981,58.95011161266312,24,0.3786039857351651,0.1894360581965415,0.09988020635268077
16,0.8134340852312981,58.95011161266312,25,0.37861889152469824,0.18943471146348848,0.09993816077093425
16,0.8134340852312981,58.95011161266312,26,0.37862592966430914,0.1894340752892519,0.09996552376173239
16,0.8134340852312981,58.95011161266312,27,0.3786292528433766,0.18943377485695193,0.0999784433200998
16,0.8134340852312981,58.95011161266312,28,0.37863082192912895,0.18943363299303018,0.09998454339433042
16,0.8134340852312981,58.95011161266312,29,0.3786315627927848,0.18943356600790753,0.09998742360431835
16,0.8134340852312981,58.95011161266312,30,0.3786319126004206,0.18943353437957955,0.09998878352610234
17,0.8134340852312981,58.950678737733696,1,-0.3709591906869915,-0.3464309477766376,0.5252635194927681
17,0.8134340852312981,58.950678737733696,2,-0.2535308496120828,-0.34660841365297923,0.31522087598456744
17,0.8134340852312981,58.950678737733696,3,-0.14952493871785,-0.3364428034216293,0.1404031186179017
17,0.8134340852312981,58.950678737733696,4,-0.09958066219482548,-0.3002842667265026,0.15431604873667312
17,0.8134340852312981,58.950678737733696,5,-0.05678287230171932,-0.2585738417590482,0.17849864728366138
17,0.8134340852312981,58.950678737733696,6,-0.0141560059313207,-0.21702999765445785,0.18854675279696828
17,0.8134340852312981,58.950678737733696,7,0.02830522403770163,-0.17564758162147442,0.18451751424929255
17,0.8134340852312981,58.950678737733696,8,0.07060057726954416,-0.1344268278896814,0.1664661480517609
17,0.8134340852312981,58.950678737733696,9,0.11577707497383012,-0.09939946593401268,0.16365472161680308
17,0.8134340852312981,58.950678737733696,10,0.16116231280203883,-0.06525756456138096,0.1504593371463983
17,0.8134340852312981,58.950678737733696,11,0.20255028583497656,-0.028886171476080188,0.14125037775811317
17,0.8134340852312981,58.950678737733696,12,0.24255675128805246,0.007424200436463281,0.12339926268793587
17,0.8134340852312981,58.950678737733696,13,0.27643981018164604,0.04185792885285384,0.11648378992848604
17,0.8134340852312981,58.950678737733696,14,0.3085758403609962,0.07389568539218305,0.10680582131503369
17,0.8134340852312981,58.950678737733696,15,0.33731166774268484,0.1026408489735734,0.10164768660616287
17,0.8134340852312981,58.950678737733696,16,0.36260969714100705,0.12855817589171198,0.09995886259300749
17,0.8134340852312981,58.950678737733696,17,0.3688949801404491,0.14839039635025197,0.10007962616991892
17,0.8134340852312981,58.950678737733696,18,0.37196822462428236,0.1649670444464262,0.09866180465390822
17,0.8134340852312981,58.950678737733696,19,0.37505909652852415,0.17809274184670668,0.098891933266438
17,0.8134340852312981,58.950678737733696,20,0.3778081698173008,0.18814606661265357,0.09884040459873676
17,0.8134340852312981,58.950678737733696,21,0.37836413397607793,0.1894676016750414,0.09894601379883215
17,0.8134340852312981,58.950678737733696,22,0.3785136648351625,0.18945449734893144,0.09949735426833274
17,0.8134340852312981,58.950678737733696,23,0.37858406798066824,0.18944816655642557,0.09975758861509361
17,0.8134340852312981,58.950678737733696,24,0.37861687861496157,0.1894451829417803,0.09988041920918493
17,0.8134340852312981,58.950678737733696,25,0.3786320516353354,0.1894437699916921,0.0999383496093924
17,0.8134340852312981,58.950678737733696,26,0.37863893456742415,0.1894430911799354,0.09996566759074135
17,0.8134340852312981,58.950678737733696,27,0.37864166079584616,0.18944275678277778,0.09997853896125007
17,0.8134340852312981,58.950678737733696,28,0.3786417001609933,0.18944257149273358,0.09998462009323188
17,0.8134340852312981,58.950678737733696,29,0.37864010128420267,0.18944230121901823,0.09998700869302829
17,0.8134340852312981,58.950678737733696,30,0.37863875693778326,0.18944229568183676,0.0999882770941293
18,0.8134340852312981,58.95032064383903,1,-0.3709591906869915,-0.3464309477766376,0.5252635194927681
18,0.8134340852312981,58.95032064383903,2,-0.2535308496120828,-0.34660841365297923,0.31522087598456744
18,0.8134340852312981,58.95032064383903,3,-0.14952493871785,-0.3364428034216293,0.1404031186179017
18,0.8134340852312981,58.95032064383903,4,-0.09958066219482548,-0.3002842667265026,0.15431604873667312
18,0.8134340852312981,58.95032064383903,5,-0.05678287230171932,-0.2585738417590482,0.17849864728366138
18,0.8134340852312981,58.95032064383903,6,-0.0141560059313207,-0.21702999765445785,0.18854675279696828
18,0.8134340852312981,58.95032064383903,7,0.02830522403770163,-0.17564758162147442,0.18451751424929255
18,0.8134340852312981,58.95032064383903,8,0.07060057726954416,-0.1344268278896814,0.1664661480517609
18,0.8134340852312981,58.95032064383903,9,0.11577707497383012,-0.09939946593401268,0.16365472161680308
18,0.8134340852312981,58.95032064383903,10,0.16116231280203883,-0.06525756456138096,0.1504593371463983
18,0.8134340852312981,58.95032064383903,11,0.20255028583497656,-0.028886171476080188,0.14125037775811317
18,0.8134340852312981,58.95032064383903,12,0.24255675128805246,0.007424200436463281,0.12339926268793587
18,0.8134340852312981,58.95032064383903,13,0.27643981018164604,0.04185792885285384,0.11648378992848604
18,0.8134340852312981,58.95032064383903,14,0.3085758403609962,0.07389568539218305,0.10680582131503369
18,0.8134340852312981,58.95032064383903,15,0.33731166774268484,0.1026408489735734,0.10164768660616287
18,0.8134340852312981,58.95032064383903,16,0.36260969714100705,0.12855817589171198,0.09995886259300749
18,0.8134340852312981,58.95032064383903,17,0.36889488635699197,0.1483903225722524,0.10007972798649882
18,0.8134340852312981,58.95032064383903,18,0.3719680839915921,0.164966952432966,0.0986615089337004
18,0.8134340852312981,58.95032064383903,19,0.3750589229549246,0.17809254266273847,0.09889176273071926
18,0.8134340852312981,58.95032064383903,20,0.3778080169715443,0.18814578400112783,0.09884038938968388
18,0.8134340852312981,58.95032064383903,21,0.3783578332461165,0.18946577325023606,0.0989455516056537
18,0.8134340852312981,58.95032064383903,22,0.37850914263239543,0.1894511195586811,0.09949713737419491
18,0.8134340852312981,58.95032064383903,23,0.3785803389095571,0.18944420872533582,0.09975748716257533
18,0.8134340852312981,58.95032064383903,24,0.3786135217663967,0.1894409536904117,0.09988037283302162
18,0.8134340852312981,58.95032064383903,25,0.3786288700197022,0.18943941392034924,0.09993832906035753
18,0.8134340852312981,58.95032064383903,26,0.3786355700535453,0.18943867587894914,0.0999656437289392
18,0.8134340852312981,58.95032064383903,27,0.37863784568134323,0.1894383103947077,0.09997853997670778
18,0.8134340852312981,58.95032064383903,28,0.37863723669374855,0.18943810593488744,0.09998460082341958
18,0.8134340852312981,58.95032064383903,29,0.3786362004626772,0.1894379866401897,0.0999874435086409
18,0.8134340852312981,58.95032064383903,30,0.378635207507248,0.18943790564864535,0.09998878612634958
19,0.8134340852312981,58.94913116528707,1,-0.3709591906869915,-0.3464309477766376,0.5252635194927681
19,0.8134340852312981,58.94913116528707,2,-0.2535308496120828,-0.34660841365297923,0.31522087598456744
19,0.8134340852312981,58.94913116528707,3,-0.14952493871785,-0.3364428034216293,0.1404031186179017
19,0.8134340852312981,58.94913116528707,4,-0.09958066219482548,-0.3002842667265026,0.15431604873667312
19,0.8134340852312981,58.94913116528707,5,-0.05678287230171932,-0.2585738417590482,0.17849864728366138
19,0.8134340852312981,58.94913116528707,6,-0.0141560059313207,-0.21702999765445785,0.18854675279696828
19,0.8134340852312981,58.94913116528707,7,0.02830522403770163,-0.17564758162147442,0.18451751424929255
19,0.8134340852312981,58.94913116528707,8,0.07060057726954416,-0.1344268278896814,0.1664661480517609
19,0.8134340852312981,58.94913116528707,9,0.11577707497383012,-0.09939946593401268,0.16365472161680308
19,0.8134340852312981,58.94913116528707,10,0.16116231280203883,-0.06525756456138096,0.1504593371463983
19,0.8134340852312981,58.94913116528707,11,0.20255028583497656,-0.028886171476080188,0.14125037775811317
19,0.8134340852312981,58.94913116528707,12,0.24255675128805246,0.007424200436463281,0.12339926268793587
19,0.8134340852312981,58.94913116528707,13,0.27643981018164604,0.04185792885285384,0.11648378992848604
19,0.8134340852312981,58.94913116528707,14,0.3085758403609962,0.07389568539218305,0.10680582131503369
19,0.8134340852312981,58.94913116528707,15,0.33731166774268484,0.1026408489735734,0.10164768660616287
19,0.8134340852312981,58.94913116528707,16,0.36260969714100705,0.12855817589171198,0.09995886259300749
19,0.8134340852312981,58.94913116528707,17,0.36889488635306855,0.1483903225694494,0.1000797279901963
19,0.8134340852312981,58.94913116528707,18,0.3719680839854477,0.16496695242937814,0.0986615089228931
19,0.8134340852312981,58.94913116528707,19,0.3750589207912778,0.17809254357504203,0.09889175325560466
19,0.8134340852312981,58.94913116528707,20,0.3778080124628165,0.18814578073197827,0.09884039086222016
19,0.8134340852312981,58.94913116528707,21,0.3783581558618439,0.18945885134758608,0.0989456052034737
19,0.8134340852312981,58.94913116528707,22,0.37850933735620756,0.18944450873826496,0.09949716243786694
19,0.8134340852312981,58.94913116528707,23,0.3785804637165297,0.18943773581109052,0.09975749887960991
19,0.8134340852312981,58.94913116528707,24,0.3786134592343204,0.18943454288516498,0.09988036354369861
19,0.8134340852312981,58.94913116528707,25,0.3786283559862454,0.18943302756385558,0.09993829912582343
19,0.8134340852312981,58.94913116528707,26,0.37863566683268035,0.18943231075707884,0.09996564321421453
19,0.8134340852312981,58.94913116528707,27,0.37863756132562626,0.18943194321527526,0.0999785363699729
19,0.8134340852312981,58.94913116528707,28,0.37863721434698683,0.18943174120885517,0.09998459186293261
19,0.8134340852312981,58.94913116528707,29,0.37863635397225337,0.1894316248709736,0.09998743782665699
19,0.8134340852312981,58.94913116528707,30,0.3786354432710915,0.18943147705790256,0.09998866675711314
20,0.8134340852312981,58.94706044705195,1,-0.3709591906869915,-0.3464309477766376,0.5252635194927681
20,0.8134340852312981,58.94706044705195,2,-0.2535308496120828,-0.34660841365297923,0.31522087598456744
20,0.8134340852312981,58.94706044705195,3,-0.14952493871785,-0.3364428034216293,0.1404031186179017
20,0.8134340852312981,58.94706044705195,4,-0.09958066219482548,-0.3002842667265026,0.15431604873667312
20,0.8134340852312981,58.94706044705195,5,-0.05678287230171932,-0.2585738417590482,0.17849864728366138
20,0.8134340852312981,58.94706044705195,6,-0.0141560059313207,-0.21702999765445785,0.18854675279696828
20,0.8134340852312981,58.94706044705195,7,0.02830522403770163,-0.17564758162147442,0.18451751424929255
20,0.8134340852312981,58.94706044705195,8,0.07060057726954416,-0.1344268278896814,0.1664661480517609
20,0.8134340852312981,58.94706044705195,9,0.11577707497383012,-0.09939946593401268,0.16365472161680308
20,0.8134340852312981,58.94706044705195,10,0.16116231280203883,-0.06525756456138096,0.1504593371463983
20,0.8134340852312981,58.94706044705195,11,0.20255028583497656,-0.028886171476080188,0.14125037775811317
20,0.8134340852312981,58.94706044705195,12,0.24255675128805246,0.007424200436463281,0.12339926268793587
20,0.8134340852312981,58.94706044705195,13,0.27643981018164604,0.04185792885285384,0.11648378992848604
20,0.8134340852312981,58.94706044705195,14,0.3085758403609962,0.07389568539218305,0.10680582131503369
20,0.8134340852312981,58.94706044705195,15,0.33731166774268484,0.1026408489735734,0.10164768660616287
20,0.8134340852312981,58.94706044705195,16,0.36260969714100705,0.12855817589171198,0.09995886259300749
20,0.8134340852312981,58.94706044705195,17,0.3688948863966632,0.14839032257357196,0.10007972799581215
20,0.8134340852312981,58.94706044705195,18,0.37196808407962756,0.16496695243885515,0.09866150890569181
20,0.8134340852312981,58.94706044705195,19,0.37505892308202027,0.17809254266097943,0.09889176271441233
20,0.8134340852312981,58.94706044705195,20,0.37780801397158953,0.18814578274377838,0.09884039512582106
20,0.8134340852312981,58.94706044705195,21,0.37836233295326044,0.18944966830138135,0.09894565109621292
20,0.8134340852312981,58.94706044705195,22,0.3785132279410077,0.18943555828359185,0.09949718408222631
20,0.8134340852312981,58.94706044705195,23,0.3785842332989911,0.1894288513866178,0.0997575089613551
20,0.8134340852312981,58.94706044705195,24,0.3786173264623383,0.1894256917533635,0.09988038268218988
20,0.8134340852312981,58.94706044705195,25,0.3786326323999885,0.18942419655957268,0.09993833330042949
20,0.8134340852312981,58.94706044705195,26,0.37863957793210395,0.18942347933894632,0.09996566032497596
20,0.8134340852312981,58.94706044705195,27,0.378642273269702,0.1894231254661413,0.09997853389601923
20,0.8134340852312981,58.94706044705195,28,0.37864287078973213,0.18942288319395953,0.0999845980544649
20,0.8134340852312981,58.94706044705195,29,0.37864115675988974,0.18942265550289658,0.09998657269789546
20,0.8134340852312981,58.94706044705195,30,0.37863934415878836,0.18942264370386175,0.09998795838255045
