particle,elasticity,weight,frame,x,y,z
1,0.530406769620922,-20.830789587723586,1,0.05192623370634714,0.3412265109946589,0.8398692002682907
1,0.530406769620922,-20.830789587723586,2,0.0698123968066797,0.2822352794108464,0.7557735229613091
1,0.530406769620922,-20.830789587723586,3,0.08759392080602009,0.22358916317708008,0.6581449464872136
1,0.530406769620922,-20.830789587723586,4,0.10526351520546617,0.16531220744528444,0.5471088502745632
1,0.530406769620922,-20.830789587723586,5,0.12281381937662621,0.10742868866489272,0.42280319421689994
1,0.530406769620922,-20.830789587723586,6,0.1402375021430707,0.0499627861483772,0.2853781101710437
1,0.530406769620922,-20.830789587723586,7,0.15752733631382526,-0.007061663751318076,0.1349953933408401
1,0.530406769620922,-20.830789587723586,8,0.174335658010386,-0.07262665071959468,0.11453061470835364
1,0.530406769620922,-20.830789587723586,9,0.1822857322269369,-0.13061304464239368,0.13639702280629307
1,0.530406769620922,-20.830789587723586,10,0.19006317824442515,-0.18788283737453593,0.14617663079231008
1,0.530406769620922,-20.830789587723586,11,0.19737436953980392,-0.24353331764668099,0.14775632532445093
1,0.530406769620922,-20.830789587723586,12,0.20419148428891945,-0.297588750062547,0.14115978033347343
1,0.530406769620922,-20.830789587723586,13,0.20982082167662008,-0.346688104059018,0.14017137275965413
1,0.530406769620922,-20.830789587723586,14,0.2120378264209303,-0.3801647555397284,0.1379187294106135
1,0.530406769620922,-20.830789587723586,15,0.2143068426097535,-0.3852840816343506,0.13548075093139308
1,0.530406769620922,-20.830789587723586,16,0.21657275615942115,-0.3789469304644396,0.1315314922009395
1,0.530406769620922,-20.830789587723586,17,0.2162932725625792,-0.37275748673065084,0.12501571884651624
1,0.530406769620922,-20.830789587723586,18,0.21380250590391753,-0.3669119810584303,0.11346617927559305
1,0.530406769620922,-20.830789587723586,19,0.21074334292770275,-0.3607577864748002,0.09896703390120368
1,0.530406769620922,-20.830789587723586,20,0.21029888328769297,-0.35602844443870346,0.10262069455872787
1,0.530406769620922,-20.830789587723586,21,0.2101100582246384,-0.3518126607838632,0.09914000884498268
1,0.530406769620922,-20.830789587723586,22,0.21014863073141934,-0.35104877505942744,0.09972910003401383
1,0.530406769620922,-20.830789587723586,23,0.2102565806437202,-0.35094995687885755,0.09986762653854837
1,0.530406769620922,-20.830789587723586,24,0.21022684297167651,-0.35094712557062446,0.09993302238355524
1,0.530406769620922,-20.830789587723586,25,0.21021276894082927,-0.3509455654971727,0.0999638935811515
1,0.530406769620922,-20.830789587723586,26,0.21020604314697108,-0.3509445572100391,0.09997845124642873
1,0.530406769620922,-20.830789587723586,27,0.21020130576335297,-0.35094169374542916,0.09998453296764957
1,0.530406769620922,-20.830789587723586,28,0.2101991334018414,-0.35094037463489325,0.09998747744503242
1,0.530406769620922,-20.830789587723586,29,0.21019794660888028,-0.3509393618151037,0.09998878680278896
1,0.530406769620922,-20.830789587723586,30,0.210197550471275,-0.3509389251413798,0.09998942482175982
2,0.4721287333415319,-15.408705112555143,1,0.051633600310849674,0.34764260169333827,0.8450570176389426
2,0.4721287333415319,-15.408705112555143,2,0.0693343071658364,0.29480016503606044,0.766524101720604
2,0.4721287333415319,-15.408705112555143,3,0.08693700950933993,0.2422503041065547,0.6743991768341797
2,0.4721287333415319,-15.408705112555143,4,0.10443427205641011,0.19001521567793456,0.5688021262287429
2,0.4721287333415319,-15.408705112555143,5,0.12181858295827662,0.13811732509151978,0.4498657311094919
2,0.4721287333415319,-15.408705112555143,6,0.13908245814872172,0.08657897474856524,0.31773526560205906
2,0.4721287333415319,-15.408705112555143,7,0.15621851772156162,0.03542219609833716,0.1725679909563155
2,0.4721287333415319,-15.408705112555143,8,0.17246240031611296,-0.0256855858906264,0.10953167594412933
2,0.4721287333415319,-15.408705112555143,9,0.18043107135664346,-0.08382504566486355,0.13415844995332823
2,0.4721287333415319,-15.408705112555143,10,0.18836820226280815,-0.14173438847682276,0.14464959914227188
2,0.4721287333415319,-15.408705112555143,11,0.19617483826918514,-0.19916873900714743,0.14214820324398347
2,0.4721287333415319,-15.408705112555143,12,0.2027315052126516,-0.2526506791817771,0.14134765275027858
2,0.4721287333415319,-15.408705112555143,13,0.2084012520770295,-0.30262420446121363,0.14023368344283565
2,0.4721287333415319,-15.408705112555143,14,0.21330763011787265,-0.3489591101715398,0.13927359438341053
2,0.4721287333415319,-15.408705112555143,15,0.21572466391712775,-0.3840654766016815,0.13755179739601506
2,0.4721287333415319,-15.408705112555143,16,0.21909486388245283,-0.38610046364803413,0.1365630069573727
2,0.4721287333415319,-15.408705112555143,17,0.2210590635785854,-0.3815606364980396,0.13612475553705064
2,0.4721287333415319,-15.408705112555143,18,0.22026964252590575,-0.37861762987607606,0.13463291399798277
2,0.4721287333415319,-15.408705112555143,19,0.21649780324067736,-0.376469970944592,0.13169859633456923
2,0.4721287333415319,-15.408705112555143,20,0.20990778798843185,-0.3743809574553396,0.1261069574032438
2,0.4721287333415319,-15.408705112555143,21,0.20101589018295737,-0.37193531675141595,0.1158834363790995
2,0.4721287333415319,-15.408705112555143,22,0.19051153043750885,-0.3691283113055473,0.09834251681307998
2,0.4721287333415319,-15.408705112555143,23,0.18510480712456948,-0.361738101985588,0.10410193713535092
2,0.4721287333415319,-15.408705112555143,24,0.18054965304923676,-0.35556972630542466,0.10201857824607577
2,0.4721287333415319,-15.408705112555143,25,0.17780522201072477,-0.35148455559820013,0.09941142136541781
2,0.4721287333415319,-15.408705112555143,26,0.1767215799376936,-0.3500101711529091,0.09952997103786392
2,0.4721287333415319,-15.408705112555143,27,0.1764928641821349,-0.35032904133380405,0.09977314576028891
2,0.4721287333415319,-15.408705112555143,28,0.1765119208528923,-0.35041091011342496,0.09988646132163184
2,0.4721287333415319,-15.408705112555143,29,0.17656595438677908,-0.3504222802121861,0.09994067142795353
2,0.4721287333415319,-15.408705112555143,30,0.17659160387516862,-0.3504276660366968,0.09996623793520448
3,0.4721287333415319,-15.408705112555143,1,0.051633600310849674,0.34764260169333827,0.8450570176389426
3,0.4721287333415319,-15.408705112555143,2,0.0693343071658364,0.29480016503606044,0.766524101720604
3,0.4721287333415319,-15.408705112555143,3,0.08693700950933993,0.2422503041065547,0.6743991768341797
3,0.4721287333415319,-15.408705112555143,4,0.10443427205641011,0.19001521567793456,0.5688021262287429
3,0.4721287333415319,-15.408705112555143,5,0.12181858295827662,0.13811732509151978,0.4498657311094919
3,0.4721287333415319,-15.408705112555143,6,0.13908245814872172,0.08657897474856524,0.31773526560205906
3,0.4721287333415319,-15.408705112555143,7,0.15621851772156162,0.03542219609833716,0.1725679909563155
3,0.4721287333415319,-15.408705112555143,8,0.17246240031611296,-0.0256855858906264,0.10953167594412933
3,0.4721287333415319,-15.408705112555143,9,0.18043107135664346,-0.08382504566486355,0.13415844995332823
3,0.4721287333415319,-15.408705112555143,10,0.18836820226280815,-0.14173438847682276,0.14464959914227188
3,0.4721287333415319,-15.408705112555143,11,0.19617483826918514,-0.19916873900714743,0.14214820324398347
3,0.4721287333415319,-15.408705112555143,12,0.2027315052126516,-0.2526506791817771,0.14134765275027858
3,0.4721287333415319,-15.408705112555143,13,0.2084012520770295,-0.30262420446121363,0.14023368344283565
3,0.4721287333415319,-15.408705112555143,14,0.21330763011787265,-0.3489591101715398,0.13927359438341053
3,0.4721287333415319,-15.408705112555143,15,0.21572466391712775,-0.3840654766016815,0.13755179739601506
3,0.4721287333415319,-15.408705112555143,16,0.21909486388245283,-0.38610046364803413,0.1365630069573727
3,0.4721287333415319,-15.408705112555143,17,0.2210590635785854,-0.3815606364980396,0.13612475553705064
3,0.4721287333415319,-15.408705112555143,18,0.22026964252590575,-0.37861762987607606,0.13463291399798277
3,0.4721287333415319,-15.408705112555143,19,0.21649780324067736,-0.376469970944592,0.13169859633456923
3,0.4721287333415319,-15.408705112555143,20,0.20990778798843185,-0.3743809574553396,0.1261069574032438
3,0.4721287333415319,-15.408705112555143,21,0.20101589018295737,-0.37193531675141595,0.1158834363790995
3,0.4721287333415319,-15.408705112555143,22,0.19051153043750885,-0.3691283113055473,0.09834251681307998
3,0.4721287333415319,-15.408705112555143,23,0.18510480712456948,-0.361738101985588,0.10410193713535092
3,0.4721287333415319,-15.408705112555143,24,0.18054965304923676,-0.35556972630542466,0.10201857824607577
3,0.4721287333415319,-15.408705112555143,25,0.17780522201072477,-0.35148455559820013,0.09941142136541781
3,0.4721287333415319,-15.408705112555143,26,0.1767215799376936,-0.3500101711529091,0.09952997103786392
3,0.4721287333415319,-15.408705112555143,27,0.1764928641821349,-0.35032904133380405,0.09977314576028891
3,0.4721287333415319,-15.408705112555143,28,0.1765119208528923,-0.35041091011342496,0.09988646132163184
3,0.4721287333415319,-15.408705112555143,29,0.17656595438677908,-0.3504222802121861,0.09994067142795353
3,0.4721287333415319,-15.408705112555143,30,0.17659160387516862,-0.3504276660366968,0.09996623793520448
4,0.4721287333415319,-15.409542724145513,1,0.05163359324629161,0.3476426011163966,0.8450570113251347
4,0.4721287333415319,-15.409542724145513,2,0.06933429218913739,0.29480016382196395,0.7665240883499643
4,0.4721287333415319,-15.409542724145513,3,0.08693698666091319,0.24225030226896446,0.6743991564620754
4,0.4721287333415319,-15.409542724145513,4,0.10443424137981278,0.1900152132313155,0.5688020989172267
4,0.4721287333415319,-15.409542724145513,5,0.12181854450031979,0.1381173220509171,0.4498656969271768
4,0.4721287333415319,-15.409542724145513,6,0.13908241195951432,0.08657897112943548,0.31773522462391707
4,0.4721287333415319,-15.409542724145513,7,0.1562184638545066,0.03542219191641681,0.172567943263423
4,0.4721287333415319,-15.409542724145513,8,0.17246239417529122,-0.025685641680853726,0.10953174667059162
4,0.4721287333415319,-15.409542724145513,9,0.18043115458773862,-0.08382525324478016,0.13415852359869285
4,0.4721287333415319,-15.409542724145513,10,0.1883683744628443,-0.1417347468863882,0.14464967558229702
4,0.4721287333415319,-15.409542724145513,11,0.19617508165614286,-0.1991692045907171,0.14214846673200596
4,0.4721287333415319,-15.409542724145513,12,0.20273184567369013,-0.2526513294951665,0.1413477731429055
4,0.4721287333415319,-15.409542724145513,13,0.2084016839080451,-0.3026250287299315,0.14023370330542706
4,0.4721287333415319,-15.409542724145513,14,0.21330813790493525,-0.3489601071191806,0.13927352774170937
4,0.4721287333415319,-15.409542724145513,15,0.2157252286069309,-0.3840665997691642,0.1375515504341726
4,0.4721287333415319,-15.409542724145513,16,0.21909559846176763,-0.38610109807472975,0.13656258619795708
4,0.4721287333415319,-15.409542724145513,17,0.2210599847027705,-0.3815607050958476,0.13612407002253316
4,0.4721287333415319,-15.409542724145513,18,0.22027076524032616,-0.37861704805322594,0.1346316913070391
4,0.4721287333415319,-15.409542724145513,19,0.21649922010578124,-0.3764686715343073,0.13169628964518384
4,0.4721287333415319,-15.409542724145513,20,0.20990973705974617,-0.37437895145480876,0.12610255870589168
4,0.4721287333415319,-15.409542724145513,21,0.2010187292170387,-0.3719326999672925,0.1158754397554298
4,0.4721287333415319,-15.409542724145513,22,0.19051565657043976,-0.3691251479056365,0.09832931637361314
4,0.4721287333415319,-15.409542724145513,23,0.18511242705984884,-0.36173153504096234,0.10410099523806035
4,0.4721287333415319,-15.409542724145513,24,0.1805606726279093,-0.3555587672597763,0.10202683004047192
4,0.4721287333415319,-15.409542724145513,25,0.17781634005589503,-0.3514720393165312,0.09941974669776436
4,0.4721287333415319,-15.409542724145513,26,0.17672901846567649,-0.3499988447033315,0.09952774442653943
4,0.4721287333415319,-15.409542724145513,27,0.17649190521460095,-0.3503240542092773,0.09977207018246342
4,0.4721287333415319,-15.409542724145513,28,0.17652128472906276,-0.35039913800483413,0.09988515432760894
4,0.4721287333415319,-15.409542724145513,29,0.17657620258274428,-0.3504098085084376,0.09993999294825374
4,0.4721287333415319,-15.409542724145513,30,0.17660239348967366,-0.35041515382155997,0.09996591805255892
5,0.5316305121826089,-26.703485811959908,1,0.05193218336553356,0.34109183365277124,0.8397612543713093
5,0.5316305121826089,-26.703485811959908,2,0.06982200479325724,0.2819715917413295,0.7555499041717291
5,0.5316305121826089,-26.703485811959908,3,0.08760704827842554,0.22319760802681202,0.6578069250476322
5,0.5316305121826089,-26.703485811959908,4,0.10528002650149988,0.16479396481187022,0.5466578096873992
5,0.5316305121826089,-26.703485811959908,5,0.12283358215977509,0.10678497567154469,0.4222406244981981
5,0.5316305121826089,-26.703485811959908,6,0.14026038744878608,0.04919485669845589,0.284705601033534
5,0.5316305121826089,-26.703485811959908,7,0.15755321855328758,-0.007952519666491825,0.13421462732744432
5,0.5316305121826089,-26.703485811959908,8,0.17518255642758543,-0.07455916907028898,0.11482843463259326
5,0.5316305121826089,-26.703485811959908,9,0.18392123511152586,-0.1333395819394582,0.13858596668894527
5,0.5316305121826089,-26.703485811959908,10,0.19262431180485326,-0.1918835837858289,0.14822228316896535
5,0.5316305121826089,-26.703485811959908,11,0.2007312702784853,-0.24869849553722842,0.15020622506010853
5,0.5316305121826089,-26.703485811959908,12,0.20840003731684958,-0.3043994202904897,0.1420954573238471
5,0.5316305121826089,-26.703485811959908,13,0.21472278587696408,-0.35717828284945796,0.13204348140260036
5,0.5316305121826089,-26.703485811959908,14,0.21703675150899482,-0.388832563328525,0.1188182766033776
5,0.5316305121826089,-26.703485811959908,15,0.21517292979337949,-0.38137855531412335,0.1047473112254718
5,0.5316305121826089,-26.703485811959908,16,0.2123543111860105,-0.3778410434297919,0.10130838508022286
5,0.5316305121826089,-26.703485811959908,17,0.2101110760612783,-0.3756050798573513,0.09815309739800432
5,0.5316305121826089,-26.703485811959908,18,0.20693449575533335,-0.37421972251437485,0.0996188065498796
5,0.5316305121826089,-26.703485811959908,19,0.20588677699011126,-0.3741422046012623,0.09922264379155193
5,0.5316305121826089,-26.703485811959908,20,0.2059370879077204,-0.3740430053234864,0.09962788012666648
5,0.5316305121826089,-26.703485811959908,21,0.205961403885438,-0.37399569104472824,0.09981922320212319
5,0.5316305121826089,-26.703485811959908,22,0.20597306530917703,-0.37397335476681537,0.09990955351364596
5,0.5316305121826089,-26.703485811959908,23,0.2059787772619957,-0.37396281175162127,0.09995219980032363
5,0.5316305121826089,-26.703485811959908,24,0.2059816920140161,-0.37395783905287494,0.09997233433832446
5,0.5316305121826089,-26.703485811959908,25,0.20598329162411316,-0.37395549786662874,0.0999818405642613
5,0.5316305121826089,-26.703485811959908,26,0.2059848019853056,-0.37395475546281526,0.0999860902444012
5,0.5316305121826089,-26.703485811959908,27,0.20598665914904177,-0.3739550342676904,0.0999876866200797
5,0.5316305121826089,-26.703485811959908,28,0.20598744034222694,-0.37395529519960014,0.09998825056913649
5,0.5316305121826089,-26.703485811959908,29,0.20598786012223405,-0.3739554821900481,0.09998842241768396
5,0.5316305121826089,-26.703485811959908,30,0.20598828667372784,-0.3739555787345318,0.09998850354173361
6,0.4721639847591919,-18.233194033317048,1,0.05163378405802107,0.34763872199590035,0.8450538516898145
6,0.4721639847591919,-18.233194033317048,2,0.06933461113609451,0.29479256610608384,0.766517538881171
6,0.4721639847591919,-18.233194033317048,3,0.08693742967231556,0.24223901658197095,0.6743892520195078
6,0.4721639847591919,-18.233194033317048,4,0.10443480446465042,0.1900002713606422,0.5687888777386644
6,0.4721639847591919,-18.233194033317048,5,0.1218192237507851,0.13809875695135065,0.4498492004390163
6,0.4721639847591919,-18.233194033317048,6,0.13908320355163345,0.08655681691599418,0.3177154972496176
6,0.4721639847591919,-18.233194033317048,7,0.1562193640478282,0.035396483845648974,0.1725450322300043
6,0.4721639847591919,-18.233194033317048,8,0.17246568918616056,-0.025715777581580786,0.10951710299846518
6,0.4721639847591919,-18.233194033317048,9,0.18043651613099074,-0.08386078780521258,0.1341629339064545
6,0.4721639847591919,-18.233194033317048,10,0.18837579087907202,-0.14177563335267737,0.14467305608804565
6,0.4721639847591919,-18.233194033317048,11,0.19618573535904843,-0.19921865520330032,0.14217691417975156
6,0.4721639847591919,-18.233194033317048,12,0.20274606738831938,-0.25271480789236195,0.14135988926362622
6,0.4721639847591919,-18.233194033317048,13,0.2084172926130285,-0.30270353099876185,0.14022741619719606
6,0.4721639847591919,-18.233194033317048,14,0.21332053749861882,-0.34905691113542003,0.1392395936770661
6,0.4721639847591919,-18.233194033317048,15,0.21573576534261588,-0.38420257305568867,0.13745060274557788
6,0.4721639847591919,-18.233194033317048,16,0.21912302619323085,-0.3861713121898352,0.13639748845146246
6,0.4721639847591919,-18.233194033317048,17,0.22112805454380985,-0.3814841378364663,0.13578904680330392
6,0.4721639847591919,-18.233194033317048,18,0.2203461106011298,-0.37834258755329897,0.13413353782963178
6,0.4721639847591919,-18.233194033317048,19,0.21661496399855068,-0.3759476527770499,0.13082713532314733
6,0.4721639847591919,-18.233194033317048,20,0.2101551240803742,-0.3735826638673978,0.12449802754882588
6,0.4721639847591919,-18.233194033317048,21,0.20154404447460117,-0.37088395600411683,0.11292400347445908
6,0.4721639847591919,-18.233194033317048,22,0.1924738304807922,-0.3674581040902702,0.09831039438903834
6,0.4721639847591919,-18.233194033317048,23,0.1883848661729569,-0.36376338039138184,0.09975001713688195
6,0.4721639847591919,-18.233194033317048,24,0.1860007600457886,-0.3598729219418791,0.09935934607446092
6,0.4721639847591919,-18.233194033317048,25,0.1851281557700881,-0.3578865531166255,0.09902473534764698
6,0.4721639847591919,-18.233194033317048,26,0.18511643915594755,-0.3578189336194998,0.09953455080858242
6,0.4721639847591919,-18.233194033317048,27,0.18514481093166102,-0.35779205942529146,0.09977512909696826
6,0.4721639847591919,-18.233194033317048,28,0.1851582986617672,-0.3577793812218825,0.09988871276585509
6,0.4721639847591919,-18.233194033317048,29,0.18516477862632025,-0.35777341572881366,0.09994234018958957
6,0.4721639847591919,-18.233194033317048,30,0.1851679587666085,-0.35777062529054027,0.09996766017451597
7,0.4721287333415319,-15.408705112555143,1,0.051633600310849674,0.34764260169333827,0.8450570176389426
7,0.4721287333415319,-15.408705112555143,2,0.0693343071658364,0.29480016503606044,0.766524101720604
7,0.4721287333415319,-15.408705112555143,3,0.08693700950933993,0.2422503041065547,0.6743991768341797
7,0.4721287333415319,-15.408705112555143,4,0.10443427205641011,0.19001521567793456,0.5688021262287429
7,0.4721287333415319,-15.408705112555143,5,0.12181858295827662,0.13811732509151978,0.4498657311094919
7,0.4721287333415319,-15.408705112555143,6,0.13908245814872172,0.08657897474856524,0.31773526560205906
7,0.4721287333415319,-15.408705112555143,7,0.15621851772156162,0.03542219609833716,0.1725679909563155
7,0.4721287333415319,-15.408705112555143,8,0.17246240031611296,-0.0256855858906264,0.10953167594412933
7,0.4721287333415319,-15.408705112555143,9,0.18043107135664346,-0.08382504566486355,0.13415844995332823
7,0.4721287333415319,-15.408705112555143,10,0.18836820226280815,-0.14173438847682276,0.14464959914227188
7,0.4721287333415319,-15.408705112555143,11,0.19617483826918514,-0.19916873900714743,0.14214820324398347
7,0.4721287333415319,-15.408705112555143,12,0.2027315052126516,-0.2526506791817771,0.14134765275027858
7,0.4721287333415319,-15.408705112555143,13,0.2084012520770295,-0.30262420446121363,0.14023368344283565
7,0.4721287333415319,-15.408705112555143,14,0.21330763011787265,-0.3489591101715398,0.13927359438341053
7,0.4721287333415319,-15.408705112555143,15,0.21572466391712775,-0.3840654766016815,0.13755179739601506
7,0.4721287333415319,-15.408705112555143,16,0.21909486388245283,-0.38610046364803413,0.1365630069573727
7,0.4721287333415319,-15.408705112555143,17,0.2210590635785854,-0.3815606364980396,0.13612475553705064
7,0.4721287333415319,-15.408705112555143,18,0.22026964252590575,-0.37861762987607606,0.13463291399798277
7,0.4721287333415319,-15.408705112555143,19,0.21649780324067736,-0.376469970944592,0.13169859633456923
7,0.4721287333415319,-15.408705112555143,20,0.20990778798843185,-0.3743809574553396,0.1261069574032438
7,0.4721287333415319,-15.408705112555143,21,0.20101589018295737,-0.37193531675141595,0.1158834363790995
7,0.4721287333415319,-15.408705112555143,22,0.19051153043750885,-0.3691283113055473,0.09834251681307998
7,0.4721287333415319,-15.408705112555143,23,0.18510480712456948,-0.361738101985588,0.10410193713535092
7,0.4721287333415319,-15.408705112555143,24,0.18054965304923676,-0.35556972630542466,0.10201857824607577
7,0.4721287333415319,-15.408705112555143,25,0.17780522201072477,-0.35148455559820013,0.09941142136541781
7,0.4721287333415319,-15.408705112555143,26,0.1767215799376936,-0.3500101711529091,0.09952997103786392
7,0.4721287333415319,-15.408705112555143,27,0.1764928641821349,-0.35032904133380405,0.09977314576028891
7,0.4721287333415319,-15.408705112555143,28,0.1765119208528923,-0.35041091011342496,0.09988646132163184
7,0.4721287333415319,-15.408705112555143,29,0.17656595438677908,-0.3504222802121861,0.09994067142795353
7,0.4721287333415319,-15.408705112555143,30,0.17659160387516862,-0.3504276660366968,0.09996623793520448
8,0.5302989379702523,-16.051682613863697,1,0.05192570907794182,0.3412383786883015,0.8398787139450533
8,0.5302989379702523,-16.051682613863697,2,0.06981154937583688,0.28225851558702053,0.7557932314679071
8,0.5302989379702523,-16.051682613863697,3,0.08759276280804436,0.22362366720756385,0.658174737950681
8,0.5302989379702523,-16.051682613863697,4,0.10526205859575427,0.16535787542489783,0.5471486028376911
8,0.5302989379702523,-16.051682613863697,5,0.12281207581779541,0.10748541341354212,0.4228527766325474
8,0.5302989379702523,-16.051682613863697,6,0.1402354830009031,0.050030457241396015,0.28543738240268535
8,0.5302989379702523,-16.051682613863697,7,0.15752505265695127,-0.006983159922220903,0.13506420716749418
8,0.5302989379702523,-16.051682613863697,8,0.1742832989546466,-0.0724745558178502,0.11438727228415557
8,0.5302989379702523,-16.051682613863697,9,0.18216868969971076,-0.13035871084408351,0.13617644363380704
8,0.5302989379702523,-16.051682613863697,10,0.1898715853484452,-0.1874798390691491,0.14607169714943996
8,0.5302989379702523,-16.051682613863697,11,0.19712238970166474,-0.24300712469401328,0.14765631628571146
8,0.5302989379702523,-16.051682613863697,12,0.2038871332848462,-0.29692305331216157,0.14112172336064263
8,0.5302989379702523,-16.051682613863697,13,0.20952609143934117,-0.34580992830788404,0.14042800608424588
8,0.5302989379702523,-16.051682613863697,14,0.21166669348972708,-0.37862707991596206,0.1387885266020355
8,0.5302989379702523,-16.051682613863697,15,0.21408949079969766,-0.38390776293901285,0.1371117058030506
8,0.5302989379702523,-16.051682613863697,16,0.2159391764184287,-0.37882571914049323,0.1354490450160277
8,0.5302989379702523,-16.051682613863697,17,0.21520490045936902,-0.3740010103822104,0.13235533635881871
8,0.5302989379702523,-16.051682613863697,18,0.21176892359767302,-0.3699418110903031,0.12657483794027696
8,0.5302989379702523,-16.051682613863697,19,0.205998675666774,-0.36599783463639723,0.11618052715276875
8,0.5302989379702523,-16.051682613863697,20,0.19860950790024487,-0.3618681027141677,0.09834920958373865
8,0.5302989379702523,-16.051682613863697,21,0.19446345750070512,-0.3619863539646441,0.09975925573511987
8,0.5302989379702523,-16.051682613863697,22,0.191683828627793,-0.3633463643199965,0.09932247599321897
8,0.5302989379702523,-16.051682613863697,23,0.19101764717030822,-0.36399490822450664,0.09967544767989735
8,0.5302989379702523,-16.051682613863697,24,0.19117057082103744,-0.3638964782082073,0.09984176330750258
8,0.5302989379702523,-16.051682613863697,25,0.19121968051128016,-0.36386777180483604,0.09992021273488352
8,0.5302989379702523,-16.051682613863697,26,0.19124286906024154,-0.36385402354543867,0.09995723624525454
8,0.5302989379702523,-16.051682613863697,27,0.19125382561579865,-0.3638473063519548,0.09997471218927785
8,0.5302989379702523,-16.051682613863697,28,0.1912590076432364,-0.36384389447392135,0.09998296190738731
8,0.5302989379702523,-16.051682613863697,29,0.1912611231426069,-0.3638412475436521,0.09998653577945549
8,0.5302989379702523,-16.051682613863697,30,0.1912618012568111,-0.3638389893315401,0.09998791691368876
9,0.4721287333415319,-15.409542724145513,1,0.05163359324629161,0.3476426011163966,0.8450570113251347
9,0.4721287333415319,-15.409542724145513,2,0.06933429218913739,0.29480016382196395,0.7665240883499643
9,0.4721287333415319,-15.409542724145513,3,0.08693698666091319,0.24225030226896446,0.6743991564620754
9,0.4721287333415319,-15.409542724145513,4,0.10443424137981278,0.1900152132313155,0.5688020989172267
9,0.4721287333415319,-15.409542724145513,5,0.12181854450031979,0.1381173220509171,0.4498656969271768
9,0.4721287333415319,-15.409542724145513,6,0.13908241195951432,0.08657897112943548,0.31773522462391707
9,0.4721287333415319,-15.409542724145513,7,0.1562184638545066,0.03542219191641681,0.172567943263423
9,0.4721287333415319,-15.409542724145513,8,0.17246239417529122,-0.025685641680853726,0.10953174667059162
9,0.4721287333415319,-15.409542724145513,9,0.18043115458773862,-0.08382525324478016,0.13415852359869285
9,0.4721287333415319,-15.409542724145513,10,0.1883683744628443,-0.1417347468863882,0.14464967558229702
9,0.4721287333415319,-15.409542724145513,11,0.19617508165614286,-0.1991692045907171,0.14214846673200596
9,0.4721287333415319,-15.409542724145513,12,0.20273184567369013,-0.2526513294951665,0.1413477731429055
9,0.4721287333415319,-15.409542724145513,13,0.2084016839080451,-0.3026250287299315,0.14023370330542706
9,0.4721287333415319,-15.409542724145513,14,0.21330813790493525,-0.3489601071191806,0.13927352774170937
9,0.4721287333415319,-15.409542724145513,15,0.2157252286069309,-0.3840665997691642,0.1375515504341726
9,0.4721287333415319,-15.409542724145513,16,0.21909559846176763,-0.38610109807472975,0.13656258619795708
9,0.4721287333415319,-15.409542724145513,17,0.2210599847027705,-0.3815607050958476,0.13612407002253316
9,0.4721287333415319,-15.409542724145513,18,0.22027076524032616,-0.37861704805322594,0.1346316913070391
9,0.4721287333415319,-15.409542724145513,19,0.21649922010578124,-0.3764686715343073,0.13169628964518384
9,0.4721287333415319,-15.409542724145513,20,0.20990973705974617,-0.37437895145480876,0.12610255870589168
9,0.4721287333415319,-15.409542724145513,21,0.2010187292170387,-0.3719326999672925,0.1158754397554298
9,0.4721287333415319,-15.409542724145513,22,0.19051565657043976,-0.3691251479056365,0.09832931637361314
9,0.4721287333415319,-15.409542724145513,23,0.18511242705984884,-0.36173153504096234,0.10410099523806035
9,0.4721287333415319,-15.409542724145513,24,0.1805606726279093,-0.3555587672597763,0.10202683004047192
9,0.4721287333415319,-15.409542724145513,25,0.17781634005589503,-0.3514720393165312,0.09941974669776436
9,0.4721287333415319,-15.409542724145513,26,0.17672901846567649,-0.3499988447033315,0.09952774442653943
9,0.4721287333415319,-15.409542724145513,27,0.17649190521460095,-0.3503240542092773,0.09977207018246342
9,0.4721287333415319,-15.409542724145513,28,0.17652128472906276,-0.35039913800483413,0.09988515432760894
9,0.4721287333415319,-15.409542724145513,29,0.17657620258274428,-0.3504098085084376,0.09993999294825374
9,0.4721287333415319,-15.409542724145513,30,0.17660239348967366,-0.35041515382155997,0.09996591805255892
10,0.4721287333415319,-15.409542724145513,1,0.05163359324629161,0.3476426011163966,0.8450570113251347
10,0.4721287333415319,-15.409542724145513,2,0.06933429218913739,0.29480016382196395,0.7665240883499643
10,0.4721287333415319,-15.409542724145513,3,0.08693698666091319,0.24225030226896446,0.6743991564620754
10,0.4721287333415319,-15.409542724145513,4,0.10443424137981278,0.1900152132313155,0.5688020989172267
10,0.4721287333415319,-15.409542724145513,5,0.12181854450031979,0.1381173220509171,0.4498656969271768
10,0.4721287333415319,-15.409542724145513,6,0.13908241195951432,0.08657897112943548,0.31773522462391707
10,0.4721287333415319,-15.409542724145513,7,0.1562184638545066,0.03542219191641681,0.172567943263423
10,0.4721287333415319,-15.409542724145513,8,0.17246239417529122,-0.025685641680853726,0.10953174667059162
10,0.4721287333415319,-15.409542724145513,9,0.18043115458773862,-0.08382525324478016,0.13415852359869285
10,0.4721287333415319,-15.409542724145513,10,0.1883683744628443,-0.1417347468863882,0.14464967558229702
10,0.4721287333415319,-15.409542724145513,11,0.19617508165614286,-0.1991692045907171,0.14214846673200596
10,0.4721287333415319,-15.409542724145513,12,0.20273184567369013,-0.2526513294951665,0.1413477731429055
10,0.4721287333415319,-15.409542724145513,13,0.2084016839080451,-0.3026250287299315,0.14023370330542706
10,0.4721287333415319,-15.409542724145513,14,0.21330813790493525,-0.3489601071191806,0.13927352774170937
10,0.4721287333415319,-15.409542724145513,15,0.2157252286069309,-0.3840665997691642,0.1375515504341726
10,0.4721287333415319,-15.409542724145513,16,0.21909559846176763,-0.38610109807472975,0.13656258619795708
10,0.4721287333415319,-15.409542724145513,17,0.2210599847027705,-0.3815607050958476,0.13612407002253316
10,0.4721287333415319,-15.409542724145513,18,0.22027076524032616,-0.37861704805322594,0.1346316913070391
10,0.4721287333415319,-15.409542724145513,19,0.21649922010578124,-0.3764686715343073,0.13169628964518384
10,0.4721287333415319,-15.409542724145513,20,0.20990973705974617,-0.37437895145480876,0.12610255870589168
10,0.4721287333415319,-15.409542724145513,21,0.2010187292170387,-0.3719326999672925,0.1158754397554298
10,0.4721287333415319,-15.409542724145513,22,0.19051565657043976,-0.3691251479056365,0.09832931637361314
10,0.4721287333415319,-15.409542724145513,23,0.18511242705984884,-0.36173153504096234,0.10410099523806035
10,0.4721287333415319,-15.409542724145513,24,0.1805606726279093,-0.3555587672597763,0.10202683004047192
10,0.4721287333415319,-15.409542724145513,25,0.17781634005589503,-0.3514720393165312,0.09941974669776436
10,0.4721287333415319,-15.409542724145513,26,0.17672901846567649,-0.3499988447033315,0.09952774442653943
10,0.4721287333415319,-15.409542724145513,27,0.17649190521460095,-0.3503240542092773,0.09977207018246342
10,0.4721287333415319,-15.409542724145513,28,0.17652128472906276,-0.35039913800483413,0.09988515432760894
10,0.4721287333415319,-15.409542724145513,29,0.17657620258274428,-0.3504098085084376,0.09993999294825374
10,0.4721287333415319,-15.409542724145513,30,0.17660239348967366,-0.35041515382155997,0.09996591805255892
11,0.4721287333415319,-15.409542724145517,1,0.05163359324629161,0.3476426011163966,0.8450570113251347
11,0.4721287333415319,-15.409542724145517,2,0.06933429218913739,0.29480016382196395,0.7665240883499643
11,0.4721287333415319,-15.409542724145517,3,0.08693698666091319,0.24225030226896446,0.6743991564620754
11,0.4721287333415319,-15.409542724145517,4,0.10443424137981278,0.1900152132313155,0.5688020989172267
11,0.4721287333415319,-15.409542724145517,5,0.12181854450031979,0.1381173220509171,0.4498656969271768
11,0.4721287333415319,-15.409542724145517,6,0.13908241195951432,0.08657897112943548,0.31773522462391707
11,0.4721287333415319,-15.409542724145517,7,0.1562184638545066,0.03542219191641681,0.172567943263423
11,0.4721287333415319,-15.409542724145517,8,0.17246239417529122,-0.025685641680853726,0.10953174667059162
11,0.4721287333415319,-15.409542724145517,9,0.18043115458773862,-0.08382525324478016,0.13415852359869285
11,0.4721287333415319,-15.409542724145517,10,0.1883683744628443,-0.1417347468863882,0.14464967558229702
11,0.4721287333415319,-15.409542724145517,11,0.19617508165614286,-0.1991692045907171,0.14214846673200596
11,0.4721287333415319,-15.409542724145517,12,0.20273184567369013,-0.2526513294951665,0.1413477731429055
11,0.4721287333415319,-15.409542724145517,13,0.2084016839080451,-0.3026250287299315,0.14023370330542706
11,0.4721287333415319,-15.409542724145517,14,0.21330813790493525,-0.3489601071191806,0.13927352774170937
11,0.4721287333415319,-15.409542724145517,15,0.2157252286069309,-0.3840665997691642,0.1375515504341726
11,0.4721287333415319,-15.409542724145517,16,0.21909559846176763,-0.38610109807472975,0.13656258619795708
11,0.4721287333415319,-15.409542724145517,17,0.2210599847027705,-0.3815607050958476,0.13612407002253316
11,0.4721287333415319,-15.409542724145517,18,0.22027076524032616,-0.37861704805322594,0.1346316913070391
11,0.4721287333415319,-15.409542724145517,19,0.21649922010578124,-0.3764686715343073,0.13169628964518384
11,0.4721287333415319,-15.409542724145517,20,0.20990973705974617,-0.37437895145480876,0.12610255870589168
11,0.4721287333415319,-15.409542724145517,21,0.2010187292170387,-0.3719326999672925,0.1158754397554298
11,0.4721287333415319,-15.409542724145517,22,0.19051565657043976,-0.3691251479056365,0.09832931637361314
11,0.4721287333415319,-15.409542724145517,23,0.18511242705984884,-0.36173153504096234,0.10410099523806035
11,0.4721287333415319,-15.409542724145517,24,0.1805606726279093,-0.3555587672597763,0.10202683004047192
11,0.4721287333415319,-15.409542724145517,25,0.17781634005589503,-0.3514720393165312,0.09941974669776436
11,0.4721287333415319,-15.409542724145517,26,0.17672901846567649,-0.3499988447033315,0.09952774442653943
11,0.4721287333415319,-15.409542724145517,27,0.17649190521460095,-0.3503240542092773,0.09977207018246342
11,0.4721287333415319,-15.409542724145517,28,0.17652128472906276,-0.35039913800483413,0.09988515432760894
11,0.4721287333415319,-15.409542724145517,29,0.17657620258274428,-0.3504098085084376,0.09993999294825374
11,0.4721287333415319,-15.409542724145517,30,0.17660239348967366,-0.35041515382155997,0.09996591805255892
12,0.4721287333415319,-15.409542724145517,1,0.05163359324629161,0.3476426011163966,0.8450570113251347
12,0.4721287333415319,-15.409542724145517,2,0.06933429218913739,0.29480016382196395,0.7665240883499643
12,0.4721287333415319,-15.409542724145517,3,0.08693698666091319,0.24225030226896446,0.6743991564620754
12,0.4721287333415319,-15.409542724145517,4,0.10443424137981278,0.1900152132313155,0.5688020989172267
12,0.4721287333415319,-15.409542724145517,5,0.12181854450031979,0.1381173220509171,0.4498656969271768
12,0.4721287333415319,-15.409542724145517,6,0.13908241195951432,0.08657897112943548,0.31773522462391707
12,0.4721287333415319,-15.409542724145517,7,0.1562184638545066,0.03542219191641681,0.172567943263423
12,0.4721287333415319,-15.409542724145517,8,0.17246239417529122,-0.025685641680853726,0.10953174667059162
12,0.4721287333415319,-15.409542724145517,9,0.18043115458773862,-0.08382525324478016,0.13415852359869285
12,0.4721287333415319,-15.409542724145517,10,0.1883683744628443,-0.1417347468863882,0.14464967558229702
12,0.4721287333415319,-15.409542724145517,11,0.19617508165614286,-0.1991692045907171,0.14214846673200596
12,0.4721287333415319,-15.409542724145517,12,0.20273184567369013,-0.2526513294951665,0.1413477731429055
12,0.4721287333415319,-15.409542724145517,13,0.2084016839080451,-0.3026250287299315,0.14023370330542706
12,0.4721287333415319,-15.409542724145517,14,0.21330813790493525,-0.3489601071191806,0.13927352774170937
12,0.4721287333415319,-15.409542724145517,15,0.2157252286069309,-0.3840665997691642,0.1375515504341726
12,0.4721287333415319,-15.409542724145517,16,0.21909559846176763,-0.38610109807472975,0.13656258619795708
12,0.4721287333415319,-15.409542724145517,17,0.2210599847027705,-0.3815607050958476,0.13612407002253316
12,0.4721287333415319,-15.409542724145517,18,0.22027076524032616,-0.37861704805322594,0.1346316913070391
12,0.4721287333415319,-15.409542724145517,19,0.21649922010578124,-0.3764686715343073,0.13169628964518384
12,0.4721287333415319,-15.409542724145517,20,0.20990973705974617,-0.37437895145480876,0.12610255870589168
12,0.4721287333415319,-15.409542724145517,21,0.2010187292170387,-0.3719326999672925,0.1158754397554298
12,0.4721287333415319,-15.409542724145517,22,0.19051565657043976,-0.3691251479056365,0.09832931637361314
12,0.4721287333415319,-15.409542724145517,23,0.18511242705984884,-0.36173153504096234,0.10410099523806035
12,0.4721287333415319,-15.409542724145517,24,0.1805606726279093,-0.3555587672597763,0.10202683004047192
12,0.4721287333415319,-15.409542724145517,25,0.17781634005589503,-0.3514720393165312,0.09941974669776436
12,0.4721287333415319,-15.409542724145517,26,0.17672901846567649,-0.3499988447033315,0.09952774442653943
12,0.4721287333415319,-15.409542724145517,27,0.17649190521460095,-0.3503240542092773,0.09977207018246342
12,0.4721287333415319,-15.409542724145517,28,0.17652128472906276,-0.35039913800483413,0.09988515432760894
12,0.4721287333415319,-15.409542724145517,29,0.17657620258274428,-0.3504098085084376,0.09993999294825374
12,0.4721287333415319,-15.409542724145517,30,0.17660239348967366,-0.35041515382155997,0.09996591805255892
13,0.4721287333415319,-15.408705112555143,1,0.051633600310849674,0.34764260169333827,0.8450570176389426
13,0.4721287333415319,-15.408705112555143,2,0.0693343071658364,0.29480016503606044,0.766524101720604
13,0.4721287333415319,-15.408705112555143,3,0.08693700950933993,0.2422503041065547,0.6743991768341797
13,0.4721287333415319,-15.408705112555143,4,0.10443427205641011,0.19001521567793456,0.5688021262287429
13,0.4721287333415319,-15.408705112555143,5,0.12181858295827662,0.13811732509151978,0.4498657311094919
13,0.4721287333415319,-15.408705112555143,6,0.13908245814872172,0.08657897474856524,0.31773526560205906
13,0.4721287333415319,-15.408705112555143,7,0.15621851772156162,0.03542219609833716,0.1725679909563155
13,0.4721287333415319,-15.408705112555143,8,0.17246240031611296,-0.0256855858906264,0.10953167594412933
13,0.4721287333415319,-15.408705112555143,9,0.18043107135664346,-0.08382504566486355,0.13415844995332823
13,0.4721287333415319,-15.408705112555143,10,0.18836820226280815,-0.14173438847682276,0.14464959914227188
13,0.4721287333415319,-15.408705112555143,11,0.19617483826918514,-0.19916873900714743,0.14214820324398347
13,0.4721287333415319,-15.408705112555143,12,0.2027315052126516,-0.2526506791817771,0.14134765275027858
13,0.4721287333415319,-15.408705112555143,13,0.2084012520770295,-0.30262420446121363,0.14023368344283565
13,0.4721287333415319,-15.408705112555143,14,0.21330763011787265,-0.3489591101715398,0.13927359438341053
13,0.4721287333415319,-15.408705112555143,15,0.21572466391712775,-0.3840654766016815,0.13755179739601506
13,0.4721287333415319,-15.408705112555143,16,0.21909486388245283,-0.38610046364803413,0.1365630069573727
13,0.4721287333415319,-15.408705112555143,17,0.2210590635785854,-0.3815606364980396,0.13612475553705064
13,0.4721287333415319,-15.408705112555143,18,0.22026964252590575,-0.37861762987607606,0.13463291399798277
13,0.4721287333415319,-15.408705112555143,19,0.21649780324067736,-0.376469970944592,0.13169859633456923
13,0.4721287333415319,-15.408705112555143,20,0.20990778798843185,-0.3743809574553396,0.1261069574032438
13,0.4721287333415319,-15.408705112555143,21,0.20101589018295737,-0.37193531675141595,0.1158834363790995
13,0.4721287333415319,-15.408705112555143,22,0.19051153043750885,-0.3691283113055473,0.09834251681307998
13,0.4721287333415319,-15.408705112555143,23,0.18510480712456948,-0.361738101985588,0.10410193713535092
13,0.4721287333415319,-15.408705112555143,24,0.18054965304923676,-0.35556972630542466,0.10201857824607577
13,0.4721287333415319,-15.408705112555143,25,0.17780522201072477,-0.35148455559820013,0.09941142136541781
13,0.4721287333415319,-15.408705112555143,26,0.1767215799376936,-0.3500101711529091,0.09952997103786392
13,0.4721287333415319,-15.408705112555143,27,0.1764928641821349,-0.35032904133380405,0.09977314576028891
13,0.4721287333415319,-15.408705112555143,28,0.1765119208528923,-0.35041091011342496,0.09988646132163184
13,0.4721287333415319,-15.408705112555143,29,0.17656595438677908,-0.3504222802121861,0.09994067142795353
13,0.4721287333415319,-15.408705112555143,30,0.17659160387516862,-0.3504276660366968,0.09996623793520448
14,0.4721287333415319,-15.409542724145517,1,0.05163359324629161,0.3476426011163966,0.8450570113251347
14,0.4721287333415319,-15.409542724145517,2,0.06933429218913739,0.29480016382196395,0.7665240883499643
14,0.4721287333415319,-15.409542724145517,3,0.08693698666091319,0.24225030226896446,0.6743991564620754
14,0.4721287333415319,-15.409542724145517,4,0.10443424137981278,0.1900152132313155,0.5688020989172267
14,0.4721287333415319,-15.409542724145517,5,0.12181854450031979,0.1381173220509171,0.4498656969271768
14,0.4721287333415319,-15.409542724145517,6,0.13908241195951432,0.08657897112943548,0.31773522462391707
14,0.4721287333415319,-15.409542724145517,7,0.1562184638545066,0.03542219191641681,0.172567943263423
14,0.4721287333415319,-15.409542724145517,8,0.17246239417529122,-0.025685641680853726,0.10953174667059162
14,0.4721287333415319,-15.409542724145517,9,0.18043115458773862,-0.08382525324478016,0.13415852359869285
14,0.4721287333415319,-15.409542724145517,10,0.1883683744628443,-0.1417347468863882,0.14464967558229702
14,0.4721287333415319,-15.409542724145517,11,0.19617508165614286,-0.1991692045907171,0.14214846673200596
14,0.4721287333415319,-15.409542724145517,12,0.20273184567369013,-0.2526513294951665,0.1413477731429055
14,0.4721287333415319,-15.409542724145517,13,0.2084016839080451,-0.3026250287299315,0.14023370330542706
14,0.4721287333415319,-15.409542724145517,14,0.21330813790493525,-0.3489601071191806,0.13927352774170937
14,0.4721287333415319,-15.409542724145517,15,0.2157252286069309,-0.3840665997691642,0.1375515504341726
14,0.4721287333415319,-15.409542724145517,16,0.21909559846176763,-0.38610109807472975,0.13656258619795708
14,0.4721287333415319,-15.409542724145517,17,0.2210599847027705,-0.3815607050958476,0.13612407002253316
14,0.4721287333415319,-15.409542724145517,18,0.22027076524032616,-0.37861704805322594,0.1346316913070391
14,0.4721287333415319,-15.409542724145517,19,0.21649922010578124,-0.3764686715343073,0.13169628964518384
14,0.4721287333415319,-15.409542724145517,20,0.20990973705974617,-0.37437895145480876,0.12610255870589168
14,0.4721287333415319,-15.409542724145517,21,0.2010187292170387,-0.3719326999672925,0.1158754397554298
14,0.4721287333415319,-15.409542724145517,22,0.19051565657043976,-0.3691251479056365,0.09832931637361314
14,0.4721287333415319,-15.409542724145517,23,0.18511242705984884,-0.36173153504096234,0.10410099523806035
14,0.4721287333415319,-15.409542724145517,24,0.1805606726279093,-0.3555587672597763,0.10202683004047192
14,0.4721287333415319,-15.409542724145517,25,0.17781634005589503,-0.3514720393165312,0.09941974669776436
14,0.4721287333415319,-15.409542724145517,26,0.17672901846567649,-0.3499988447033315,0.09952774442653943
14,0.4721287333415319,-15.409542724145517,27,0.17649190521460095,-0.3503240542092773,0.09977207018246342
14,0.4721287333415319,-15.409542724145517,28,0.17652128472906276,-0.35039913800483413,0.09988515432760894
14,0.4721287333415319,-15.409542724145517,29,0.17657620258274428,-0.3504098085084376,0.09993999294825374
14,0.4721287333415319,-15.409542724145517,30,0.17660239348967366,-0.35041515382155997,0.09996591805255892
15,0.5028302369592953,-27.278506332384882,1,0.05179027483929829,0.34426247417200373,0.8423124991533095
15,0.5028302369592953,-27.278506332384882,2,0.06959169893432951,0.28818015345942555,0.76083583489465
15,0.5028302369592953,-27.278506332384882,3,0.08729161703023663,0.23241762131919633,0.6657979596838761
15,0.5028302369592953,-27.278506332384882,4,0.10488266835635497,0.17699806741855298,0.5573216771517641
15,0.5028302369592953,-27.278506332384882,5,0.12235741883043554,0.12194491238848935,0.43554252259310033
15,0.5028302369592953,-27.278506332384882,6,0.13970846289808325,0.0672814869847034,0.30060835607913855
15,0.5028302369592953,-27.278506332384882,7,0.15692849898641945,0.01303079437535197,0.15267885505890313
15,0.5028302369592953,-27.278506332384882,8,0.17301562515874747,-0.049957646230636504,0.10998815386062992
15,0.5028302369592953,-27.278506332384882,9,0.17951468385719768,-0.10497497266014277,0.13099510232068431
15,0.5028302369592953,-27.278506332384882,10,0.1858336057521192,-0.1589891145573752,0.14112218382506073
15,0.5028302369592953,-27.278506332384882,11,0.19184892292415173,-0.21152058745682864,0.1424342811723329
15,0.5028302369592953,-27.278506332384882,12,0.19756252627523221,-0.26168937758285993,0.13852698298654653
15,0.5028302369592953,-27.278506332384882,13,0.2031784271284306,-0.3078504710896129,0.13596778937328688
15,0.5028302369592953,-27.278506332384882,14,0.2091471423619697,-0.35125624899561436,0.1299302505584859
15,0.5028302369592953,-27.278506332384882,15,0.21209525629592255,-0.3693903467245196,0.12400486245816451
15,0.5028302369592953,-27.278506332384882,16,0.2136591215348328,-0.3784628810637921,0.10850960162125148
15,0.5028302369592953,-27.278506332384882,17,0.21142781716540704,-0.3756761092526362,0.10278749792418843
15,0.5028302369592953,-27.278506332384882,18,0.20861734348335914,-0.37407388939651665,0.10008674060439786
15,0.5028302369592953,-27.278506332384882,19,0.20646948616172114,-0.37362042613381546,0.09998933866104386
15,0.5028302369592953,-27.278506332384882,20,0.20642972683189695,-0.3735862093323625,0.09996422562635426
15,0.5028302369592953,-27.278506332384882,21,0.20643009026333387,-0.37360589466830924,0.09997633131543913
15,0.5028302369592953,-27.278506332384882,22,0.20643213835597066,-0.3736138549054185,0.09998344709815617
15,0.5028302369592953,-27.278506332384882,23,0.20643354582796197,-0.37361803444224045,0.09998680759397835
15,0.5028302369592953,-27.278506332384882,24,0.20643324447056188,-0.37361970994719,0.09998803276047553
15,0.5028302369592953,-27.278506332384882,25,0.20643336271763532,-0.37362078021482936,0.09998862470211319
15,0.5028302369592953,-27.278506332384882,26,0.2064338598153107,-0.3736217096084744,0.0999889040897215
15,0.5028302369592953,-27.278506332384882,27,0.20643453565476647,-0.3736225725885677,0.09998903595812048
15,0.5028302369592953,-27.278506332384882,28,0.20643529582160353,-0.3736234042563627,0.0999890981999961
15,0.5028302369592953,-27.278506332384882,29,0.20643609576924835,-0.3736242211587819,0.0999891275792574
15,0.5028302369592953,-27.278506332384882,30,0.20643691447965531,-0.3736250310961105,0.0999891414478642
16,0.4721287333415319,-15.409542724145517,1,0.05163359324629161,0.3476426011163966,0.8450570113251347
16,0.4721287333415319,-15.409542724145517,2,0.06933429218913739,0.29480016382196395,0.7665240883499643
16,0.4721287333415319,-15.409542724145517,3,0.08693698666091319,0.24225030226896446,0.6743991564620754
16,0.4721287333415319,-15.409542724145517,4,0.10443424137981278,0.1900152132313155,0.5688020989172267
16,0.4721287333415319,-15.409542724145517,5,0.12181854450031979,0.1381173220509171,0.4498656969271768
16,0.4721287333415319,-15.409542724145517,6,0.13908241195951432,0.08657897112943548,0.31773522462391707
16,0.4721287333415319,-15.409542724145517,7,0.1562184638545066,0.03542219191641681,0.172567943263423
16,0.4721287333415319,-15.409542724145517,8,0.17246239417529122,-0.025685641680853726,0.10953174667059162
16,0.4721287333415319,-15.409542724145517,9,0.18043115458773862,-0.08382525324478016,0.13415852359869285
16,0.4721287333415319,-15.409542724145517,10,0.1883683744628443,-0.1417347468863882,0.14464967558229702
16,0.4721287333415319,-15.409542724145517,11,0.19617508165614286,-0.1991692045907171,0.14214846673200596
16,0.4721287333415319,-15.409542724145517,12,0.20273184567369013,-0.2526513294951665,0.1413477731429055
16,0.4721287333415319,-15.409542724145517,13,0.2084016839080451,-0.3026250287299315,0.14023370330542706
16,0.4721287333415319,-15.409542724145517,14,0.21330813790493525,-0.3489601071191806,0.13927352774170937
16,0.4721287333415319,-15.409542724145517,15,0.2157252286069309,-0.3840665997691642,0.1375515504341726
16,0.4721287333415319,-15.409542724145517,16,0.21909559846176763,-0.38610109807472975,0.13656258619795708
16,0.4721287333415319,-15.409542724145517,17,0.2210599847027705,-0.3815607050958476,0.13612407002253316
16,0.4721287333415319,-15.409542724145517,18,0.22027076524032616,-0.37861704805322594,0.1346316913070391
16,0.4721287333415319,-15.409542724145517,19,0.21649922010578124,-0.3764686715343073,0.13169628964518384
16,0.4721287333415319,-15.409542724145517,20,0.20990973705974617,-0.37437895145480876,0.12610255870589168
16,0.4721287333415319,-15.409542724145517,21,0.2010187292170387,-0.3719326999672925,0.1158754397554298
16,0.4721287333415319,-15.409542724145517,22,0.19051565657043976,-0.3691251479056365,0.09832931637361314
16,0.4721287333415319,-15.409542724145517,23,0.18511242705984884,-0.36173153504096234,0.10410099523806035
16,0.4721287333415319,-15.409542724145517,24,0.1805606726279093,-0.3555587672597763,0.10202683004047192
16,0.4721287333415319,-15.409542724145517,25,0.17781634005589503,-0.3514720393165312,0.09941974669776436
16,0.4721287333415319,-15.409542724145517,26,0.17672901846567649,-0.3499988447033315,0.09952774442653943
16,0.4721287333415319,-15.409542724145517,27,0.17649190521460095,-0.3503240542092773,0.09977207018246342
16,0.4721287333415319,-15.409542724145517,28,0.17652128472906276,-0.35039913800483413,0.09988515432760894
16,0.4721287333415319,-15.409542724145517,29,0.17657620258274428,-0.3504098085084376,0.09993999294825374
16,0.4721287333415319,-15.409542724145517,30,0.17660239348967366,-0.35041515382155997,0.09996591805255892
17,0.4721287333415319,-15.409542724145517,1,0.05163359324629161,0.3476426011163966,0.8450570113251347
17,0.4721287333415319,-15.409542724145517,2,0.06933429218913739,0.29480016382196395,0.7665240883499643
17,0.4721287333415319,-15.409542724145517,3,0.08693698666091319,0.24225030226896446,0.6743991564620754
17,0.4721287333415319,-15.409542724145517,4,0.10443424137981278,0.1900152132313155,0.5688020989172267
17,0.4721287333415319,-15.409542724145517,5,0.12181854450031979,0.1381173220509171,0.4498656969271768
17,0.4721287333415319,-15.409542724145517,6,0.13908241195951432,0.08657897112943548,0.31773522462391707
17,0.4721287333415319,-15.409542724145517,7,0.1562184638545066,0.03542219191641681,0.172567943263423
17,0.4721287333415319,-15.409542724145517,8,0.17246239417529122,-0.025685641680853726,0.10953174667059162
17,0.4721287333415319,-15.409542724145517,9,0.18043115458773862,-0.08382525324478016,0.13415852359869285
17,0.4721287333415319,-15.409542724145517,10,0.1883683744628443,-0.1417347468863882,0.14464967558229702
17,0.4721287333415319,-15.409542724145517,11,0.19617508165614286,-0.1991692045907171,0.14214846673200596
17,0.4721287333415319,-15.409542724145517,12,0.20273184567369013,-0.2526513294951665,0.1413477731429055
17,0.4721287333415319,-15.409542724145517,13,0.2084016839080451,-0.3026250287299315,0.14023370330542706
17,0.4721287333415319,-15.409542724145517,14,0.21330813790493525,-0.3489601071191806,0.13927352774170937
17,0.4721287333415319,-15.409542724145517,15,0.2157252286069309,-0.3840665997691642,0.1375515504341726
17,0.4721287333415319,-15.409542724145517,16,0.21909559846176763,-0.38610109807472975,0.13656258619795708
17,0.4721287333415319,-15.409542724145517,17,0.2210599847027705,-0.3815607050958476,0.13612407002253316
17,0.4721287333415319,-15.409542724145517,18,0.22027076524032616,-0.37861704805322594,0.1346316913070391
17,0.4721287333415319,-15.409542724145517,19,0.21649922010578124,-0.3764686715343073,0.13169628964518384
17,0.4721287333415319,-15.409542724145517,20,0.20990973705974617,-0.37437895145480876,0.12610255870589168
17,0.4721287333415319,-15.409542724145517,21,0.2010187292170387,-0.3719326999672925,0.1158754397554298
17,0.4721287333415319,-15.409542724145517,22,0.19051565657043976,-0.3691251479056365,0.09832931637361314
17,0.4721287333415319,-15.409542724145517,23,0.18511242705984884,-0.36173153504096234,0.10410099523806035
17,0.4721287333415319,-15.409542724145517,24,0.1805606726279093,-0.3555587672597763,0.10202683004047192
17,0.4721287333415319,-15.409542724145517,25,0.17781634005589503,-0.3514720393165312,0.09941974669776436
17,0.4721287333415319,-15.409542724145517,26,0.17672901846567649,-0.3499988447033315,0.09952774442653943
17,0.4721287333415319,-15.409542724145517,27,0.17649190521460095,-0.3503240542092773,0.09977207018246342
17,0.4721287333415319,-15.409542724145517,28,0.17652128472906276,-0.35039913800483413,0.09988515432760894
17,0.4721287333415319,-15.409542724145517,29,0.17657620258274428,-0.3504098085084376,0.09993999294825374
17,0.4721287333415319,-15.409542724145517,30,0.17660239348967366,-0.35041515382155997,0.09996591805255892
18,0.4721287333415319,-15.40870511255514,1,0.051633600310849674,0.34764260169333827,0.8450570176389426
18,0.4721287333415319,-15.40870511255514,2,0.0693343071658364,0.29480016503606044,0.766524101720604
18,0.4721287333415319,-15.40870511255514,3,0.08693700950933993,0.2422503041065547,0.6743991768341797
18,0.4721287333415319,-15.40870511255514,4,0.10443427205641011,0.19001521567793456,0.5688021262287429
18,0.4721287333415319,-15.40870511255514,5,0.12181858295827662,0.13811732509151978,0.4498657311094919
18,0.4721287333415319,-15.40870511255514,6,0.13908245814872172,0.08657897474856524,0.31773526560205906
18,0.4721287333415319,-15.40870511255514,7,0.15621851772156162,0.03542219609833716,0.1725679909563155
18,0.4721287333415319,-15.40870511255514,8,0.17246240031611296,-0.0256855858906264,0.10953167594412933
18,0.4721287333415319,-15.40870511255514,9,0.18043107135664346,-0.08382504566486355,0.13415844995332823
18,0.4721287333415319,-15.40870511255514,10,0.18836820226280815,-0.14173438847682276,0.14464959914227188
18,0.4721287333415319,-15.40870511255514,11,0.19617483826918514,-0.19916873900714743,0.14214820324398347
18,0.4721287333415319,-15.40870511255514,12,0.2027315052126516,-0.2526506791817771,0.14134765275027858
18,0.4721287333415319,-15.40870511255514,13,0.2084012520770295,-0.30262420446121363,0.14023368344283565
18,0.4721287333415319,-15.40870511255514,14,0.21330763011787265,-0.3489591101715398,0.13927359438341053
18,0.4721287333415319,-15.40870511255514,15,0.21572466391712775,-0.3840654766016815,0.13755179739601506
18,0.4721287333415319,-15.40870511255514,16,0.21909486388245283,-0.38610046364803413,0.1365630069573727
18,0.4721287333415319,-15.40870511255514,17,0.2210590635785854,-0.3815606364980396,0.13612475553705064
18,0.4721287333415319,-15.40870511255514,18,0.22026964252590575,-0.37861762987607606,0.13463291399798277
18,0.4721287333415319,-15.40870511255514,19,0.21649780324067736,-0.376469970944592,0.13169859633456923
18,0.4721287333415319,-15.40870511255514,20,0.20990778798843185,-0.3743809574553396,0.1261069574032438
18,0.4721287333415319,-15.40870511255514,21,0.20101589018295737,-0.37193531675141595,0.1158834363790995
18,0.4721287333415319,-15.40870511255514,22,0.19051153043750885,-0.3691283113055473,0.09834251681307998
18,0.4721287333415319,-15.40870511255514,23,0.18510480712456948,-0.361738101985588,0.10410193713535092
18,0.4721287333415319,-15.40870511255514,24,0.18054965304923676,-0.35556972630542466,0.10201857824607577
18,0.4721287333415319,-15.40870511255514,25,0.17780522201072477,-0.35148455559820013,0.09941142136541781
18,0.4721287333415319,-15.40870511255514,26,0.1767215799376936,-0.3500101711529091,0.09952997103786392
18,0.4721287333415319,-15.40870511255514,27,0.1764928641821349,-0.35032904133380405,0.09977314576028891
18,0.4721287333415319,-15.40870511255514,28,0.1765119208528923,-0.35041091011342496,0.09988646132163184
18,0.4721287333415319,-15.40870511255514,29,0.17656595438677908,-0.3504222802121861,0.09994067142795353
18,0.4721287333415319,-15.40870511255514,30,0.17659160387516862,-0.3504276660366968,0.09996623793520448
19,0.4721287333415319,-15.40870511255514,1,0.051633600310849674,0.34764260169333827,0.8450570176389426
19,0.4721287333415319,-15.40870511255514,2,0.0693343071658364,0.29480016503606044,0.766524101720604
19,0.4721287333415319,-15.40870511255514,3,0.08693700950933993,0.2422503041065547,0.6743991768341797
19,0.4721287333415319,-15.40870511255514,4,0.10443427205641011,0.19001521567793456,0.5688021262287429
19,0.4721287333415319,-15.40870511255514,5,0.12181858295827662,0.13811732509151978,0.4498657311094919
19,0.4721287333415319,-15.40870511255514,6,0.13908245814872172,0.08657897474856524,0.31773526560205906
19,0.4721287333415319,-15.40870511255514,7,0.15621851772156162,0.03542219609833716,0.1725679909563155
19,0.4721287333415319,-15.40870511255514,8,0.17246240031611296,-0.0256855858906264,0.10953167594412933
19,0.4721287333415319,-15.40870511255514,9,0.18043107135664346,-0.08382504566486355,0.13415844995332823
19,0.4721287333415319,-15.40870511255514,10,0.18836820226280815,-0.14173438847682276,0.14464959914227188
19,0.4721287333415319,-15.40870511255514,11,0.19617483826918514,-0.19916873900714743,0.14214820324398347
19,0.4721287333415319,-15.40870511255514,12,0.2027315052126516,-0.2526506791817771,0.14134765275027858
19,0.4721287333415319,-15.40870511255514,13,0.2084012520770295,-0.30262420446121363,0.14023368344283565
19,0.4721287333415319,-15.40870511255514,14,0.21330763011787265,-0.3489591101715398,0.13927359438341053
19,0.4721287333415319,-15.40870511255514,15,0.21572466391712775,-0.3840654766016815,0.13755179739601506
19,0.4721287333415319,-15.40870511255514,16,0.21909486388245283,-0.38610046364803413,0.1365630069573727
19,0.4721287333415319,-15.40870511255514,17,0.2210590635785854,-0.3815606364980396,0.13612475553705064
19,0.4721287333415319,-15.40870511255514,18,0.22026964252590575,-0.37861762987607606,0.13463291399798277
19,0.4721287333415319,-15.40870511255514,19,0.21649780324067736,-0.376469970944592,0.13169859633456923
19,0.4721287333415319,-15.40870511255514,20,0.20990778798843185,-0.3743809574553396,0.1261069574032438
19,0.4721287333415319,-15.40870511255514,21,0.20101589018295737,-0.37193531675141595,0.1158834363790995
19,0.4721287333415319,-15.40870511255514,22,0.19051153043750885,-0.3691283113055473,0.09834251681307998
19,0.4721287333415319,-15.40870511255514,23,0.18510480712456948,-0.361738101985588,0.10410193713535092
19,0.4721287333415319,-15.40870511255514,24,0.18054965304923676,-0.35556972630542466,0.10201857824607577
19,0.4721287333415319,-15.40870511255514,25,0.17780522201072477,-0.35148455559820013,0.09941142136541781
19,0.4721287333415319,-15.40870511255514,26,0.1767215799376936,-0.3500101711529091,0.09952997103786392
19,0.4721287333415319,-15.40870511255514,27,0.1764928641821349,-0.35032904133380405,0.09977314576028891
19,0.4721287333415319,-15.40870511255514,28,0.1765119208528923,-0.35041091011342496,0.09988646132163184
19,0.4721287333415319,-15.40870511255514,29,0.17656595438677908,-0.3504222802121861,0.09994067142795353
19,0.4721287333415319,-15.40870511255514,30,0.17659160387516862,-0.3504276660366968,0.09996623793520448
20,0.4896083031566317,-15.984479104021364,1,0.0517235873695958,0.3457183851463778,0.843491316961745
20,0.4896083031566317,-15.984479104021364,2,0.06948257303046473,0.2910314499365387,0.7632788046806613
20,0.4896083031566317,-15.984479104021364,3,0.0871415586162279,0.2366524544780299,0.6694917229516933
20,0.4896083031566317,-15.984479104021364,4,0.10469315072405647,0.18260416598003795,0.5622516244759936
20,0.4896083031566317,-15.984479104021364,5,0.1221298811987385,0.12890958184387913,0.4416928655157419
20,0.4896083031566317,-15.984479104021364,6,0.13944431005405689,0.07559161272740218,0.30796219979589384
20,0.4896083031566317,-15.984479104021364,7,0.15662910133871638,0.022672848923816935,0.1612182717617916
20,0.4896083031566317,-15.984479104021364,8,0.17284538570482638,-0.040833643663939774,0.11624002062371933
20,0.4896083031566317,-15.984479104021364,9,0.1820532178792645,-0.10095983330074886,0.1350008505613215
20,0.4896083031566317,-15.984479104021364,10,0.19094155001787844,-0.16037349011532742,0.14185826596271683
20,0.4896083031566317,-15.984479104021364,11,0.19922889715428851,-0.21802193592448552,0.141206353855101
20,0.4896083031566317,-15.984479104021364,12,0.20640781232741845,-0.2720534465152545,0.14079894017183
20,0.4896083031566317,-15.984479104021364,13,0.21274561434185038,-0.322627295413859,0.13981840273088453
20,0.4896083031566317,-15.984479104021364,14,0.2182673645281828,-0.3696596748980014,0.1386476264710584
20,0.4896083031566317,-15.984479104021364,15,0.22256322269934278,-0.3870113792648169,0.13759967173547186
20,0.4896083031566317,-15.984479104021364,16,0.22649925999554404,-0.3804233061219851,0.13768727238457878
20,0.4896083031566317,-15.984479104021364,17,0.22813318782588,-0.37595515410675756,0.13709806730969326
20,0.4896083031566317,-15.984479104021364,18,0.22708287137990446,-0.3729925282476335,0.13562742339604994
20,0.4896083031566317,-15.984479104021364,19,0.22299130207429238,-0.3708101636164948,0.13322133129318633
20,0.4896083031566317,-15.984479104021364,20,0.21596135547712775,-0.36850329097859075,0.12872554048947354
20,0.4896083031566317,-15.984479104021364,21,0.20647611961426202,-0.3655621732564652,0.1204591254349666
20,0.4896083031566317,-15.984479104021364,22,0.19520017058004663,-0.3620869283578075,0.105754004986874
20,0.4896083031566317,-15.984479104021364,23,0.18502969479534292,-0.3629365930771136,0.10329909070353406
20,0.4896083031566317,-15.984479104021364,24,0.17684282733625864,-0.3657322485837193,0.10250401326436503
20,0.4896083031566317,-15.984479104021364,25,0.17087159266931545,-0.36700678079321497,0.09936008367140646
20,0.4896083031566317,-15.984479104021364,26,0.16839184685886519,-0.3678300156853502,0.09932865195839473
20,0.4896083031566317,-15.984479104021364,27,0.16834981972516358,-0.36789491406751923,0.09967796531458364
20,0.4896083031566317,-15.984479104021364,28,0.16841669698190967,-0.36789400513558707,0.09984287643531167
20,0.4896083031566317,-15.984479104021364,29,0.16844825860446996,-0.36789337396407706,0.09992071912758096
20,0.4896083031566317,-15.984479104021364,30,0.16846316282877868,-0.3678928513720043,0.09995746727241608
