particle,elasticity,weight,frame,x,y,z
1,0.3351134785610059,-220.3305268642844,1,0.007259786100205662,0.03890159155433431,0.5325500845060449
1,0.3351134785610059,-220.3305268642844,2,0.09732529608153571,0.2024325875096853,0.16625501146350313
1,0.3351134785610059,-220.3305268642844,3,0.1496274353472402,0.34136028358644827,0.0890446697097512
1,0.3351134785610059,-220.3305268642844,4,0.15064868513191243,0.33584959766203165,0.13004521619390397
1,0.3351134785610059,-220.3305268642844,5,0.1498756388686004,0.32056367134472263,0.15410726153580281
1,0.3351134785610059,-220.3305268642844,6,0.14910448518938305,0.30531516827411115,0.16406224479176673
1,0.3351134785610059,-220.3305268642844,7,0.1480737412478141,0.28980752246421043,0.16159396197192008
1,0.3351134785610059,-220.3305268642844,8,0.14395322313157108,0.27316262692293486,0.15982481933705797
1,0.3351134785610059,-220.3305268642844,9,0.13739182334789063,0.25691751342943825,0.1539329838794944
1,0.3351134785610059,-220.3305268642844,10,0.1289089991988144,0.2406935996058189,0.14177539407168815
1,0.3351134785610059,-220.3305268642844,11,0.12300805121595554,0.22852254763354757,0.14091198095427934
1,0.3351134785610059,-220.3305268642844,12,0.11948427634026092,0.21875283483754634,0.1411288313757269
1,0.3351134785610059,-220.3305268642844,13,0.11844685300840353,0.21088499459863477,0.1410911408325782
1,0.3351134785610059,-220.3305268642844,14,0.12038500115424476,0.20428619594392944,0.14081975888276596
1,0.3351134785610059,-220.3305268642844,15,0.12392624378664514,0.1974889298894139,0.1400387732336
1,0.3351134785610059,-220.3305268642844,16,0.12809547037727348,0.1894963906263272,0.1385244248893548
1,0.3351134785610059,-220.3305268642844,17,0.13315686964112558,0.17981731207316967,0.13583006355967958
1,0.3351134785610059,-220.3305268642844,18,0.13936228828435315,0.16795161748852439,0.13121935737144377
1,0.3351134785610059,-220.3305268642844,19,0.14677720112340437,0.15382625339841952,0.12315334248294237
1,0.3351134785610059,-220.3305268642844,20,0.15512127627001368,0.13800840994807861,0.10903084464953249
1,0.3351134785610059,-220.3305268642844,21,0.16070939168072845,0.12231241185930462,0.10130943962446683
1,0.3351134785610059,-220.3305268642844,22,0.16216456295196033,0.10882001759713861,0.10312756213908149
1,0.3351134785610059,-220.3305268642844,23,0.16395512986606,0.09707745747381429,0.09826968159924317
1,0.3351134785610059,-220.3305268642844,24,0.16535005130255437,0.08994340284987601,0.09881377745320918
1,0.3351134785610059,-220.3305268642844,25,0.1662537410704209,0.08622751903807803,0.09938928795424858
1,0.3351134785610059,-220.3305268642844,26,0.16638481509790337,0.08558018148186605,0.09970633318821767
1,0.3351134785610059,-220.3305268642844,27,0.16637442397285115,0.08559737625452413,0.09985605205000798
1,0.3351134785610059,-220.3305268642844,28,0.16636631862675594,0.08560275541467356,0.0999267654503901
1,0.3351134785610059,-220.3305268642844,29,0.16635970175040435,0.0856013773636642,0.09996016881024265
1,0.3351134785610059,-220.3305268642844,30,0.16635659299179834,0.08560070370342303,0.09997594039688576
2,0.3351134785610059,-220.34573641447173,1,0.007259786100205662,0.03890159155433431,0.5325500845060449
2,0.3351134785610059,-220.34573641447173,2,0.09732529608153571,0.2024325875096853,0.16625501146350313
2,0.3351134785610059,-220.34573641447173,3,0.1496288918414717,0.34136039518565525,0.08904490967682292
2,0.3351134785610059,-220.34573641447173,4,0.15064627343628406,0.335850068236778,0.13004441657740495
2,0.3351134785610059,-220.34573641447173,5,0.14986375441103292,0.32056718062257705,0.15410474111198688
2,0.3351134785610059,-220.34573641447173,6,0.14908315106930703,0.30532170702014516,0.16405800984361624
2,0.3351134785610059,-220.34573641447173,7,0.148044934804467,0.2898185579548427,0.161579781827394
2,0.3351134785610059,-220.34573641447173,8,0.14392106108710717,0.27317038478697286,0.15978781927062136
2,0.3351134785610059,-220.34573641447173,9,0.13735904368186044,0.25691503741231214,0.15385821885152748
2,0.3351134785610059,-220.34573641447173,10,0.12888096768295437,0.2406790061079497,0.14164135303702624
2,0.3351134785610059,-220.34573641447173,11,0.12302404627620649,0.22851554726403894,0.1408479673178689
2,0.3351134785610059,-220.34573641447173,12,0.1195413487550527,0.21874573758016372,0.1410985481265476
2,0.3351134785610059,-220.34573641447173,13,0.11853775387559115,0.21087571572763222,0.14107510521417937
2,0.3351134785610059,-220.34573641447173,14,0.12050432375659798,0.2042703552508367,0.14080680138066942
2,0.3351134785610059,-220.34573641447173,15,0.12406587318680391,0.19745666055700756,0.14002187259376567
2,0.3351134785610059,-220.34573641447173,16,0.12825822815095922,0.18944208870235962,0.13849769640610457
2,0.3351134785610059,-220.34573641447173,17,0.13334296330877618,0.17973352401519557,0.13578167082659823
2,0.3351134785610059,-220.34573641447173,18,0.13957616100770653,0.16783353405862983,0.13113420299411663
2,0.3351134785610059,-220.34573641447173,19,0.1470195844019226,0.15368270745834461,0.12299802077015083
2,0.3351134785610059,-220.34573641447173,20,0.15538724733083564,0.1378492399667083,0.10876329879565359
2,0.3351134785610059,-220.34573641447173,21,0.1647454421280598,0.12514777408066302,0.10339121442553696
2,0.3351134785610059,-220.34573641447173,22,0.17370372808115267,0.11615979067108968,0.10280055932946545
2,0.3351134785610059,-220.34573641447173,23,0.18065540524401394,0.10886719507181841,0.09921233864086419
2,0.3351134785610059,-220.34573641447173,24,0.18471842771620034,0.10443502997195243,0.09904924605230937
2,0.3351134785610059,-220.34573641447173,25,0.1865288668331838,0.10243042187442569,0.09909558514924587
2,0.3351134785610059,-220.34573641447173,26,0.18666283313930032,0.10226764179750009,0.09956787208089415
2,0.3351134785610059,-220.34573641447173,27,0.18670054889575716,0.1022097320820735,0.09979076159634988
2,0.3351134785610059,-220.34573641447173,28,0.18671867640483095,0.1021819086089298,0.09989595999080061
2,0.3351134785610059,-220.34573641447173,29,0.1867273944398324,0.10216851390250861,0.09994562132937398
2,0.3351134785610059,-220.34573641447173,30,0.18673174271227388,0.10216180535475891,0.09996907149410558
3,0.3351134785610059,-220.37035729445086,1,0.007259786100205662,0.03890159155433431,0.5325500845060449
3,0.3351134785610059,-220.37035729445086,2,0.09732529608153571,0.2024325875096853,0.16625501146350313
3,0.3351134785610059,-220.37035729445086,3,0.14962871870343666,0.34136035238005397,0.08904486026738888
3,0.3351134785610059,-220.37035729445086,4,0.15064640215610958,0.3358498770152635,0.13004443332795926
3,0.3351134785610059,-220.37035729445086,5,0.1498647626097433,0.3205663767325804,0.1541048506953412
3,0.3351134785610059,-220.37035729445086,6,0.14908503660767766,0.3053202922318857,0.16405821173013505
3,0.3351134785610059,-220.37035729445086,7,0.1480475201795449,0.28981649974828994,0.16158064115246945
3,0.3351134785610059,-220.37035729445086,8,0.1439235916580333,0.27316899481651996,0.15979135347213255
3,0.3351134785610059,-220.37035729445086,9,0.13736127475853813,0.2569152846001664,0.15386596804113664
3,0.3351134785610059,-220.37035729445086,10,0.12888233744814337,0.24068126091293324,0.14165556420184205
3,0.3351134785610059,-220.37035729445086,11,0.1230204106798911,0.22851777496500814,0.1408545802050696
3,0.3351134785610059,-220.37035729445086,12,0.11953297067837873,0.21874894436809983,0.14110178110795507
3,0.3351134785610059,-220.37035729445086,13,0.11852518058569403,0.21088046634778235,0.1410772339321657
3,0.3351134785610059,-220.37035729445086,14,0.12048888240663799,0.20427826857154566,0.14080935563250133
3,0.3351134785610059,-220.37035729445086,15,0.12404603725300573,0.19746876091377874,0.14002598473787983
3,0.3351134785610059,-220.37035729445086,16,0.12823226626248826,0.18945944610885596,0.138504779567759
3,0.3351134785610059,-220.37035729445086,17,0.1333112323089526,0.17975842685373375,0.13579433934023655
3,0.3351134785610059,-220.37035729445086,18,0.13953765256390938,0.16786738378233682,0.13115631377702253
3,0.3351134785610059,-220.37035729445086,19,0.14697439494564601,0.15372443370695305,0.12303733654282262
3,0.3351134785610059,-220.37035729445086,20,0.1553363862610606,0.13789641959056728,0.10883006569318429
3,0.3351134785610059,-220.37035729445086,21,0.16468623791650083,0.1251865910261204,0.10343022512196506
3,0.3351134785610059,-220.37035729445086,22,0.17363220603558147,0.11618108668501496,0.10276887709845649
3,0.3351134785610059,-220.37035729445086,23,0.18056264794691837,0.10887939476436513,0.09916657302653253
3,0.3351134785610059,-220.37035729445086,24,0.18461208724202333,0.10446268996613597,0.09903703425279503
3,0.3351134785610059,-220.37035729445086,25,0.18641433506561766,0.10246622360249659,0.0990901453151966
3,0.3351134785610059,-220.37035729445086,26,0.18653875833764635,0.10230492118294077,0.09956528560553686
3,0.3351134785610059,-220.37035729445086,27,0.18657184279062608,0.10224884713938592,0.0997895299014804
3,0.3351134785610059,-220.37035729445086,28,0.18658776742866748,0.10222191544105973,0.09989537684873372
3,0.3351134785610059,-220.37035729445086,29,0.18659554950907187,0.1022087775172843,0.09994534603464054
3,0.3351134785610059,-220.37035729445086,30,0.1865993801925177,0.1022023189216245,0.09996894073955052
4,0.3351134785610059,-220.3158832494831,1,0.007259786100205662,0.03890159155433431,0.5325500845060449
4,0.3351134785610059,-220.3158832494831,2,0.09732529608153571,0.2024325875096853,0.16625501146350313
4,0.3351134785610059,-220.3158832494831,3,0.14963884314510692,0.34136093383549304,0.08904660044277689
4,0.3351134785610059,-220.3158832494831,4,0.15067178619456625,0.3358451241345578,0.13004279783179093
4,0.3351134785610059,-220.3158832494831,5,0.14989363327172384,0.3205713587189821,0.1541005471631181
4,0.3351134785610059,-220.3158832494831,6,0.14911738509352557,0.30533498007150495,0.16405125254153616
4,0.3351134785610059,-220.3158832494831,7,0.14808791088849038,0.2898437810167256,0.16155185596109575
4,0.3351134785610059,-220.3158832494831,8,0.1439856672218693,0.2731798408552379,0.15969776645878744
4,0.3351134785610059,-220.3158832494831,9,0.13745201785230837,0.25688587471471863,0.15366614338332396
4,0.3351134785610059,-220.3158832494831,10,0.12901646287974666,0.24060382769688723,0.14129037724468047
4,0.3351134785610059,-220.3158832494831,11,0.12326526895053902,0.22841454785476267,0.14042432943406358
4,0.3351134785610059,-220.3158832494831,12,0.11995698019536308,0.21862196280687138,0.140887886961662
4,0.3351134785610059,-220.3158832494831,13,0.1191030309880953,0.21070968746976845,0.14101645462805976
4,0.3351134785610059,-220.3158832494831,14,0.12117777706778333,0.20400168573642377,0.14068497843252759
4,0.3351134785610059,-220.3158832494831,15,0.12482904578642369,0.19701877734224135,0.13987014368080714
4,0.3351134785610059,-220.3158832494831,16,0.12914548660438363,0.18879314519400756,0.13825792699533207
4,0.3351134785610059,-220.3158832494831,17,0.1343804645365717,0.17882164061553016,0.1353656461096664
4,0.3351134785610059,-220.3158832494831,18,0.14079732395208502,0.16662304702745262,0.13040374754349138
4,0.3351134785610059,-220.3158832494831,19,0.14840615809395757,0.15222560880983196,0.12168089381625508
4,0.3351134785610059,-220.3158832494831,20,0.15689390828659855,0.1362272493225437,0.10649589943448765
4,0.3351134785610059,-220.3158832494831,21,0.16637343262607113,0.12435569452961688,0.10375126657855992
4,0.3351134785610059,-220.3158832494831,22,0.17522899279896934,0.11550275572417891,0.10248983910869054
4,0.3351134785610059,-220.3158832494831,23,0.1820795853490217,0.10850745567418496,0.0988335107983483
4,0.3351134785610059,-220.3158832494831,24,0.18614260103961774,0.1045011350234793,0.0989715346584426
4,0.3351134785610059,-220.3158832494831,25,0.18827874256091973,0.10301804961142165,0.09915191289322764
4,0.3351134785610059,-220.3158832494831,26,0.18830503832269,0.10295099343796714,0.09959451709815313
4,0.3351134785610059,-220.3158832494831,27,0.18822697599340518,0.10294100909279844,0.09980342699549738
4,0.3351134785610059,-220.3158832494831,28,0.18819043265445104,0.10293637943040741,0.09990197112654452
4,0.3351134785610059,-220.3158832494831,29,0.18817333996452276,0.10293422818206371,0.0999484761272437
4,0.3351134785610059,-220.3158832494831,30,0.18816535327439138,0.10293323064353796,0.09997042229880637
5,0.3351134785610059,-219.76595876559244,1,0.007259786100205662,0.03890159155433431,0.5325500845060449
5,0.3351134785610059,-219.76595876559244,2,0.09732529608153571,0.2024325875096853,0.16625501146350313
5,0.3351134785610059,-219.76595876559244,3,0.14964082291613312,0.341360838685454,0.08904592591190742
5,0.3351134785610059,-219.76595876559244,4,0.15066413312865887,0.33584753859925504,0.13004028000388823
5,0.3351134785610059,-219.76595876559244,5,0.14987199623246095,0.32057780306886136,0.1540956984189154
5,0.3351134785610059,-219.76595876559244,6,0.1490817981876845,0.30534544207382874,0.16404408132207693
5,0.3351134785610059,-219.76595876559244,7,0.14803776304773952,0.2898570027744447,0.16154658907121797
5,0.3351134785610059,-219.76595876559244,8,0.1439228882658879,0.273195692147329,0.15969046140302268
5,0.3351134785610059,-219.76595876559244,9,0.13737750376972208,0.2569056818168794,0.15365407281181218
5,0.3351134785610059,-219.76595876559244,10,0.12893093088856,0.24062806747348134,0.14127077151877748
5,0.3351134785610059,-219.76595876559244,11,0.12316877243259755,0.22844932022379072,0.14041218372488698
5,0.3351134785610059,-219.76595876559244,12,0.11984537868336219,0.21867172851373787,0.1408825235543866
5,0.3351134785610059,-219.76595876559244,13,0.11895369531722774,0.2107811138520077,0.14094548120433062
5,0.3351134785610059,-219.76595876559244,14,0.12102072636321527,0.2041212654513155,0.1407172017007152
5,0.3351134785610059,-219.76595876559244,15,0.12464319660011168,0.19720770993360928,0.13992381052050365
5,0.3351134785610059,-219.76595876559244,16,0.1289193367997323,0.18906983829142726,0.13835336661823674
5,0.3351134785610059,-219.76595876559244,17,0.1341032824381944,0.17920754714137888,0.1355343314028116
5,0.3351134785610059,-219.76595876559244,18,0.1404599709459988,0.16713434440590644,0.13069970745140455
5,0.3351134785610059,-219.76595876559244,19,0.14801797489594368,0.1528418407053008,0.1222137205082074
5,0.3351134785610059,-219.76595876559244,20,0.15647835808754557,0.1369146178080596,0.10742557238783643
5,0.3351134785610059,-219.76595876559244,21,0.16599184002206413,0.12439607772107703,0.10261932568633153
5,0.3351134785610059,-219.76595876559244,22,0.17519167797334417,0.11577335043246309,0.10346464345037071
5,0.3351134785610059,-219.76595876559244,23,0.18270154168141328,0.10810407652378261,0.098263837508676
5,0.3351134785610059,-219.76595876559244,24,0.1871585323167642,0.1035723155108258,0.09817704131249733
5,0.3351134785610059,-219.76595876559244,25,0.1890987070882612,0.10082177925664114,0.09885511731949793
5,0.3351134785610059,-219.76595876559244,26,0.18947066259328507,0.10047934711159817,0.09927177126027312
5,0.3351134785610059,-219.76595876559244,27,0.18938229996306308,0.10045744047642283,0.0996508963564833
5,0.3351134785610059,-219.76595876559244,28,0.1893553742613534,0.10044387821712845,0.0998299328392181
5,0.3351134785610059,-219.76595876559244,29,0.1893662713628599,0.10043216178481706,0.09991447914579224
5,0.3351134785610059,-219.76595876559244,30,0.18937136788629275,0.10042668071737795,0.09995439675192316
6,0.3351134785610059,-220.6561933705853,1,0.007259786100205662,0.03890159155433431,0.5325500845060449
6,0.3351134785610059,-220.6561933705853,2,0.09732529608153571,0.2024325875096853,0.16625501146350313
6,0.3351134785610059,-220.6561933705853,3,0.1496301906647897,0.34136052775644354,0.08904517712009381
6,0.3351134785610059,-220.6561933705853,4,0.1506585234680148,0.3358498062738915,0.13004641855150084
6,0.3351134785610059,-220.6561933705853,5,0.14989083915552714,0.3205661401334953,0.15410925431871259
6,0.3351134785610059,-220.6561933705853,6,0.14912503426622714,0.3053198910355858,0.16406502675812698
6,0.3351134785610059,-220.6561933705853,7,0.148103434448382,0.28981807324045183,0.16158012618747328
6,0.3351134785610059,-220.6561933705853,8,0.14399628933937503,0.2731664946339064,0.15978010930085834
6,0.3351134785610059,-220.6561933705853,9,0.13745099209988096,0.2569025350002871,0.1538393257273546
6,0.3351134785610059,-220.6561933705853,10,0.12899115951243648,0.24065619143346878,0.14160501833641578
6,0.3351134785610059,-220.6561933705853,11,0.12316583429300532,0.22848580458233136,0.14083318392752128
6,0.3351134785610059,-220.6561933705853,12,0.11971638054058428,0.2187025969033685,0.14109136475214568
6,0.3351134785610059,-220.6561933705853,13,0.11874925343423846,0.21080949513049818,0.14106403248495314
6,0.3351134785610059,-220.6561933705853,14,0.12075541188831211,0.20416254586018712,0.1407819210819264
6,0.3351134785610059,-220.6561933705853,15,0.12435539417056847,0.19728326174438585,0.13997230490714999
6,0.3351134785610059,-220.6561933705853,16,0.1285961931852358,0.18918337202450677,0.13840476740610405
6,0.3351134785610059,-220.6561933705853,17,0.13374026125525934,0.1793672283900729,0.13561472720241705
6,0.3351134785610059,-220.6561933705853,18,0.14004310603373346,0.16734205619658235,0.13084099785359082
6,0.3351134785610059,-220.6561933705853,19,0.14754712028261374,0.1530839694283023,0.12246979764450722
6,0.3351134785610059,-220.6561933705853,20,0.15595317259918326,0.13717950873761733,0.10783412700433027
6,0.3351134785610059,-220.6561933705853,21,0.16091063151800322,0.12177951920580773,0.1025464846097029
6,0.3351134785610059,-220.6561933705853,22,0.1626680821433947,0.10840206252404941,0.10227810938874003
6,0.3351134785610059,-220.6561933705853,23,0.16445206103633703,0.09754148632253286,0.09872463444680955
6,0.3351134785610059,-220.6561933705853,24,0.16521246016773622,0.09082443256849725,0.09892867641080677
6,0.3351134785610059,-220.6561933705853,25,0.16544917997525968,0.08752140718485608,0.09948906621777608
6,0.3351134785610059,-220.6561933705853,26,0.16547888554228335,0.08704415702776569,0.09958746492278334
6,0.3351134785610059,-220.6561933705853,27,0.1655019785269325,0.08702197381924597,0.09979990185855203
6,0.3351134785610059,-220.6561933705853,28,0.165512885006071,0.08701153753676988,0.09990020201880276
6,0.3351134785610059,-220.6561933705853,29,0.16551919558559164,0.0870033461767738,0.09994761539535887
6,0.3351134785610059,-220.6561933705853,30,0.16552240065253007,0.08699882265111243,0.09997001287307877
7,0.3351134785610059,-220.74391294532037,1,0.007259786100205662,0.03890159155433431,0.5325500845060449
7,0.3351134785610059,-220.74391294532037,2,0.09732529608153571,0.2024325875096853,0.16625501146350313
7,0.3351134785610059,-220.74391294532037,3,0.1496300103277361,0.3413605699547618,0.08904513681155225
7,0.3351134785610059,-220.74391294532037,4,0.1506450332194854,0.335850624301695,0.13004412771738647
7,0.3351134785610059,-220.74391294532037,5,0.14985697074824977,0.32057035005435386,0.15410374476608565
7,0.3351134785610059,-220.74391294532037,6,0.14907083746678818,0.30532748216741956,0.1640563091616287
7,0.3351134785610059,-220.74391294532037,7,0.14802844904804696,0.28982782819510255,0.16157195352796086
7,0.3351134785610059,-220.74391294532037,8,0.14390365978408357,0.2731768224487176,0.1597644713682056
7,0.3351134785610059,-220.74391294532037,9,0.13734244541839874,0.256913332631717,0.15380946553851013
7,0.3351134785610059,-220.74391294532037,10,0.1288686904239672,0.24066741253185783,0.1415531105885057
7,0.3351134785610059,-220.74391294532037,11,0.12304142743964541,0.22850742281092976,0.14080602087942853
7,0.3351134785610059,-220.74391294532037,12,0.11958644803629445,0.21873584044225927,0.14107879429159195
7,0.3351134785610059,-220.74391294532037,13,0.11860607086021552,0.21086210638102057,0.1410639797630909
7,0.3351134785610059,-220.74391294532037,14,0.12059275435131322,0.20424943254974964,0.14079647821365673
7,0.3351134785610059,-220.74391294532037,15,0.12417164263695465,0.1974215393633425,0.14000713747451823
7,0.3351134785610059,-220.74391294532037,16,0.12838418472068994,0.18938770788409598,0.1384733684186767
7,0.3351134785610059,-220.74391294532037,17,0.13349045603473647,0.1796535225473003,0.1357378477318394
7,0.3351134785610059,-220.74391294532037,18,0.13974958605271337,0.16772408793085325,0.13105710813766716
7,0.3351134785610059,-220.74391294532037,19,0.1472167509916807,0.15354733514795682,0.12285995282859334
7,0.3351134785610059,-220.74391294532037,20,0.15559918573054496,0.13770203631655956,0.10849916578728523
7,0.3351134785610059,-220.74391294532037,21,0.16067231867816698,0.1223236151472443,0.10293639461738921
7,0.3351134785610059,-220.74391294532037,22,0.16264880678864602,0.10896365685247456,0.10196322874758358
7,0.3351134785610059,-220.74391294532037,23,0.1646724130930257,0.09852061416439903,0.09908219693809289
7,0.3351134785610059,-220.74391294532037,24,0.166183358708947,0.09206883984044284,0.09904364870554479
7,0.3351134785610059,-220.74391294532037,25,0.1668921282478561,0.08895761193465525,0.09916369597355296
7,0.3351134785610059,-220.74391294532037,26,0.16704146657868868,0.0886466020233209,0.09959996481107904
7,0.3351134785610059,-220.74391294532037,27,0.16700000610933555,0.08863870484748888,0.0998059087695739
7,0.3351134785610059,-220.74391294532037,28,0.16698061051860807,0.08863502959549514,0.0999031377021223
7,0.3351134785610059,-220.74391294532037,29,0.16697154307871087,0.08863331997905892,0.09994904239828492
7,0.3351134785610059,-220.74391294532037,30,0.16696730463139495,0.08863252537980977,0.09997071575694204
8,0.3351134785610059,-220.41723840616115,1,0.007259786100205662,0.03890159155433431,0.5325500845060449
8,0.3351134785610059,-220.41723840616115,2,0.09732529608153571,0.2024325875096853,0.16625501146350313
8,0.3351134785610059,-220.41723840616115,3,0.14963277648398968,0.34136070889710063,0.08904542927920676
8,0.3351134785610059,-220.41723840616115,4,0.15067335062522413,0.33584920017199643,0.13004775581047795
8,0.3351134785610059,-220.41723840616115,5,0.14991827723886675,0.3205665981585537,0.15411215104134943
8,0.3351134785610059,-220.41723840616115,6,0.1491650524024185,0.3053214105912742,0.16406947902962285
8,0.3351134785610059,-220.41723840616115,7,0.14815785155447167,0.28982256792985645,0.1615771025064973
8,0.3351134785610059,-220.41723840616115,8,0.1440666853700751,0.2731667309932593,0.1597634390117849
8,0.3351134785610059,-220.41723840616115,9,0.1375381628850424,0.25689165892698346,0.15380181780730667
8,0.3351134785610059,-220.41723840616115,10,0.1290979408782265,0.24063194045894187,0.14153517289642498
8,0.3351134785610059,-220.41723840616115,11,0.12327152973862363,0.22842867294920902,0.1405397198561405
8,0.3351134785610059,-220.41723840616115,12,0.11986136736830194,0.21858292166555485,0.14062029266772882
8,0.3351134785610059,-220.41723840616115,13,0.11900403498086763,0.21068863924974596,0.14088642977227367
8,0.3351134785610059,-220.41723840616115,14,0.1210464005388095,0.20401651518211117,0.14062481284237688
8,0.3351134785610059,-220.41723840616115,15,0.12464053940520263,0.197076349900605,0.13987799828387487
8,0.3351134785610059,-220.41723840616115,16,0.12890293235415692,0.18892117694291266,0.13832757292686443
8,0.3351134785610059,-220.41723840616115,17,0.1340709769785312,0.17903958870096687,0.1355235788955781
8,0.3351134785610059,-220.41723840616115,18,0.14042052502643762,0.1669543598697306,0.13068183171931866
8,0.3351134785610059,-220.41723840616115,19,0.14796808193485889,0.1526479810137863,0.12218352846409504
8,0.3351134785610059,-220.41723840616115,20,0.15640999641972447,0.1367123827976038,0.10734822322119
8,0.3351134785610059,-220.41723840616115,21,0.16130222995820404,0.12130443720722756,0.10226319777010046
8,0.3351134785610059,-220.41723840616115,22,0.16291791927844593,0.10791810541228634,0.10251076503200152
8,0.3351134785610059,-220.41723840616115,23,0.16473882737348985,0.09706131168805499,0.09923203720018878
8,0.3351134785610059,-220.41723840616115,24,0.16606604768324548,0.09031340494678708,0.09920299618773412
8,0.3351134785610059,-220.41723840616115,25,0.1666964373753028,0.08696658311630963,0.09936343511983307
8,0.3351134785610059,-220.41723840616115,26,0.1667517982219299,0.08657725108376559,0.09969424589281507
8,0.3351134785610059,-220.41723840616115,27,0.16671555756453574,0.08656758050583607,0.09985038839230675
8,0.3351134785610059,-220.41723840616115,28,0.16669853415420174,0.08656303253933467,0.0999241074291549
8,0.3351134785610059,-220.41723840616115,29,0.16669053891915053,0.08656089168190592,0.0999589135075344
8,0.3351134785610059,-220.41723840616115,30,0.16668678361472047,0.08655988467296753,0.0999753473163428
9,0.34320119205833377,-250.09729306944504,1,0.007259786100205664,0.03890159155433431,0.5325500845060449
9,0.34320119205833377,-250.09729306944504,2,0.09732529608153571,0.2024325875096853,0.16625501146350313
9,0.34320119205833377,-250.09729306944504,3,0.1494044153845776,0.3413780840719343,0.08983500244790148
9,0.34320119205833377,-250.09729306944504,4,0.15047261613694815,0.334787848268405,0.13124820329129164
9,0.34320119205833377,-250.09729306944504,5,0.14978785179461904,0.3191604087798709,0.15590258416536049
9,0.34320119205833377,-250.09729306944504,6,0.149104781803878,0.30357163715892066,0.16644796513402899
9,0.34320119205833377,-250.09729306944504,7,0.14828147286322915,0.2878258695708759,0.1638724888880105
9,0.34320119205833377,-250.09729306944504,8,0.1446306908282739,0.2701191098525412,0.16211318340333247
9,0.34320119205833377,-250.09729306944504,9,0.13838295591891162,0.25234437475136573,0.15678106990547144
9,0.34320119205833377,-250.09729306944504,10,0.13012744144016974,0.23418713721610146,0.14571427191611308
9,0.34320119205833377,-250.09729306944504,11,0.1239014571745485,0.21782215873957092,0.14037444110048541
9,0.34320119205833377,-250.09729306944504,12,0.12110218877691016,0.2031876781595416,0.13760769913477366
9,0.34320119205833377,-250.09729306944504,13,0.12088096054032813,0.18883199171890233,0.13174192830697126
9,0.34320119205833377,-250.09729306944504,14,0.12274894315707431,0.1741444851216286,0.1206140443467535
9,0.34320119205833377,-250.09729306944504,15,0.12596969361611718,0.1589858055671942,0.10146970480827994
9,0.34320119205833377,-250.09729306944504,16,0.13133002888684941,0.15078177205770765,0.10418356430682635
9,0.34320119205833377,-250.09729306944504,17,0.1358663393814515,0.14404296183152418,0.10172342914486057
9,0.34320119205833377,-250.09729306944504,18,0.13826186004208268,0.1395855062518018,0.0993327816146059
9,0.34320119205833377,-250.09729306944504,19,0.13892204369537733,0.1383287680378048,0.09956060329986215
9,0.34320119205833377,-250.09729306944504,20,0.13911359246684876,0.13859787646546504,0.0997877940033471
9,0.34320119205833377,-250.09729306944504,21,0.13919862483451112,0.1386650262503253,0.09989458806388611
9,0.34320119205833377,-250.09729306944504,22,0.13923864213746004,0.13869631946055763,0.09994496810707788
9,0.34320119205833377,-250.09729306944504,23,0.13925746367125866,0.13871117752323028,0.09996873446771859
9,0.34320119205833377,-250.09729306944504,24,0.1392663099043023,0.1387181952566395,0.09997994955062876
9,0.34320119205833377,-250.09729306944504,25,0.13927046719002026,0.13872150940358696,0.09998524236655593
9,0.34320119205833377,-250.09729306944504,26,0.13927136791606665,0.1387230731352711,0.09998745973930502
9,0.34320119205833377,-250.09729306944504,27,0.13927064889064503,0.13872392664845812,0.09998848597932072
9,0.34320119205833377,-250.09729306944504,28,0.1392704022402051,0.13872429548469267,0.09998897407834545
9,0.34320119205833377,-250.09729306944504,29,0.13927031538044263,0.13872445967299313,0.09998920197455059
9,0.34320119205833377,-250.09729306944504,30,0.1392701475562788,0.13872457761701004,0.09998930633569246
10,0.3351134785610059,-219.90426558717067,1,0.007259786100205662,0.03890159155433431,0.5325500845060449
10,0.3351134785610059,-219.90426558717067,2,0.09732529608153571,0.2024325875096853,0.16625501146350313
10,0.3351134785610059,-219.90426558717067,3,0.14963033871526757,0.3413606147723269,0.0890451948844975
10,0.3351134785610059,-219.90426558717067,4,0.15064926133969786,0.3358499485358805,0.13004507185262137
10,0.3351134785610059,-219.90426558717067,5,0.14986863660253025,0.3205687517360135,0.15410643687756365
10,0.3351134785610059,-219.90426558717067,6,0.14908992289820625,0.3053249645487098,0.1640607437798979
10,0.3351134785610059,-219.90426558717067,7,0.1480540197218833,0.28982345115079244,0.161582479925165
10,0.3351134785610059,-219.90426558717067,8,0.14393417456216165,0.27317324125424064,0.1597873150831293
10,0.3351134785610059,-219.90426558717067,9,0.13737611547870873,0.25691363699278613,0.15385347549508496
10,0.3351134785610059,-219.90426558717067,10,0.12890248426941148,0.24067214076924842,0.14163043074984738
10,0.3351134785610059,-219.90426558717067,11,0.12305330227064522,0.22850495086464395,0.1408436026196106
10,0.3351134785610059,-219.90426558717067,12,0.11957853789709542,0.2187296597740703,0.14109639455489217
10,0.3351134785610059,-219.90426558717067,13,0.11858356074372199,0.21085163531110757,0.14107162138393564
10,0.3351134785610059,-219.90426558717067,14,0.12055986787214767,0.20423381776703306,0.14079903380984554
10,0.3351134785610059,-219.90426558717067,15,0.12413533321020989,0.19740265268291754,0.1400067011617666
10,0.3351134785610059,-219.90426558717067,16,0.12834477964525212,0.18936452028980935,0.1384695556162862
10,0.3351134785610059,-219.90426558717067,17,0.1334507571507165,0.17962596506776812,0.13573138930426787
10,0.3351134785610059,-219.90426558717067,18,0.139709268896778,0.16769101843569842,0.13104616930094815
10,0.3351134785610059,-219.90426558717067,19,0.14717502906163699,0.15350915150617941,0.12284058892836303
10,0.3351134785610059,-219.90426558717067,20,0.15556135570229304,0.13765456197526554,0.10849549559313632
10,0.3351134785610059,-219.90426558717067,21,0.16495062583872258,0.12498807912156533,0.10323614784836059
10,0.3351134785610059,-219.90426558717067,22,0.17395721871111902,0.1160722207910388,0.10293239775748002
10,0.3351134785610059,-219.90426558717067,23,0.18112352189342731,0.10868715209549301,0.09917445966236385
10,0.3351134785610059,-219.90426558717067,24,0.1859760199672188,0.1040838560948329,0.09865400209408975
10,0.3351134785610059,-219.90426558717067,25,0.1880236667059586,0.10127550667793789,0.0994482875353321
10,0.3351134785610059,-219.90426558717067,26,0.1885275987901424,0.10089322502774065,0.09951930692287995
10,0.3351134785610059,-219.90426558717067,27,0.188554683085579,0.10086857261801623,0.09976780884593495
10,0.3351134785610059,-219.90426558717067,28,0.18856749739815917,0.10085686289574758,0.0998851144967202
10,0.3351134785610059,-219.90426558717067,29,0.1885738994386801,0.1008507577858493,0.09994050492234265
10,0.3351134785610059,-219.90426558717067,30,0.18857689648716675,0.1008479019147571,0.0999666532744301
11,0.3351134785610059,-220.33185230937409,1,0.007259786100205662,0.03890159155433431,0.5325500845060449
11,0.3351134785610059,-220.33185230937409,2,0.09732529608153571,0.2024325875096853,0.16625501146350313
11,0.3351134785610059,-220.33185230937409,3,0.14963506879543564,0.3413607601513343,0.0890455083017883
11,0.3351134785610059,-220.33185230937409,4,0.15064892832182936,0.3358495515841851,0.13004184312278008
11,0.3351134785610059,-220.33185230937409,5,0.14985126619211406,0.32057567806071324,0.15409872547720088
11,0.3351134785610059,-220.33185230937409,6,0.1490555565646228,0.3053391916350032,0.16404856597787973
11,0.3351134785610059,-220.33185230937409,7,0.1480047040622118,0.28984586061186784,0.16155818383083959
11,0.3351134785610059,-220.33185230937409,8,0.14387814414027172,0.27319013752431004,0.15972531711309423
11,0.3351134785610059,-220.33185230937409,9,0.13731836642834577,0.2569141386925183,0.15372775745301445
11,0.3351134785610059,-220.33185230937409,10,0.12885202576040203,0.2406531485269994,0.1414049231515619
11,0.3351134785610059,-220.33185230937409,11,0.1230300333245523,0.22847209063858093,0.14047356684583426
11,0.3351134785610059,-220.33185230937409,12,0.11961618182695453,0.21864990402061546,0.14058965592228442
11,0.3351134785610059,-220.33185230937409,13,0.11873799122380994,0.21079444220300206,0.14088335061358698
11,0.3351134785610059,-220.33185230937409,14,0.1207461758809953,0.20418962201586546,0.14065146145689103
11,0.3351134785610059,-220.33185230937409,15,0.1243020348795004,0.1973490959448014,0.13994444436901277
11,0.3351134785610059,-220.33185230937409,16,0.12851048305401372,0.18932108343731152,0.13845717756252074
11,0.3351134785610059,-220.33185230937409,17,0.1336108647988306,0.17959866297705948,0.13576049152300287
11,0.3351134785610059,-220.33185230937409,18,0.13987869363994104,0.1676979440919261,0.13109747573551694
11,0.3351134785610059,-220.33185230937409,19,0.14735887162417816,0.1535490632782289,0.1229333028037863
11,0.3351134785610059,-220.33185230937409,20,0.15576552205019992,0.13772406128184805,0.10865354748599274
11,0.3351134785610059,-220.33185230937409,21,0.16516173880373314,0.12505609750857213,0.10332771684379481
11,0.3351134785610059,-220.33185230937409,22,0.17415762597310877,0.11611557037045835,0.10285508189234713
11,0.3351134785610059,-220.33185230937409,23,0.18127782701009626,0.10874240400330884,0.0986873181884265
11,0.3351134785610059,-220.33185230937409,24,0.1856041775031776,0.10455663131106233,0.0988644472342154
11,0.3351134785610059,-220.33185230937409,25,0.18794800379408802,0.10282995210915127,0.09907043723312563
11,0.3351134785610059,-220.33185230937409,26,0.18810142768103832,0.10271856087839121,0.09955604182005937
11,0.3351134785610059,-220.33185230937409,27,0.1880190192610301,0.10270738720804133,0.09978526791002121
11,0.3351134785610059,-220.33185230937409,28,0.18798044663024996,0.10270220461976931,0.09989340064684663
11,0.3351134785610059,-220.33185230937409,29,0.18796240079745458,0.10269979505806551,0.0999444305393162
11,0.3351134785610059,-220.33185230937409,30,0.18795396874888579,0.102698677037423,0.09996851264727584
12,0.3351134785610059,-220.06671965332626,1,0.007259786100205662,0.03890159155433431,0.5325500845060449
12,0.3351134785610059,-220.06671965332626,2,0.09732529608153571,0.2024325875096853,0.16625501146350313
12,0.3351134785610059,-220.06671965332626,3,0.14963128182109897,0.34136042701395564,0.08904534414738698
12,0.3351134785610059,-220.06671965332626,4,0.1506793869854064,0.33584900352588715,0.13004885653515003
12,0.3351134785610059,-220.06671965332626,5,0.1499334825166524,0.3205629615291376,0.15411369297557986
12,0.3351134785610059,-220.06671965332626,6,0.14918940421917187,0.3053143438031219,0.16407145952629373
12,0.3351134785610059,-220.06671965332626,7,0.14819429253037236,0.2898164066213958,0.16156251611831196
12,0.3351134785610059,-220.06671965332626,8,0.14411417164430337,0.2731563542968942,0.15972796409750853
12,0.3351134785610059,-220.06671965332626,9,0.13759873708349407,0.25686857717556966,0.15373256203928998
12,0.3351134785610059,-220.06671965332626,10,0.12917658582602198,0.24059428379685024,0.14141200411744667
12,0.3351134785610059,-220.06671965332626,11,0.12340992942583384,0.22839098037714584,0.1404843127624576
12,0.3351134785610059,-220.06671965332626,12,0.12006035239278477,0.21853265154860896,0.14059459264120716
12,0.3351134785610059,-220.06671965332626,13,0.11926321358094642,0.21061256719681176,0.14086474143720606
12,0.3351134785610059,-220.06671965332626,14,0.1213657383723768,0.20389101179977756,0.14059002680681434
12,0.3351134785610059,-220.06671965332626,15,0.1250103128893559,0.19686805095557705,0.13981354509441693
12,0.3351134785610059,-220.06671965332626,16,0.12933155614373443,0.188604284604693,0.1382088588487975
12,0.3351134785610059,-220.06671965332626,17,0.13457352375637271,0.17858828162093088,0.135311177666031
12,0.3351134785610059,-220.06671965332626,18,0.1410053378726231,0.16634730903794562,0.13030787081381262
12,0.3351134785610059,-220.06671965332626,19,0.14862449969428435,0.15191276619365807,0.1215087562087137
12,0.3351134785610059,-220.06671965332626,20,0.15711696322316915,0.13588640155210668,0.10620566578199557
12,0.3351134785610059,-220.06671965332626,21,0.16662115511488304,0.12405321997652011,0.10362799330552158
12,0.3351134785610059,-220.06671965332626,22,0.17556904703910864,0.11522142533011565,0.10239046964272712
12,0.3351134785610059,-220.06671965332626,23,0.1823663627316905,0.1081035122660719,0.09871103290539501
12,0.3351134785610059,-220.06671965332626,24,0.18628602315630852,0.10372374894403898,0.09852208614954513
12,0.3351134785610059,-220.06671965332626,25,0.18784021953663757,0.10155281212909655,0.09881941204749395
12,0.3351134785610059,-220.06671965332626,26,0.18797795731501069,0.1013969642206869,0.09943747355848029
12,0.3351134785610059,-220.06671965332626,27,0.1880243800198525,0.10134421911061436,0.09972920628589045
12,0.3351134785610059,-220.06671965332626,28,0.18804661151169635,0.10131881988022191,0.09986690259652861
12,0.3351134785610059,-220.06671965332626,29,0.18805726106877613,0.10130656346347411,0.09993190348339624
12,0.3351134785610059,-220.06671965332626,30,0.1880625179807591,0.10130039022468768,0.09996259564650636
13,0.3351134785610059,-220.37111747942063,1,0.007259786100205662,0.03890159155433431,0.5325500845060449
13,0.3351134785610059,-220.37111747942063,2,0.09732529608153571,0.2024325875096853,0.16625501146350313
13,0.3351134785610059,-220.37111747942063,3,0.14962868088070813,0.34136038048930833,0.08904489023282978
13,0.3351134785610059,-220.37111747942063,4,0.15064633305849007,0.3358499246571322,0.13004463042784686
13,0.3351134785610059,-220.37111747942063,5,0.1498648837195831,0.3205664866001799,0.1541052925716603
13,0.3351134785610059,-220.37111747942063,6,0.14908534746339458,0.3053204642524355,0.16405889768249718
13,0.3351134785610059,-220.37111747942063,7,0.1480479545357423,0.28981662236687245,0.1615819887428241
13,0.3351134785610059,-220.37111747942063,8,0.14392414340867896,0.2731691657191546,0.15979378492927065
13,0.3351134785610059,-220.37111747942063,9,0.13736172704656005,0.2569157071781059,0.15387046336244664
13,0.3351134785610059,-220.37111747942063,10,0.12888239411149074,0.2406819086459572,0.1416633161866241
13,0.3351134785610059,-220.37111747942063,11,0.12301724079373222,0.22851728903818858,0.14085839173648784
13,0.3351134785610059,-220.37111747942063,12,0.11952672604200047,0.2187477528038305,0.1411035924063225
13,0.3351134785610059,-220.37111747942063,13,0.1185163253352196,0.21087862029907434,0.14107801135684256
13,0.3351134785610059,-220.37111747942063,14,0.1204771467854022,0.20427557030984828,0.14080967819337
13,0.3351134785610059,-220.37111747942063,15,0.12403428095514334,0.1974665560574008,0.14002612540697762
13,0.3351134785610059,-220.37111747942063,16,0.12822086541088942,0.18945792383433196,0.13850483193334087
13,0.3351134785610059,-220.37111747942063,17,0.13330001762382118,0.17975746648024354,0.13579453535569608
13,0.3351134785610059,-220.37111747942063,18,0.1395265859736647,0.16786683880769349,0.13115685614385972
13,0.3351134785610059,-220.37111747942063,19,0.14696376987981308,0.1537235308430109,0.12303917487940953
13,0.3351134785610059,-220.37111747942063,20,0.15532642433148416,0.13789509150828022,0.10883389137233422
13,0.3351134785610059,-220.37111747942063,21,0.16467653280478134,0.125184011693385,0.10343247736916818
13,0.3351134785610059,-220.37111747942063,22,0.17362227251265497,0.11617670843232966,0.10276681400569733
13,0.3351134785610059,-220.37111747942063,23,0.18055199573993985,0.10887379816233021,0.0991636461659282
13,0.3351134785610059,-220.37111747942063,24,0.18460122905724294,0.10445747042489585,0.09903626628022627
13,0.3351134785610059,-220.37111747942063,25,0.18640394922965753,0.10246159661837123,0.09908979912073694
13,0.3351134785610059,-220.37111747942063,26,0.18652886713171501,0.10230033939034207,0.0995651226386351
13,0.3351134785610059,-220.37111747942063,27,0.18656223483407675,0.102244238719262,0.09978945351669165
13,0.3351134785610059,-220.37111747942063,28,0.18657829285338684,0.10221729462852905,0.09989534100931649
13,0.3351134785610059,-220.37111747942063,29,0.1865861376473056,0.10220415091404624,0.09994532918594205
13,0.3351134785610059,-220.37111747942063,30,0.18658999770197748,0.10219768964937394,0.09996893282693793
14,0.3351134785610059,-220.3547109901104,1,0.007259786100205662,0.03890159155433431,0.5325500845060449
14,0.3351134785610059,-220.3547109901104,2,0.09732529608153571,0.2024325875096853,0.16625501146350313
14,0.3351134785610059,-220.3547109901104,3,0.1496289051056245,0.34136038961460063,0.08904490895316602
14,0.3351134785610059,-220.3547109901104,4,0.15064650721870243,0.3358499966574914,0.13004451667025646
14,0.3351134785610059,-220.3547109901104,5,0.14986446429415926,0.3205670597516694,0.15410501827028633
14,0.3351134785610059,-220.3547109901104,6,0.1490843358921346,0.3053215370669054,0.16405846352656625
14,0.3351134785610059,-220.3547109901104,7,0.14804649503548833,0.28981825978852616,0.16158085035432346
14,0.3351134785610059,-220.3547109901104,8,0.14392274815684983,0.27317042177315787,0.15979039915398222
14,0.3351134785610059,-220.3547109901104,9,0.13736063963819434,0.25691585706339864,0.1538634381054156
14,0.3351134785610059,-220.3547109901104,10,0.1288821689050362,0.2406807252159164,0.14165042756920024
14,0.3351134785610059,-220.3547109901104,11,0.12302184342819651,0.22851668368905254,0.1408524164422051
14,0.3351134785610059,-220.3547109901104,12,0.11953596644711394,0.21874677631711836,0.1411007580558907
14,0.3351134785610059,-220.3547109901104,13,0.11852972214924197,0.2108767501032434,0.14107630700549975
14,0.3351134785610059,-220.3547109901104,14,0.12049509132588178,0.20427225896921342,0.14080778536377364
14,0.3351134785610059,-220.3547109901104,15,0.1240549623057028,0.19745964605110117,0.14002311177286117
14,0.3351134785610059,-220.3547109901104,16,0.12824459217172696,0.18944614576733448,0.13849958011056399
14,0.3351134785610059,-220.3547109901104,17,0.13332759765336208,0.17973969476496526,0.1357850678413346
14,0.3351134785610059,-220.3547109901104,18,0.1395588361605214,0.16784232089657217,0.131140088960971
14,0.3351134785610059,-220.3547109901104,19,0.1470001555737996,0.15369429083567113,0.12300801311137666
14,0.3351134785610059,-220.3547109901104,20,0.15536591186130594,0.13786304497882623,0.10877984653909491
14,0.3351134785610059,-220.3547109901104,21,0.16472178023279166,0.12516057183276957,0.10340110756454697
14,0.3351134785610059,-220.3547109901104,22,0.1736769184114605,0.11616938946945356,0.10279367130179122
14,0.3351134785610059,-220.3547109901104,23,0.1806233468879117,0.10887547339750957,0.09920175854665343
14,0.3351134785610059,-220.3547109901104,24,0.18468279210494623,0.10444773968972745,0.09904645205751102
14,0.3351134785610059,-220.3547109901104,25,0.1864919995963263,0.10244825663590049,0.09909432452130021
14,0.3351134785610059,-220.3547109901104,26,0.1866269468396716,0.1022862090664147,0.09956727856571797
14,0.3351134785610059,-220.3547109901104,27,0.18666566251440378,0.10222818784784109,0.0997904837020063
14,0.3351134785610059,-220.3547109901104,28,0.18668426084639092,0.10220031229346653,0.09989582959681743
14,0.3351134785610059,-220.3547109901104,29,0.18669320012774204,0.10218689321945511,0.09994555999254302
14,0.3351134785610059,-220.3547109901104,30,0.18669765203907313,0.10218017336906783,0.09996904268599095
15,0.3351134785610059,-220.3992347144293,1,0.007259786100205662,0.03890159155433431,0.5325500845060449
15,0.3351134785610059,-220.3992347144293,2,0.09732529608153571,0.2024325875096853,0.16625501146350313
15,0.3351134785610059,-220.3992347144293,3,0.14963833473247912,0.3413609214328986,0.08904657983757339
15,0.3351134785610059,-220.3992347144293,4,0.1506687525108675,0.33584512036332886,0.1300427535787738
15,0.3351134785610059,-220.3992347144293,5,0.14988835148889249,0.32057108482297336,0.15410052017135595
15,0.3351134785610059,-220.3992347144293,6,0.14910986072272808,0.30533443687479306,0.16405124258869835
15,0.3351134785610059,-220.3992347144293,7,0.14807762191116874,0.28984233710618307,0.1615546048846609
15,0.3351134785610059,-220.3992347144293,8,0.14397214087079688,0.27317930605720653,0.15970569130498233
15,0.3351134785610059,-220.3992347144293,9,0.13743477062296225,0.2568883362512202,0.15368233573752987
15,0.3351134785610059,-220.3992347144293,10,0.12899432988100681,0.2406098362370799,0.1413195413923683
15,0.3351134785610059,-220.3992347144293,11,0.12322991363627571,0.22842029834217048,0.14043755034530536
15,0.3351134785610059,-220.3992347144293,12,0.11987581388016423,0.2185774260621126,0.140572971154953
15,0.3351134785610059,-220.3992347144293,13,0.11906091560119009,0.2106851260564125,0.14086315108715325
15,0.3351134785610059,-220.3992347144293,14,0.12113665039134904,0.20401444740424685,0.14061030965438587
15,0.3351134785610059,-220.3992347144293,15,0.12475535277600794,0.19706816820561554,0.13986393539871647
15,0.3351134785610059,-220.3992347144293,16,0.12903982408460793,0.18890147179460418,0.13830731100067536
15,0.3351134785610059,-220.3992347144293,17,0.13423606768040858,0.17900652409288328,0.13549081477628688
15,0.3351134785610059,-220.3992347144293,18,0.14061353202952317,0.16690430745476711,0.13062375400948087
15,0.3351134785610059,-220.3992347144293,19,0.14819102290007707,0.15258851335046403,0.12207721859824926
15,0.3351134785610059,-220.3992347144293,20,0.15666088576795806,0.1366507226513327,0.10716628787476762
15,0.3351134785610059,-220.3992347144293,21,0.1615429646949791,0.12124638050362672,0.10215775810412157
15,0.3351134785610059,-220.3992347144293,22,0.1631185018538788,0.10786042152914425,0.10260003385184502
15,0.3351134785610059,-220.3992347144293,23,0.1648789461379278,0.0968667477315827,0.0989066509403974
15,0.3351134785610059,-220.3992347144293,24,0.1656403132790867,0.08993585005742848,0.09892122850081903
15,0.3351134785610059,-220.3992347144293,25,0.1663022488434203,0.08629842971917241,0.09914953386625863
15,0.3351134785610059,-220.3992347144293,26,0.16617150584139226,0.08566110318961148,0.09959328606671165
15,0.3351134785610059,-220.3992347144293,27,0.1661531258962609,0.08575496666449879,0.0998027987895718
15,0.3351134785610059,-220.3992347144293,28,0.16614455581825519,0.08579887529956422,0.09990168100720047
15,0.3351134785610059,-220.3992347144293,29,0.16614056338030245,0.08581939851497102,0.09994835816338839
15,0.3351134785610059,-220.3992347144293,30,0.16613870387166063,0.08582898962463834,0.09997039392716753
16,0.3351134785610059,-219.97468786480314,1,0.007259786100205662,0.03890159155433431,0.5325500845060449
16,0.3351134785610059,-219.97468786480314,2,0.09732529608153571,0.2024325875096853,0.16625501146350313
16,0.3351134785610059,-219.97468786480314,3,0.14964295249972104,0.341360890551375,0.08904604772579135
16,0.3351134785610059,-219.97468786480314,4,0.1506683817838734,0.335846195692118,0.13003977127042124
16,0.3351134785610059,-219.97468786480314,5,0.14987890452032065,0.3205777584693777,0.15409544298338074
16,0.3351134785610059,-219.97468786480314,6,0.1490913595742862,0.3053466921375862,0.16404407906361346
16,0.3351134785610059,-219.97468786480314,7,0.14804788921437143,0.28985693383554134,0.16155753710783935
16,0.3351134785610059,-219.97468786480314,8,0.14393374515515386,0.27319622789218045,0.15971431158315413
16,0.3351134785610059,-219.97468786480314,9,0.13738755540910885,0.2569108927780819,0.15369914206739863
16,0.3351134785610059,-219.97468786480314,10,0.12893701928741477,0.24063851199461536,0.14134976558927095
16,0.3351134785610059,-219.97468786480314,11,0.12314732758579208,0.2284544666406163,0.14044913939272752
16,0.3351134785610059,-219.97468786480314,12,0.1197647832996633,0.21862418150625118,0.1405782232779813
16,0.3351134785610059,-219.97468786480314,13,0.11891699960040318,0.21075516482667228,0.14087308560600603
16,0.3351134785610059,-219.97468786480314,14,0.12095565663060891,0.2041265197268708,0.14063408578091535
16,0.3351134785610059,-219.97468786480314,15,0.1245403798892113,0.19724698674121605,0.13991228442615536
16,0.3351134785610059,-219.97468786480314,16,0.128784411515727,0.1891676769113019,0.13839824936038783
16,0.3351134785610059,-219.97468786480314,17,0.13392801424639972,0.17938037035433202,0.13565490151731155
16,0.3351134785610059,-219.97468786480314,18,0.14024667992848133,0.1674041629145955,0.13091224249689648
16,0.3351134785610059,-219.97468786480314,19,0.1477738417802651,0.15319325548150628,0.12259879169809397
16,0.3351134785610059,-219.97468786480314,20,0.15621756280977384,0.1373264679732962,0.10808222996617499
16,0.3351134785610059,-219.97468786480314,21,0.16567762747591608,0.12473565701864009,0.10299759769110742
16,0.3351134785610059,-219.97468786480314,22,0.17477464382105773,0.11595104536860139,0.10313824163917756
16,0.3351134785610059,-219.97468786480314,23,0.18200435151929545,0.10850560562206725,0.09883955699419224
16,0.3351134785610059,-219.97468786480314,24,0.18631346759010411,0.10387215616811515,0.09841702073355714
16,0.3351134785610059,-219.97468786480314,25,0.18824278469961458,0.10124477652705895,0.098666683751938
16,0.3351134785610059,-219.97468786480314,26,0.18845730382865086,0.10104439748038897,0.09936514139320479
16,0.3351134785610059,-219.97468786480314,27,0.1883994032814295,0.10103469626697274,0.09969492135569669
16,0.3351134785610059,-219.97468786480314,28,0.18839527037707693,0.10102464875259107,0.09985072009161719
16,0.3351134785610059,-219.97468786480314,29,0.1884011896607192,0.10101821628387034,0.09992429234765475
16,0.3351134785610059,-219.97468786480314,30,0.1884039596957054,0.10101520621664689,0.09995902956639684
17,0.3351134785610059,-219.76779180484294,1,0.007259786100205662,0.03890159155433431,0.5325500845060449
17,0.3351134785610059,-219.76779180484294,2,0.09732529608153571,0.2024325875096853,0.16625501146350313
17,0.3351134785610059,-219.76779180484294,3,0.14963080117594407,0.3413605362911917,0.0890452139276756
17,0.3351134785610059,-219.76779180484294,4,0.15066342233232005,0.3358497367104741,0.1300466753962771
17,0.3351134785610059,-219.76779180484294,5,0.14989982152374545,0.32056593085342594,0.154109588618897
17,0.3351134785610059,-219.76779180484294,6,0.1491380901416481,0.3053195423891059,0.16406543831075712
17,0.3351134785610059,-219.76779180484294,7,0.14812164152545823,0.2898189154591569,0.1615749407338782
17,0.3351134785610059,-219.76779180484294,8,0.14402001060222538,0.2731656930215615,0.15976641301211145
17,0.3351134785610059,-219.76779180484294,9,0.13748108071712511,0.25689669904173756,0.1538117429929572
17,0.3351134785610059,-219.76779180484294,10,0.12902957609767518,0.24064449408897703,0.14155561788276308
17,0.3351134785610059,-219.76779180484294,11,0.12322850219863786,0.22847510379385977,0.14081025559517424
17,0.3351134785610059,-219.76779180484294,12,0.11980291745013096,0.21868876015318756,0.14108046124370643
17,0.3351134785610059,-219.76779180484294,13,0.11885858434341541,0.2107888682112588,0.14105604974137154
17,0.3351134785610059,-219.76779180484294,14,0.120886737970668,0.20412772710540786,0.14077065162765146
17,0.3351134785610059,-219.76779180484294,15,0.12450344543866088,0.19722299306207453,0.1399523246979616
17,0.3351134785610059,-219.76779180484294,16,0.12876471941454365,0.18909017943441994,0.13836861110931922
17,0.3351134785610059,-219.76779180484294,17,0.13393218066634424,0.17923217511007455,0.13554964168825967
17,0.3351134785610059,-219.76779180484294,18,0.14026246150795518,0.16715861630712867,0.13072649365549305
17,0.3351134785610059,-219.76779180484294,19,0.1477907116199705,0.15286012710909955,0.1222630994029485
17,0.3351134785610059,-219.76779180484294,20,0.15621559500776128,0.1369265773953193,0.10748917286311853
17,0.3351134785610059,-219.76779180484294,21,0.1611136905961007,0.12152019435243985,0.10234135363696269
17,0.3351134785610059,-219.76779180484294,22,0.1627550962651444,0.10813638673143841,0.10244863510275995
17,0.3351134785610059,-219.76779180484294,23,0.16499856339063868,0.09736013619087153,0.09963686045726834
17,0.3351134785610059,-219.76779180484294,24,0.16739742644975109,0.09004727142460715,0.09797931271269854
17,0.3351134785610059,-219.76779180484294,25,0.16955665424737765,0.08635584361135505,0.09924416295713998
17,0.3351134785610059,-219.76779180484294,26,0.1700241371407315,0.08508704586004445,0.09924332093507322
17,0.3351134785610059,-219.76779180484294,27,0.170036686705004,0.08504943551367926,0.09963750154130359
17,0.3351134785610059,-219.76779180484294,28,0.17004260720255543,0.08503166223625852,0.09982359961318239
17,0.3351134785610059,-219.76779180484294,29,0.1700453794597715,0.08502333494648771,0.0999114583961223
17,0.3351134785610059,-219.76779180484294,30,0.17004668041010468,0.08501943358751146,0.09995293777133722
18,0.3351134785610059,-220.30818716056885,1,0.007259786100205662,0.03890159155433431,0.5325500845060449
18,0.3351134785610059,-220.30818716056885,2,0.09732529608153571,0.2024325875096853,0.16625501146350313
18,0.3351134785610059,-220.30818716056885,3,0.14962904053646822,0.341360453288358,0.08904497658027052
18,0.3351134785610059,-220.30818716056885,4,0.15065026900841522,0.33584975302058584,0.13004533229083076
18,0.3351134785610059,-220.30818716056885,5,0.1498747533145298,0.3205660837956832,0.1541071835115994
18,0.3351134785610059,-220.30818716056885,6,0.1491011362023952,0.30531983134481283,0.16406197417341065
18,0.3351134785610059,-220.30818716056885,7,0.1480695029785129,0.28981555880732074,0.16158704530666357
18,0.3351134785610059,-220.30818716056885,8,0.14395129406491847,0.27316725947439785,0.15980196021043452
18,0.3351134785610059,-220.30818716056885,9,0.13739372697770275,0.2569129371504636,0.15388468628704444
18,0.3351134785610059,-220.30818716056885,10,0.12891833099213018,0.24067792497006868,0.14168722315437335
18,0.3351134785610059,-220.30818716056885,11,0.12305092561260186,0.22850818770324718,0.1408706547071109
18,0.3351134785610059,-220.30818716056885,12,0.119559468286896,0.2187335085811709,0.14110930285844905
18,0.3351134785610059,-220.30818716056885,13,0.11855099028040919,0.21085678562412774,0.14107859792227
18,0.3351134785610059,-220.30818716056885,14,0.12051599185808164,0.2042416306371895,0.14080482479958975
18,0.3351134785610059,-220.30818716056885,15,0.12408147436950588,0.19741633598628097,0.14001421875228984
18,0.3351134785610059,-220.30818716056885,16,0.12827944602921065,0.18938645777438826,0.13848134331455078
18,0.3351134785610059,-220.30818716056885,17,0.13337355211062488,0.17965928392289893,0.1357525525657734
18,0.3351134785610059,-220.30818716056885,18,0.13961776970599118,0.16773743333119903,0.13108330497600124
18,0.3351134785610059,-220.30818716056885,19,0.14706920171426172,0.1535655324128916,0.1229076946934952
18,0.3351134785610059,-220.30818716056885,20,0.15544264243234357,0.13771643191546823,0.10861031322340328
18,0.3351134785610059,-220.30818716056885,21,0.16481470944594814,0.12503111121476418,0.10330260910125247
18,0.3351134785610059,-220.30818716056885,22,0.17379788813417407,0.11608074874183005,0.1028755533997081
18,0.3351134785610059,-220.30818716056885,23,0.18091225955636495,0.10869659637957957,0.09872265077917551
18,0.3351134785610059,-220.30818716056885,24,0.18523166729122942,0.10448909183810334,0.09887829549030215
18,0.3351134785610059,-220.30818716056885,25,0.1875695844338131,0.10274621086956509,0.0990767830261362
18,0.3351134785610059,-220.30818716056885,26,0.18772113736201285,0.10263340023009723,0.09955904661495894
18,0.3351134785610059,-220.30818716056885,27,0.18763668546327586,0.1026226522629272,0.09978669035388402
18,0.3351134785610059,-220.30818716056885,28,0.18759716042102853,0.10261767095535344,0.09989407434560642
18,0.3351134785610059,-220.30818716056885,29,0.18757866744512444,0.10261535606132581,0.09994474917952544
18,0.3351134785610059,-220.30818716056885,30,0.1875700268457935,0.10261428260062193,0.09996866339027519
19,0.3351134785610059,-220.12532629319185,1,0.007259786100205662,0.03890159155433431,0.5325500845060449
19,0.3351134785610059,-220.12532629319185,2,0.09732529608153571,0.2024325875096853,0.16625501146350313
19,0.3351134785610059,-220.12532629319185,3,0.1496318778946516,0.3413607312231291,0.08904540701935677
19,0.3351134785610059,-220.12532629319185,4,0.15065791933382996,0.3358495191114764,0.1300460373529855
19,0.3351134785610059,-220.12532629319185,5,0.149884810018528,0.3205689142266789,0.1541084927204895
19,0.3351134785610059,-220.12532629319185,6,0.14911359334229254,0.3053257175960479,0.16406388713544665
19,0.3351134785610059,-220.12532629319185,7,0.14808583134213,0.28982533749224426,0.16158376266525154
19,0.3351134785610059,-220.12532629319185,8,0.14397500044279118,0.27317285692649657,0.15978425273689584
19,0.3351134785610059,-220.12532629319185,9,0.1374259798575929,0.2569081894719264,0.153844277203133
19,0.3351134785610059,-220.12532629319185,10,0.1289621525482715,0.2406605245012265,0.14161196593433087
19,0.3351134785610059,-220.12532629319185,11,0.12312967899066717,0.22848914394508293,0.14083615573993452
19,0.3351134785610059,-220.12532629319185,12,0.11967230619656326,0.21870639955020701,0.1410927363017149
19,0.3351134785610059,-220.12532629319185,13,0.11869626643736263,0.2108160254696602,0.14106581831217158
19,0.3351134785610059,-220.12532629319185,14,0.12069313934030027,0.20417646757444993,0.1407858822909219
19,0.3351134785610059,-220.12532629319185,15,0.12428939594599561,0.19731139680904733,0.13998050010278726
19,0.3351134785610059,-220.12532629319185,16,0.1285251313992061,0.18922904752621134,0.1384205097039888
19,0.3351134785610059,-220.12532629319185,17,0.1336632946392161,0.1794346434505982,0.13564338947901258
19,0.3351134785610059,-220.12532629319185,18,0.13995963459664246,0.16743470863683196,0.13089172376881206
19,0.3351134785610059,-220.12532629319185,19,0.14745960448096088,0.15319892107591,0.12256165754781426
19,0.3351134785610059,-220.12532629319185,20,0.1558714444295072,0.1373069664307804,0.10801932400513696
19,0.3351134785610059,-220.12532629319185,21,0.16530994574913752,0.12470151774248135,0.10296116930469401
19,0.3351134785610059,-220.12532629319185,22,0.1743982668279092,0.11591216500572868,0.1031686414625384
19,0.3351134785610059,-220.12532629319185,23,0.18163007639624815,0.10846184700389246,0.09889478029440603
19,0.3351134785610059,-220.12532629319185,24,0.18587678397845306,0.1040798650936838,0.09890022644898697
19,0.3351134785610059,-220.12532629319185,25,0.1878637248312463,0.10206622508736239,0.09919231538078743
19,0.3351134785610059,-220.12532629319185,26,0.18797967470767804,0.10197158630133613,0.0996133980179102
19,0.3351134785610059,-220.12532629319185,27,0.18790381274466442,0.10197231754544023,0.09981217766230427
19,0.3351134785610059,-220.12532629319185,28,0.18791138390304554,0.10196252583864475,0.09990609487768853
19,0.3351134785610059,-220.12532629319185,29,0.1879153671658682,0.1019578888398404,0.09995043772370148
19,0.3351134785610059,-220.12532629319185,30,0.18791723078078304,0.10195571921662894,0.09997137423428148
20,0.3351134785610059,-220.02977622816417,1,0.007259786100205662,0.03890159155433431,0.5325500845060449
20,0.3351134785610059,-220.02977622816417,2,0.09732529608153571,0.2024325875096853,0.16625501146350313
20,0.3351134785610059,-220.02977622816417,3,0.14963569958716874,0.34136088602078596,0.08904563277424311
20,0.3351134785610059,-220.02977622816417,4,0.15065151249745065,0.3358502216445837,0.13004203733814143
20,0.3351134785610059,-220.02977622816417,5,0.14985393628942176,0.32057785511688475,0.1540987086972574
20,0.3351134785610059,-220.02977622816417,6,0.14905831233657968,0.30534287129502535,0.16404833950418699
20,0.3351134785610059,-220.02977622816417,7,0.1480093354307914,0.289852763806544,0.16154935897376263
20,0.3351134785610059,-220.02977622816417,8,0.14388699103658814,0.27319399456117505,0.15969971963091986
20,0.3351134785610059,-220.02977622816417,9,0.13733314772338415,0.2569087496757213,0.15367507979428835
20,0.3351134785610059,-220.02977622816417,10,0.12887654913651486,0.24063671562296154,0.14130986882224073
20,0.3351134785610059,-220.02977622816417,11,0.12309318924124141,0.22845791721598763,0.140429938929401
20,0.3351134785610059,-220.02977622816417,12,0.11971649556427767,0.2186308107583626,0.14056943547316772
20,0.3351134785610059,-220.02977622816417,13,0.11887215950113265,0.21076516444133084,0.14086979951336331
20,0.3351134785610059,-220.02977622816417,14,0.12091222550856542,0.2041407235480168,0.14063440811296424
20,0.3351134785610059,-220.02977622816417,15,0.12449529835233357,0.19726583992570498,0.13991559570929948
20,0.3351134785610059,-220.02977622816417,16,0.1287348041560998,0.18919186484396103,0.13840542210803855
20,0.3351134785610059,-220.02977622816417,17,0.13387267940722486,0.17941160691057467,0.1356682814655883
20,0.3351134785610059,-220.02977622816417,18,0.14018377075126243,0.16744344615583512,0.13093539823189324
20,0.3351134785610059,-220.02977622816417,19,0.14770376381904335,0.15323882450705678,0.12264030276762214
20,0.3351134785610059,-220.02977622816417,20,0.15614132193332828,0.13737564643646802,0.10815294057560183
20,0.3351134785610059,-220.02977622816417,21,0.16559223036757045,0.12477380017844113,0.1030384002298805
20,0.3351134785610059,-220.02977622816417,22,0.17467591135547392,0.11596859245448947,0.1031033679370013
20,0.3351134785610059,-220.02977622816417,23,0.1818836882228501,0.10850745338092109,0.09877581241225852
20,0.3351134785610059,-220.02977622816417,24,0.18617219219142106,0.10389823340048972,0.09840493924307227
20,0.3351134785610059,-220.02977622816417,25,0.18803980417232896,0.10127172551524594,0.09866139304391254
20,0.3351134785610059,-220.02977622816417,26,0.18825382874855948,0.10109477912708417,0.09936273910372083
20,0.3351134785610059,-220.02977622816417,27,0.18816293325466302,0.10109353965064845,0.09969385592392327
20,0.3351134785610059,-220.02977622816417,28,0.18815424485570942,0.1010850456566029,0.09985022352570319
20,0.3351134785610059,-220.02977622816417,29,0.18816192530284814,0.10107829663284097,0.09992405833720326
20,0.3351134785610059,-220.02977622816417,30,0.18816551816740723,0.10107513817696508,0.09995891925213668
