particle,elasticity,weight,frame,x,y,z
1,0.24531179365801295,-27.176025388478962,1,0.35151949227871415,-0.2042867731570293,0.6939326309135734
1,0.24531179365801295,-27.176025388478962,2,0.28818420405869327,-0.38281442594737325,0.513384410217252
1,0.24531179365801295,-27.176025388478962,3,0.23680298460501886,-0.33583490710391506,0.3529674509112617
1,0.24531179365801295,-27.176025388478962,4,0.1877019293036189,-0.27558359925543363,0.18280693633414768
1,0.24531179365801295,-27.176025388478962,5,0.12515886302791573,-0.20813922934996426,0.1734204000157154
1,0.24531179365801295,-27.176025388478962,6,0.06122307945331892,-0.14009671152362185,0.17169003684059805
1,0.24531179365801295,-27.176025388478962,7,-0.00178159067200956,-0.0736098313545328,0.16129742221705304
1,0.24531179365801295,-27.176025388478962,8,-0.05970883498342261,-0.017030532083522898,0.1796890453462599
1,0.24531179365801295,-27.176025388478962,9,-0.11736000641158104,0.03927911841568799,0.1839601019762542
1,0.24531179365801295,-27.176025388478962,10,-0.1645031334801494,0.09467305941187955,0.17665176780133912
1,0.24531179365801295,-27.176025388478962,11,-0.19101339667083994,0.14853605410789916,0.16027483080832103
1,0.24531179365801295,-27.176025388478962,12,-0.19075167057559542,0.20213015872983964,0.13871077503910803
1,0.24531179365801295,-27.176025388478962,13,-0.1837616006725109,0.25367621587519473,0.1368715029560423
1,0.24531179365801295,-27.176025388478962,14,-0.17649839057581235,0.3013181724556002,0.13632424889529485
1,0.24531179365801295,-27.176025388478962,15,-0.16752432256378347,0.3341381071479116,0.13500029980616926
1,0.24531179365801295,-27.176025388478962,16,-0.15457180605299622,0.34282019903549615,0.12849632019288068
1,0.24531179365801295,-27.176025388478962,17,-0.14208360647933005,0.3513081644075567,0.1150271550809332
1,0.24531179365801295,-27.176025388478962,18,-0.13102339487509365,0.36051676066826527,0.09733672722718535
1,0.24531179365801295,-27.176025388478962,19,-0.124717915809813,0.36765947652212094,0.10114087403484713
1,0.24531179365801295,-27.176025388478962,20,-0.11838801839583325,0.3741673492205283,0.09786445988719167
1,0.24531179365801295,-27.176025388478962,21,-0.1158699872535875,0.3745241233714993,0.09895603439898702
1,0.24531179365801295,-27.176025388478962,22,-0.11563991878383288,0.3745757162587041,0.09950210947760328
1,0.24531179365801295,-27.176025388478962,23,-0.11565841777704658,0.3746832140414219,0.0997598144021036
1,0.24531179365801295,-27.176025388478962,24,-0.11566730317979818,0.3747345821151606,0.09988147708989353
1,0.24531179365801295,-27.176025388478962,25,-0.11567152584777018,0.37475877233663535,0.0999388774304022
1,0.24531179365801295,-27.176025388478962,26,-0.11567350077957116,0.3747698658110403,0.09996592939261602
1,0.24531179365801295,-27.176025388478962,27,-0.11567441878084035,0.374774807021633,0.09997867924961092
1,0.24531179365801295,-27.176025388478962,28,-0.11567484028485388,0.3747768584580023,0.09998468854801405
1,0.24531179365801295,-27.176025388478962,29,-0.11567486779832925,0.3747757878187866,0.0999856519799623
1,0.24531179365801295,-27.176025388478962,30,-0.11567479543196064,0.37477488820890176,0.09998600870704732
2,0.24531179365801295,-27.162870553596356,1,0.35151949227871415,-0.2042867731570293,0.6939326309135734
2,0.24531179365801295,-27.162870553596356,2,0.28818420405869327,-0.38281442594737325,0.513384410217252
2,0.24531179365801295,-27.162870553596356,3,0.23680298460501886,-0.33583490710391506,0.3529674509112617
2,0.24531179365801295,-27.162870553596356,4,0.1877019293036189,-0.27558359925543363,0.18280693633414768
2,0.24531179365801295,-27.162870553596356,5,0.12515886302791573,-0.20813922934996426,0.1734204000157154
2,0.24531179365801295,-27.162870553596356,6,0.06122307945331892,-0.14009671152362185,0.17169003684059805
2,0.24531179365801295,-27.162870553596356,7,-0.00178159067200956,-0.0736098313545328,0.16129742221705304
2,0.24531179365801295,-27.162870553596356,8,-0.05970883498342261,-0.017030532083522898,0.1796890453462599
2,0.24531179365801295,-27.162870553596356,9,-0.11736000641158104,0.03927911841568799,0.1839601019762542
2,0.24531179365801295,-27.162870553596356,10,-0.16450313750573464,0.0946730616100068,0.1766517646209024
2,0.24531179365801295,-27.162870553596356,11,-0.1910134127323301,0.1485360628646498,0.16027481811573277
2,0.24531179365801295,-27.162870553596356,12,-0.19076359241184435,0.20213045479504768,0.13870981485457595
2,0.24531179365801295,-27.162870553596356,13,-0.18378225723761346,0.25368003645112824,0.1368745478888071
2,0.24531179365801295,-27.162870553596356,14,-0.1765268117028893,0.30132558057656733,0.13633153643049942
2,0.24531179365801295,-27.162870553596356,15,-0.1675601716366839,0.3341557981166692,0.13500819241299689
2,0.24531179365801295,-27.162870553596356,16,-0.1546163196677761,0.3428585688715908,0.12851025742281144
2,0.24531179365801295,-27.162870553596356,17,-0.14213763803568755,0.35136670251793706,0.11504998051985388
2,0.24531179365801295,-27.162870553596356,18,-0.13108879092059683,0.3605910567679415,0.09736395022790958
2,0.24531179365801295,-27.162870553596356,19,-0.12478186379352581,0.3677316586654754,0.10114979459387445
2,0.24531179365801295,-27.162870553596356,20,-0.11844909573194287,0.3742368841743327,0.09785916050242607
2,0.24531179365801295,-27.162870553596356,21,-0.11589824709780888,0.3745398568676224,0.0989527755348491
2,0.24531179365801295,-27.162870553596356,22,-0.11555417192115179,0.3744994189626435,0.09950085981269521
2,0.24531179365801295,-27.162870553596356,23,-0.11561585074924305,0.37463874728060337,0.09975926872790795
2,0.24531179365801295,-27.162870553596356,24,-0.11564499999716178,0.3747047650187291,0.09988120790096224
2,0.24531179365801295,-27.162870553596356,25,-0.11565889700510577,0.37473672914526096,0.09993880010462797
2,0.24531179365801295,-27.162870553596356,26,-0.11566540149562256,0.3747515100630207,0.0999659305283638
2,0.24531179365801295,-27.162870553596356,27,-0.11566843890027305,0.3747581950283111,0.09997869729821843
2,0.24531179365801295,-27.162870553596356,28,-0.11566985180683638,0.3747610709250912,0.09998470525238165
2,0.24531179365801295,-27.162870553596356,29,-0.11567068562185122,0.3747606564018364,0.09998593407596679
2,0.24531179365801295,-27.162870553596356,30,-0.11567063768833191,0.3747599042246825,0.09998614136858969
3,0.24531179365801295,-27.126024161178286,1,0.35151949227871415,-0.2042867731570293,0.6939326309135734
3,0.24531179365801295,-27.126024161178286,2,0.28818420405869327,-0.38281442594737325,0.513384410217252
3,0.24531179365801295,-27.126024161178286,3,0.23680298460501886,-0.33583490710391506,0.3529674509112617
3,0.24531179365801295,-27.126024161178286,4,0.1877019293036189,-0.27558359925543363,0.18280693633414768
3,0.24531179365801295,-27.126024161178286,5,0.12515886302791573,-0.20813922934996426,0.1734204000157154
3,0.24531179365801295,-27.126024161178286,6,0.06122307945331892,-0.14009671152362185,0.17169003684059805
3,0.24531179365801295,-27.126024161178286,7,-0.00178159067200956,-0.0736098313545328,0.16129742221705304
3,0.24531179365801295,-27.126024161178286,8,-0.05970883498342261,-0.017030532083522898,0.1796890453462599
3,0.24531179365801295,-27.126024161178286,9,-0.11736000641158104,0.03927911841568799,0.1839601019762542
3,0.24531179365801295,-27.126024161178286,10,-0.1645031326314976,0.09467305975226971,0.17665176772612692
3,0.24531179365801295,-27.126024161178286,11,-0.1910133932830495,0.14853605546700194,0.16027483050801802
3,0.24531179365801295,-27.126024161178286,12,-0.19077583386146815,0.20213074991234234,0.13870887633885226
3,0.24531179365801295,-27.126024161178286,13,-0.18380349954114292,0.2536839517864857,0.1368777905553088
3,0.24531179365801295,-27.126024161178286,14,-0.17655607464744616,0.3013331732889324,0.13633922326829867
3,0.24531179365801295,-27.126024161178286,15,-0.16759706595245635,0.3341737797504595,0.13501653686841186
3,0.24531179365801295,-27.126024161178286,16,-0.15463842748436235,0.34289577962501816,0.12842727001243134
3,0.24531179365801295,-27.126024161178286,17,-0.14219262183934933,0.35148186163926837,0.11494930616219981
3,0.24531179365801295,-27.126024161178286,18,-0.13113810792577116,0.3607758463228941,0.09731668421115394
3,0.24531179365801295,-27.126024161178286,19,-0.12483092700311174,0.36797548384603324,0.10115466047316647
3,0.24531179365801295,-27.126024161178286,20,-0.1184912616784805,0.3745331845904172,0.0978798486173915
3,0.24531179365801295,-27.126024161178286,21,-0.11586210605459428,0.3744628362870542,0.09883962355979636
3,0.24531179365801295,-27.126024161178286,22,-0.11548415969729188,0.374377719547652,0.09944723787778834
3,0.24531179365801295,-27.126024161178286,23,-0.1155399786664987,0.3744940814829413,0.09973391533964862
3,0.24531179365801295,-27.126024161178286,24,-0.11556643962691332,0.37454968217097884,0.09986924373438098
3,0.24531179365801295,-27.126024161178286,25,-0.1155789883237186,0.37457634861503497,0.09993314382458844
3,0.24531179365801295,-27.126024161178286,26,-0.1155848581734937,0.3745886289450974,0.09996324913574421
3,0.24531179365801295,-27.126024161178286,27,-0.1155875981740634,0.3745941398504106,0.09997742630615214
3,0.24531179365801295,-27.126024161178286,28,-0.11558887201625126,0.3745964646320416,0.09998410283774743
3,0.24531179365801295,-27.126024161178286,29,-0.11558962718113433,0.3745958125714946,0.09998567264555475
3,0.24531179365801295,-27.126024161178286,30,-0.1155895577540594,0.3745949244862155,0.09998601860165611
4,0.24531179365801295,-27.747462484280582,1,0.35151949227871415,-0.2042867731570293,0.6939326309135734
4,0.24531179365801295,-27.747462484280582,2,0.28818420405869327,-0.38281442594737325,0.513384410217252
4,0.24531179365801295,-27.747462484280582,3,0.23680298460501886,-0.33583490710391506,0.3529674509112617
4,0.24531179365801295,-27.747462484280582,4,0.1877019293036189,-0.27558359925543363,0.18280693633414768
4,0.24531179365801295,-27.747462484280582,5,0.12515886302791573,-0.20813922934996426,0.1734204000157154
4,0.24531179365801295,-27.747462484280582,6,0.06122307945331892,-0.14009671152362185,0.17169003684059805
4,0.24531179365801295,-27.747462484280582,7,-0.00178159067200956,-0.0736098313545328,0.16129742221705304
4,0.24531179365801295,-27.747462484280582,8,-0.05970883498342261,-0.017030532083522898,0.1796890453462599
4,0.24531179365801295,-27.747462484280582,9,-0.11736000641158104,0.03927911841568799,0.1839601019762542
4,0.24531179365801295,-27.747462484280582,10,-0.16450314226633164,0.09467305771542539,0.17665176221143128
4,0.24531179365801295,-27.747462484280582,11,-0.19101343173903382,0.14853604732098233,0.16027480849608608
4,0.24531179365801295,-27.747462484280582,12,-0.1907878052770251,0.20213101990901194,0.1387078836625922
4,0.24531179365801295,-27.747462484280582,13,-0.1838242582978716,0.25368774867964905,0.13688085735543282
4,0.24531179365801295,-27.747462484280582,14,-0.1765846548005632,0.3013405655582201,0.13634654300384566
4,0.24531179365801295,-27.747462484280582,15,-0.16763316464236352,0.3341916822777958,0.13502444462563562
4,0.24531179365801295,-27.747462484280582,16,-0.15468335766736493,0.34293498189263294,0.1284411610973115
4,0.24531179365801295,-27.747462484280582,17,-0.14224739153877144,0.35154162903933,0.11497212063952388
4,0.24531179365801295,-27.747462484280582,18,-0.1312047621635788,0.36085159764062524,0.09734391590730457
4,0.24531179365801295,-27.747462484280582,19,-0.12489651947738728,0.368049290810483,0.10116370352591364
4,0.24531179365801295,-27.747462484280582,20,-0.11855432912328151,0.37460450850543003,0.09787472011307893
4,0.24531179365801295,-27.747462484280582,21,-0.11760766408040434,0.3740962933332003,0.09904859338340596
4,0.24531179365801295,-27.747462484280582,22,-0.11769056425947978,0.37397410085742516,0.0995454062749396
4,0.24531179365801295,-27.747462484280582,23,-0.11772928293600146,0.37391614276862656,0.09977989463185302
4,0.24531179365801295,-27.747462484280582,24,-0.11774716784203287,0.37388849681725994,0.09989059980793265
4,0.24531179365801295,-27.747462484280582,25,-0.11775553383472401,0.37387539573916545,0.0999429015618697
4,0.24531179365801295,-27.747462484280582,26,-0.11775903955485063,0.37386760284300746,0.09996769923619772
4,0.24531179365801295,-27.747462484280582,27,-0.11775984658923443,0.37386147799234504,0.09997948389154189
4,0.24531179365801295,-27.747462484280582,28,-0.1177603984804177,0.3738587812838249,0.09998504826730242
4,0.24531179365801295,-27.747462484280582,29,-0.1177595877821725,0.3738586758456028,0.09998684873803698
4,0.24531179365801295,-27.747462484280582,30,-0.11775886963162183,0.37385885037287464,0.09998748367593298
5,0.2478456173725785,-37.60247252685351,1,0.35129455510601615,-0.20431615336167158,0.6939951659279698
5,0.2478456173725785,-37.60247252685351,2,0.28809350646036885,-0.38303721276492847,0.5134576402770342
5,0.2478456173725785,-37.60247252685351,3,0.2372967369751346,-0.33533355686980776,0.35302029071303964
5,0.2478456173725785,-37.60247252685351,4,0.1887610509447639,-0.274396343693561,0.18284002661295148
5,0.2478456173725785,-37.60247252685351,5,0.12785572093559255,-0.20571497853620957,0.17398543924894783
5,0.2478456173725785,-37.60247252685351,6,0.06568281929564507,-0.13637208948079554,0.17285299304849186
5,0.2478456173725785,-37.60247252685351,7,0.004164568816792363,-0.06827382505811057,0.16146506639376326
5,0.2478456173725785,-37.60247252685351,8,-0.05368274667170359,-0.009079664444300771,0.17291682283550497
5,0.2478456173725785,-37.60247252685351,9,-0.1111821119152254,0.049694584592962894,0.17089152967956012
5,0.2478456173725785,-37.60247252685351,10,-0.16194289385729854,0.10775125455643252,0.15639859275347828
5,0.2478456173725785,-37.60247252685351,11,-0.1866510929271176,0.1635201078737151,0.13413580374890846
5,0.2478456173725785,-37.60247252685351,12,-0.18177054350796407,0.21431869633012912,0.11938469129887855
5,0.2478456173725785,-37.60247252685351,13,-0.17428993734992462,0.26136489199042345,0.11168991047563079
5,0.2478456173725785,-37.60247252685351,14,-0.16647660420442997,0.3063182887237492,0.09801951519361408
5,0.2478456173725785,-37.60247252685351,15,-0.15990159468042717,0.34428636976666344,0.09961021431460959
5,0.2478456173725785,-37.60247252685351,16,-0.1513826309261003,0.37033080743177915,0.09694985728658384
5,0.2478456173725785,-37.60247252685351,17,-0.13996397049968703,0.38224139983418554,0.09713478797424058
5,0.2478456173725785,-37.60247252685351,18,-0.13062652670208852,0.38551549943193586,0.09834219336520099
5,0.2478456173725785,-37.60247252685351,19,-0.12483341502254135,0.3847823268050903,0.09880799793660436
5,0.2478456173725785,-37.60247252685351,20,-0.12251281229265239,0.3843626086763347,0.09934134629888243
5,0.2478456173725785,-37.60247252685351,21,-0.12238795030957397,0.3843970012700726,0.09958740203381483
5,0.2478456173725785,-37.60247252685351,22,-0.12233669411680732,0.38439676203443335,0.0998000878365932
5,0.2478456173725785,-37.60247252685351,23,-0.12231285038593909,0.3843966316124113,0.09990045257435202
5,0.2478456173725785,-37.60247252685351,24,-0.12230186155363192,0.3843965586352948,0.0999477888857671
5,0.2478456173725785,-37.60247252685351,25,-0.1222968934062954,0.38439651998656316,0.09997011532656551
5,0.2478456173725785,-37.60247252685351,26,-0.12229474489152667,0.38439650073379034,0.09998064590588865
5,0.2478456173725785,-37.60247252685351,27,-0.12229466119006462,0.384396243546308,0.09998475776703128
5,0.2478456173725785,-37.60247252685351,28,-0.12229585482273748,0.3843962139822817,0.09998562272758406
5,0.2478456173725785,-37.60247252685351,29,-0.12229658973847124,0.3843962017040703,0.09998602906852704
5,0.2478456173725785,-37.60247252685351,30,-0.12229711064206747,0.3843961989438894,0.09998621978145114
6,0.24531179365801295,-28.815016210976864,1,0.35151949227871415,-0.2042867731570293,0.6939326309135734
6,0.24531179365801295,-28.815016210976864,2,0.28818420405869327,-0.38281442594737325,0.513384410217252
6,0.24531179365801295,-28.815016210976864,3,0.23680298460501886,-0.33583490710391506,0.3529674509112617
6,0.24531179365801295,-28.815016210976864,4,0.1877019293036189,-0.27558359925543363,0.18280693633414768
6,0.24531179365801295,-28.815016210976864,5,0.12515886302791573,-0.20813922934996426,0.1734204000157154
6,0.24531179365801295,-28.815016210976864,6,0.06122307945331892,-0.14009671152362185,0.17169003684059805
6,0.24531179365801295,-28.815016210976864,7,-0.00178159067200956,-0.0736098313545328,0.16129742221705304
6,0.24531179365801295,-28.815016210976864,8,-0.05970883498342261,-0.017030532083522898,0.1796890453462599
6,0.24531179365801295,-28.815016210976864,9,-0.11736000641158104,0.03927911841568799,0.1839601019762542
6,0.24531179365801295,-28.815016210976864,10,-0.1646131810761734,0.09464698186785489,0.1766136610612051
6,0.24531179365801295,-28.815016210976864,11,-0.1914526487314688,0.14843181143151435,0.16012273584875084
6,0.24531179365801295,-28.815016210976864,12,-0.19104570943687607,0.20187521939922323,0.13833955531018038
6,0.24531179365801295,-28.815016210976864,13,-0.184250975522624,0.25310058601496876,0.1360257772214704
6,0.24531179365801295,-28.815016210976864,14,-0.17735370709987677,0.3002628218940464,0.13572338935350903
6,0.24531179365801295,-28.815016210976864,15,-0.16886276835549818,0.33330310311641126,0.1345651813178967
6,0.24531179365801295,-28.815016210976864,16,-0.15676797342847648,0.3436899453017461,0.12713860458215498
6,0.24531179365801295,-28.815016210976864,17,-0.14506796370015645,0.3538131505789198,0.11247836647382145
6,0.24531179365801295,-28.815016210976864,18,-0.13558457607025756,0.36438272375723046,0.09733624365296223
6,0.24531179365801295,-28.815016210976864,19,-0.1296609616998663,0.3721798344184736,0.10167945355223706
6,0.24531179365801295,-28.815016210976864,20,-0.12337822236069287,0.37608410101889467,0.09836843725629363
6,0.24531179365801295,-28.815016210976864,21,-0.1197209109510958,0.3771503561690951,0.09905983068742573
6,0.24531179365801295,-28.815016210976864,22,-0.11920706173548028,0.3770957524500501,0.09947031714710507
6,0.24531179365801295,-28.815016210976864,23,-0.11937413161253922,0.3770372342189363,0.09974484563212958
6,0.24531179365801295,-28.815016210976864,24,-0.11938079483112196,0.37710633283845324,0.09987443386415987
6,0.24531179365801295,-28.815016210976864,25,-0.11938395885562629,0.3771388114264272,0.09993558333928082
6,0.24531179365801295,-28.815016210976864,26,-0.1193854799119809,0.3771539628588755,0.09996439185526379
6,0.24531179365801295,-28.815016210976864,27,-0.11938623503921869,0.3771609846962057,0.09997796191111882
6,0.24531179365801295,-28.815016210976864,28,-0.1193866330774488,0.3771641923578832,0.09998435426905439
6,0.24531179365801295,-28.815016210976864,29,-0.11938650502180559,0.3771642453600079,0.09998587565545951
6,0.24531179365801295,-28.815016210976864,30,-0.11938654896202655,0.3771637631178911,0.09998618036977307
7,0.24531179365801295,-27.47547849248489,1,0.35151949227871415,-0.2042867731570293,0.6939326309135734
7,0.24531179365801295,-27.47547849248489,2,0.28818420405869327,-0.38281442594737325,0.513384410217252
7,0.24531179365801295,-27.47547849248489,3,0.23680298460501886,-0.33583490710391506,0.3529674509112617
7,0.24531179365801295,-27.47547849248489,4,0.1877019293036189,-0.27558359925543363,0.18280693633414768
7,0.24531179365801295,-27.47547849248489,5,0.12515886302791573,-0.20813922934996426,0.1734204000157154
7,0.24531179365801295,-27.47547849248489,6,0.06122307945331892,-0.14009671152362185,0.17169003684059805
7,0.24531179365801295,-27.47547849248489,7,-0.00178159067200956,-0.0736098313545328,0.16129742221705304
7,0.24531179365801295,-27.47547849248489,8,-0.05970883498342261,-0.017030532083522898,0.1796890453462599
7,0.24531179365801295,-27.47547849248489,9,-0.11736000641158104,0.03927911841568799,0.1839601019762542
7,0.24531179365801295,-27.47547849248489,10,-0.1645202493026928,0.09466691643936394,0.17664586267258914
7,0.24531179365801295,-27.47547849248489,11,-0.19108171812088456,0.1485115172597668,0.16025125997061668
7,0.24531179365801295,-27.47547849248489,12,-0.19082026129653998,0.20208061963780505,0.13865974678043513
7,0.24531179365801295,-27.47547849248489,13,-0.1838422366171309,0.25358790991503183,0.13682672531700313
7,0.24531179365801295,-27.47547849248489,14,-0.17658980775059574,0.3012008473285074,0.13624259239697276
7,0.24531179365801295,-27.47547849248489,15,-0.1675609222590699,0.3339503816370424,0.13469458438133292
7,0.24531179365801295,-27.47547849248489,16,-0.15435861746147325,0.34249044596886974,0.12756852477672417
7,0.24531179365801295,-27.47547849248489,17,-0.14159963561192662,0.3508878087912377,0.11319013159837286
7,0.24531179365801295,-27.47547849248489,18,-0.13101583816754278,0.35987412699115673,0.09794968119260856
7,0.24531179365801295,-27.47547849248489,19,-0.12483846620817671,0.3674246330923761,0.10085882881980636
7,0.24531179365801295,-27.47547849248489,20,-0.11954184369767137,0.3741214169756472,0.09824068916716358
7,0.24531179365801295,-27.47547849248489,21,-0.11630381378514376,0.3752822156712134,0.09838415014126452
7,0.24531179365801295,-27.47547849248489,22,-0.11598640542049357,0.37504883485121027,0.099232068626811
7,0.24531179365801295,-27.47547849248489,23,-0.11607199577746537,0.37500326224350405,0.09963236548255318
7,0.24531179365801295,-27.47547849248489,24,-0.11611192642911204,0.3749819083601838,0.09982131966707118
7,0.24531179365801295,-27.47547849248489,25,-0.11613045131340373,0.3749719116893301,0.09991049141598386
7,0.24531179365801295,-27.47547849248489,26,-0.11613891204424545,0.37496723624391504,0.09995253609106915
7,0.24531179365801295,-27.47547849248489,27,-0.11614263086169965,0.3749650535307001,0.09997235992894239
7,0.24531179365801295,-27.47547849248489,28,-0.11614411553048272,0.374964038112076,0.09998170690635698
7,0.24531179365801295,-27.47547849248489,29,-0.11614343767967841,0.37496336886928816,0.09998493719109677
7,0.24531179365801295,-27.47547849248489,30,-0.11614216884762377,0.37496349332178264,0.09998567381088175
8,0.24531179365801295,-27.129300176494915,1,0.35151949227871415,-0.2042867731570293,0.6939326309135734
8,0.24531179365801295,-27.129300176494915,2,0.28818420405869327,-0.38281442594737325,0.513384410217252
8,0.24531179365801295,-27.129300176494915,3,0.23680298460501886,-0.33583490710391506,0.3529674509112617
8,0.24531179365801295,-27.129300176494915,4,0.1877019293036189,-0.27558359925543363,0.18280693633414768
8,0.24531179365801295,-27.129300176494915,5,0.12515886302791573,-0.20813922934996426,0.1734204000157154
8,0.24531179365801295,-27.129300176494915,6,0.06122307945331892,-0.14009671152362185,0.17169003684059805
8,0.24531179365801295,-27.129300176494915,7,-0.00178159067200956,-0.0736098313545328,0.16129742221705304
8,0.24531179365801295,-27.129300176494915,8,-0.05970883498342261,-0.017030532083522898,0.1796890453462599
8,0.24531179365801295,-27.129300176494915,9,-0.11736000641158104,0.03927911841568799,0.1839601019762542
8,0.24531179365801295,-27.129300176494915,10,-0.16450312649162466,0.09467305568256042,0.17665177218013528
8,0.24531179365801295,-27.129300176494915,11,-0.19101336878703837,0.14853603925075437,0.16027484828220526
8,0.24531179365801295,-27.129300176494915,12,-0.19077884353497812,0.20213080954446386,0.1387086502060344
8,0.24531179365801295,-27.129300176494915,13,-0.18380874388988458,0.2536849289353758,0.1368786351186499
8,0.24531179365801295,-27.129300176494915,14,-0.1765633107845311,0.301335088394248,0.13634117558630385
8,0.24531179365801295,-27.129300176494915,15,-0.16760620738879461,0.33417836106668614,0.1350187115890208
8,0.24531179365801295,-27.129300176494915,16,-0.15464976707455821,0.34290571090205557,0.12843116454209139
8,0.24531179365801295,-27.129300176494915,17,-0.14220641671908568,0.3514969241548901,0.11495581278816754
8,0.24531179365801295,-27.129300176494915,18,-0.131154858958229,0.36079481451842604,0.0973244814033916
8,0.24531179365801295,-27.129300176494915,19,-0.12484702551176809,0.3679935491840182,0.10115704010382687
8,0.24531179365801295,-27.129300176494915,20,-0.11850635368935393,0.3745502124580411,0.09787805751982821
8,0.24531179365801295,-27.129300176494915,21,-0.11587659388869577,0.37447250607589805,0.09883861153600192
8,0.24531179365801295,-27.129300176494915,22,-0.1154960683209737,0.37438491340367824,0.09944675833187602
8,0.24531179365801295,-27.129300176494915,23,-0.11555161194960202,0.3745013595026473,0.09973368881973586
8,0.24531179365801295,-27.129300176494915,24,-0.11557794352030393,0.3745569998706029,0.09986913666569812
8,0.24531179365801295,-27.129300176494915,25,-0.11559043155422313,0.3745836848741541,0.09993309311050906
8,0.24531179365801295,-27.129300176494915,26,-0.11559627302940507,0.3745959737293194,0.09996322503653453
8,0.24531179365801295,-27.129300176494915,27,-0.11559899973960691,0.3746014885273425,0.09997741485546653
8,0.24531179365801295,-27.129300176494915,28,-0.11560026734100613,0.374603815078523,0.09998409739760174
8,0.24531179365801295,-27.129300176494915,29,-0.11560101566511702,0.37460316319117715,0.09998567090109114
8,0.24531179365801295,-27.129300176494915,30,-0.11560094598433794,0.37460227416461883,0.09998601777356482
9,0.24531179365801295,-27.7540967652374,1,0.35151949227871415,-0.2042867731570293,0.6939326309135734
9,0.24531179365801295,-27.7540967652374,2,0.28818420405869327,-0.38281442594737325,0.513384410217252
9,0.24531179365801295,-27.7540967652374,3,0.23680298460501886,-0.33583490710391506,0.3529674509112617
9,0.24531179365801295,-27.7540967652374,4,0.1877019293036189,-0.27558359925543363,0.18280693633414768
9,0.24531179365801295,-27.7540967652374,5,0.12515886302791573,-0.20813922934996426,0.1734204000157154
9,0.24531179365801295,-27.7540967652374,6,0.06122307945331892,-0.14009671152362185,0.17169003684059805
9,0.24531179365801295,-27.7540967652374,7,-0.00178159067200956,-0.0736098313545328,0.16129742221705304
9,0.24531179365801295,-27.7540967652374,8,-0.05970883498342261,-0.017030532083522898,0.1796890453462599
9,0.24531179365801295,-27.7540967652374,9,-0.11736000641158104,0.03927911841568799,0.1839601019762542
9,0.24531179365801295,-27.7540967652374,10,-0.16450311651116106,0.09467306516027234,0.17665177132024562
9,0.24531179365801295,-27.7540967652374,11,-0.19101332893517586,0.14853607706878136,0.16027484485333557
9,0.24531179365801295,-27.7540967652374,12,-0.19079093109513282,0.20213115483679034,0.13870769300492716
9,0.24531179365801295,-27.7540967652374,13,-0.1838297459879605,0.2536888722711739,0.13688176336077398
9,0.24531179365801295,-27.7540967652374,14,-0.17659225165657114,0.30134267844886947,0.13634867085786834
9,0.24531179365801295,-27.7540967652374,15,-0.16764275112222068,0.33419651992466026,0.13502671471188699
9,0.24531179365801295,-27.7540967652374,16,-0.1546952098144976,0.3429451554673983,0.12844513269682759
9,0.24531179365801295,-27.7540967652374,17,-0.14226176942628457,0.3515569401434747,0.11497869722303798
9,0.24531179365801295,-27.7540967652374,18,-0.13122216471557666,0.36087081467784154,0.09735177613969387
9,0.24531179365801295,-27.7540967652374,19,-0.12491329832295421,0.3680675850519756,0.10116609834800398
9,0.24531179365801295,-27.7540967652374,20,-0.1185701308260545,0.3746217564839591,0.09787291687453341
9,0.24531179365801295,-27.7540967652374,21,-0.11762730853051005,0.37410720814271253,0.0990478337220947
9,0.24531179365801295,-27.7540967652374,22,-0.11771066798343101,0.37398505748069044,0.09954504752556909
9,0.24531179365801295,-27.7540967652374,23,-0.11774960231137337,0.37392711861220973,0.09977972570817942
9,0.24531179365801295,-27.7540967652374,24,-0.11776762980159806,0.3738995128757006,0.09989052475634538
9,0.24531179365801295,-27.7540967652374,25,-0.11777613443109222,0.37388648467282054,0.09994287629018944
9,0.24531179365801295,-27.7540967652374,26,-0.11777972469711323,0.3738787395611797,0.09996769540411922
9,0.24531179365801295,-27.7540967652374,27,-0.11778050617563494,0.3738725870101892,0.09997948207941094
9,0.24531179365801295,-27.7540967652374,28,-0.11778104599846671,0.373869877245906,0.09998504740993187
9,0.24531179365801295,-27.7540967652374,29,-0.11778023081235858,0.3738697649806804,0.09998684904332239
9,0.24531179365801295,-27.7540967652374,30,-0.11777950970520326,0.3738699372548924,0.09998748385484256
10,0.24531179365801295,-27.780305540286818,1,0.35151949227871415,-0.2042867731570293,0.6939326309135734
10,0.24531179365801295,-27.780305540286818,2,0.28818420405869327,-0.38281442594737325,0.513384410217252
10,0.24531179365801295,-27.780305540286818,3,0.23680298460501886,-0.33583490710391506,0.3529674509112617
10,0.24531179365801295,-27.780305540286818,4,0.1877019293036189,-0.27558359925543363,0.18280693633414768
10,0.24531179365801295,-27.780305540286818,5,0.12515886302791573,-0.20813922934996426,0.1734204000157154
10,0.24531179365801295,-27.780305540286818,6,0.06122307945331892,-0.14009671152362185,0.17169003684059805
10,0.24531179365801295,-27.780305540286818,7,-0.00178159067200956,-0.0736098313545328,0.16129742221705304
10,0.24531179365801295,-27.780305540286818,8,-0.05970883498342261,-0.017030532083522898,0.1796890453462599
10,0.24531179365801295,-27.780305540286818,9,-0.11736000641158104,0.03927911841568799,0.1839601019762542
10,0.24531179365801295,-27.780305540286818,10,-0.16450313236721367,0.09467306149196156,0.17665176720223186
10,0.24531179365801295,-27.780305540286818,11,-0.19101339222479605,0.14853606240551595,0.1602748284179931
10,0.24531179365801295,-27.780305540286818,12,-0.1908029799971689,0.20213141443632907,0.1387067136329445
10,0.24531179365801295,-27.780305540286818,13,-0.18385063898778906,0.2536926408036717,0.1368848771944494
10,0.24531179365801295,-27.780305540286818,14,-0.17662103337806073,0.3013500186820862,0.13635608104106592
10,0.24531179365801295,-27.780305540286818,15,-0.1676790994589182,0.3342142877535655,0.13503469580749866
10,0.24531179365801295,-27.780305540286818,16,-0.15474040041834294,0.3429839901798775,0.12845915361415866
10,0.24531179365801295,-27.780305540286818,17,-0.14231678826035607,0.35161608966034447,0.11500180069617279
10,0.24531179365801295,-27.780305540286818,18,-0.13128897674098805,0.36094569152061706,0.09737938387089223
10,0.24531179365801295,-27.780305540286818,19,-0.12497875160946818,0.3681402439182201,0.10117511324316393
10,0.24531179365801295,-27.780305540286818,20,-0.11863278506452038,0.3746916693628783,0.09786749621835043
10,0.24531179365801295,-27.780305540286818,21,-0.11770385682816724,0.3741514787830989,0.09904561274935592
10,0.24531179365801295,-27.780305540286818,22,-0.11778863817288841,0.3740293865584661,0.09954399870463139
10,0.24531179365801295,-27.780305540286818,23,-0.11782828182985641,0.3739715055514872,0.0997792371995399
10,0.24531179365801295,-27.780305540286818,24,-0.11784688646183047,0.3739441111440933,0.09989032276593134
10,0.24531179365801295,-27.780305540286818,25,-0.11785597050176881,0.3739314132424544,0.09994283015111971
10,0.24531179365801295,-27.780305540286818,26,-0.11785956426434605,0.3739232386146361,0.09996771483858119
10,0.24531179365801295,-27.780305540286818,27,-0.11786035186398296,0.3739172637269335,0.099979491259757
10,0.24531179365801295,-27.780305540286818,28,-0.1178608942832271,0.37391463718360285,0.09998505174924933
10,0.24531179365801295,-27.780305540286818,29,-0.11786005780889176,0.37391457492468305,0.09998683991849686
10,0.24531179365801295,-27.780305540286818,30,-0.11785934604372465,0.3739147590330135,0.09998747937846938
11,0.24531179365801295,-27.805507833471523,1,0.35151949227871415,-0.2042867731570293,0.6939326309135734
11,0.24531179365801295,-27.805507833471523,2,0.28818420405869327,-0.38281442594737325,0.513384410217252
11,0.24531179365801295,-27.805507833471523,3,0.23680298460501886,-0.33583490710391506,0.3529674509112617
11,0.24531179365801295,-27.805507833471523,4,0.1877019293036189,-0.27558359925543363,0.18280693633414768
11,0.24531179365801295,-27.805507833471523,5,0.12515886302791573,-0.20813922934996426,0.1734204000157154
11,0.24531179365801295,-27.805507833471523,6,0.06122307945331892,-0.14009671152362185,0.17169003684059805
11,0.24531179365801295,-27.805507833471523,7,-0.00178159067200956,-0.0736098313545328,0.16129742221705304
11,0.24531179365801295,-27.805507833471523,8,-0.05970883498342261,-0.017030532083522898,0.1796890453462599
11,0.24531179365801295,-27.805507833471523,9,-0.11736000641158104,0.03927911841568799,0.1839601019762542
11,0.24531179365801295,-27.805507833471523,10,-0.16450313363751795,0.09467305930441262,0.17665176795831725
11,0.24531179365801295,-27.805507833471523,11,-0.19101339729919017,0.14853605367912204,0.16027483143493831
11,0.24531179365801295,-27.805507833471523,12,-0.19081511949561614,0.20213170187045013,0.13870576960847172
11,0.24531179365801295,-27.805507833471523,13,-0.1838717324586399,0.25369650002640237,0.1368881130305618
11,0.24531179365801295,-27.805507833471523,14,-0.17665012614590772,0.3013575016713921,0.13636373826805762
11,0.24531179365801295,-27.805507833471523,15,-0.16771583937637205,0.3342322608701481,0.13504292244050659
11,0.24531179365801295,-27.805507833471523,16,-0.15478602328999533,0.3430230278070878,0.12847361017669987
11,0.24531179365801295,-27.805507833471523,17,-0.142372276912057,0.3516754082365926,0.1150257102060518
11,0.24531179365801295,-27.805507833471523,18,-0.1313562580484152,0.3610206174906715,0.09740798176507724
11,0.24531179365801295,-27.805507833471523,19,-0.12504424608951778,0.3682125337763045,0.1011842285147782
11,0.24531179365801295,-27.805507833471523,20,-0.11869506966608807,0.3747608084735619,0.09786154697873654
11,0.24531179365801295,-27.805507833471523,21,-0.11777689500540382,0.3741944825794311,0.09904314640108904
11,0.24531179365801295,-27.805507833471523,22,-0.11786328294058745,0.37407253402594365,0.09954284197607946
11,0.24531179365801295,-27.805507833471523,23,-0.11790411717355631,0.3740150489008012,0.09977873946673216
11,0.24531179365801295,-27.805507833471523,24,-0.11792388231581193,0.3739882899912288,0.09989017843575482
11,0.24531179365801295,-27.805507833471523,25,-0.11793400799058441,0.37397624401241847,0.0999428621741639
11,0.24531179365801295,-27.805507833471523,26,-0.11793734870880773,0.3739674129779749,0.09996770769183912
11,0.24531179365801295,-27.805507833471523,27,-0.11793776148859605,0.37396134810212456,0.09997948785219084
11,0.24531179365801295,-27.805507833471523,28,-0.11793812767303143,0.3739586790976683,0.09998505012350262
11,0.24531179365801295,-27.805507833471523,29,-0.11793718553900095,0.373958607227173,0.09998682830669843
11,0.24531179365801295,-27.805507833471523,30,-0.11793644401118937,0.37395877605635647,0.09998747376950634
12,0.24531179365801295,-27.71377444557428,1,0.35151949227871415,-0.2042867731570293,0.6939326309135734
12,0.24531179365801295,-27.71377444557428,2,0.28818420405869327,-0.38281442594737325,0.513384410217252
12,0.24531179365801295,-27.71377444557428,3,0.23680298460501886,-0.33583490710391506,0.3529674509112617
12,0.24531179365801295,-27.71377444557428,4,0.1877019293036189,-0.27558359925543363,0.18280693633414768
12,0.24531179365801295,-27.71377444557428,5,0.12515886302791573,-0.20813922934996426,0.1734204000157154
12,0.24531179365801295,-27.71377444557428,6,0.06122307945331892,-0.14009671152362185,0.17169003684059805
12,0.24531179365801295,-27.71377444557428,7,-0.00178159067200956,-0.0736098313545328,0.16129742221705304
12,0.24531179365801295,-27.71377444557428,8,-0.05970883498342261,-0.017030532083522898,0.1796890453462599
12,0.24531179365801295,-27.71377444557428,9,-0.11736000641158104,0.03927911841568799,0.1839601019762542
12,0.24531179365801295,-27.71377444557428,10,-0.16450313324484322,0.09467306485845356,0.17665176717000855
12,0.24531179365801295,-27.71377444557428,11,-0.1910133957213025,0.14853607583050898,0.16027482829246242
12,0.24531179365801295,-27.71377444557428,12,-0.19082731488278468,0.2021320062467223,0.13870478291203886
12,0.24531179365801295,-27.71377444557428,13,-0.18389293922958347,0.25370035035208793,0.13689126662259388
12,0.24531179365801295,-27.71377444557428,14,-0.1766274126945559,0.30148727823238874,0.1357916575351286
12,0.24531179365801295,-27.71377444557428,15,-0.16778178997813542,0.33384157812351256,0.13501664420136114
12,0.24531179365801295,-27.71377444557428,16,-0.15474438056245776,0.3412825523210785,0.12878301849509863
12,0.24531179365801295,-27.71377444557428,17,-0.1422049164595349,0.34881170190505156,0.11535365638562639
12,0.24531179365801295,-27.71377444557428,18,-0.1311454100790087,0.35710649538367445,0.09752865323492077
12,0.24531179365801295,-27.71377444557428,19,-0.12540817395818904,0.36419454853400973,0.10072275801180702
12,0.24531179365801295,-27.71377444557428,20,-0.12038669505337057,0.3707219582846863,0.09780669491831276
12,0.24531179365801295,-27.71377444557428,21,-0.11780273186079132,0.3729231446437973,0.09809955657090268
12,0.24531179365801295,-27.71377444557428,22,-0.11772475384232567,0.37280568296503486,0.09909725420770388
12,0.24531179365801295,-27.71377444557428,23,-0.11780372196347645,0.372756497013265,0.09956870195979424
12,0.24531179365801295,-27.71377444557428,24,-0.1178110245998949,0.372773561581481,0.09979109986864772
12,0.24531179365801295,-27.71377444557428,25,-0.11781055398122316,0.37278681202223685,0.09989609585668517
12,0.24531179365801295,-27.71377444557428,26,-0.11781033436211479,0.3727930177801609,0.09994567057745246
12,0.24531179365801295,-27.71377444557428,27,-0.11781023051667573,0.37279592615503765,0.0999690778544956
12,0.24531179365801295,-27.71377444557428,28,-0.11781018011957148,0.3727972911228984,0.09998012990643726
12,0.24531179365801295,-27.71377444557428,29,-0.11781034600177794,0.37279780939161955,0.09998508732232188
12,0.24531179365801295,-27.71377444557428,30,-0.11781121065822242,0.3727978992613825,0.09998609534172143
13,0.24531179365801295,-27.672796736248728,1,0.35151949227871415,-0.2042867731570293,0.6939326309135734
13,0.24531179365801295,-27.672796736248728,2,0.28818420405869327,-0.38281442594737325,0.513384410217252
13,0.24531179365801295,-27.672796736248728,3,0.23680298460501886,-0.33583490710391506,0.3529674509112617
13,0.24531179365801295,-27.672796736248728,4,0.1877019293036189,-0.27558359925543363,0.18280693633414768
13,0.24531179365801295,-27.672796736248728,5,0.12515886302791573,-0.20813922934996426,0.1734204000157154
13,0.24531179365801295,-27.672796736248728,6,0.06122307945331892,-0.14009671152362185,0.17169003684059805
13,0.24531179365801295,-27.672796736248728,7,-0.00178159067200956,-0.0736098313545328,0.16129742221705304
13,0.24531179365801295,-27.672796736248728,8,-0.05970883498342261,-0.017030532083522898,0.1796890453462599
13,0.24531179365801295,-27.672796736248728,9,-0.11736000641158104,0.03927911841568799,0.1839601019762542
13,0.24531179365801295,-27.672796736248728,10,-0.16450310758458936,0.09467306774197867,0.17665177524478545
13,0.24531179365801295,-27.672796736248728,11,-0.19101329330434508,0.14853608738526913,0.16027486051824624
13,0.24531179365801295,-27.672796736248728,12,-0.19083920901057683,0.20213234891140971,0.13870392051615313
13,0.24531179365801295,-27.672796736248728,13,-0.18391369472948446,0.253704280240535,0.13689459349669003
13,0.24531179365801295,-27.672796736248728,14,-0.1766561998569355,0.30149458249363087,0.13580057659731037
13,0.24531179365801295,-27.672796736248728,15,-0.16778396238037444,0.33435779116362385,0.1348694760503085
13,0.24531179365801295,-27.672796736248728,16,-0.15500824036394845,0.3434091709633426,0.12838407236084926
13,0.24531179365801295,-27.672796736248728,17,-0.14265529840266267,0.3522159153019604,0.1148744514314164
13,0.24531179365801295,-27.672796736248728,18,-0.1317385564917313,0.3617293634675518,0.09717041571169482
13,0.24531179365801295,-27.672796736248728,19,-0.12558372149536248,0.36909016469358247,0.10122333644909204
13,0.24531179365801295,-27.672796736248728,20,-0.11910513323047384,0.3752995526581305,0.09760995269845847
13,0.24531179365801295,-27.672796736248728,21,-0.11694804368883387,0.3748115218177406,0.09865890604875224
13,0.24531179365801295,-27.672796736248728,22,-0.11706951858306967,0.37460798284671987,0.09936169785699235
13,0.24531179365801295,-27.672796736248728,23,-0.11718343762542015,0.3745359387829591,0.0996934685805374
13,0.24531179365801295,-27.672796736248728,24,-0.11724282465211534,0.37450499943202814,0.09985008494786707
13,0.24531179365801295,-27.672796736248728,25,-0.11723372156747114,0.37446281588645636,0.09992411054545136
13,0.24531179365801295,-27.672796736248728,26,-0.11722945170182436,0.3744432670003759,0.09995899495625457
13,0.24531179365801295,-27.672796736248728,27,-0.11722745576097647,0.3744343515064864,0.09997542254255173
13,0.24531179365801295,-27.672796736248728,28,-0.11722652734501643,0.3744304318363987,0.09998315897515075
13,0.24531179365801295,-27.672796736248728,29,-0.11722604245967864,0.37442987060743116,0.09998572152789459
13,0.24531179365801295,-27.672796736248728,30,-0.11722610564038366,0.37443073118335884,0.09998604213875983
14,0.24531179365801295,-27.69479738045998,1,0.35151949227871415,-0.2042867731570293,0.6939326309135734
14,0.24531179365801295,-27.69479738045998,2,0.28818420405869327,-0.38281442594737325,0.513384410217252
14,0.24531179365801295,-27.69479738045998,3,0.23680298460501886,-0.33583490710391506,0.3529674509112617
14,0.24531179365801295,-27.69479738045998,4,0.1877019293036189,-0.27558359925543363,0.18280693633414768
14,0.24531179365801295,-27.69479738045998,5,0.12515886302791573,-0.20813922934996426,0.1734204000157154
14,0.24531179365801295,-27.69479738045998,6,0.06122307945331892,-0.14009671152362185,0.17169003684059805
14,0.24531179365801295,-27.69479738045998,7,-0.00178159067200956,-0.0736098313545328,0.16129742221705304
14,0.24531179365801295,-27.69479738045998,8,-0.05970883498342261,-0.017030532083522898,0.1796890453462599
14,0.24531179365801295,-27.69479738045998,9,-0.11736000641158104,0.03927911841568799,0.1839601019762542
14,0.24531179365801295,-27.69479738045998,10,-0.16450312921566249,0.09467306267064185,0.17665176942475586
14,0.24531179365801295,-27.69479738045998,11,-0.1910133796450706,0.14853606711415057,0.16027483728979358
14,0.24531179365801295,-27.69479738045998,12,-0.19085145088936672,0.20213258628400324,0.13870291292861964
14,0.24531179365801295,-27.69479738045998,13,-0.1839349525519327,0.25370798817994633,0.13689777057387098
14,0.24531179365801295,-27.69479738045998,14,-0.17668563345455515,0.3015015662819534,0.13580925920214032
14,0.24531179365801295,-27.69479738045998,15,-0.1678211350810553,0.33437530633584545,0.13487814678196283
14,0.24531179365801295,-27.69479738045998,16,-0.15505454951102018,0.34344784667445344,0.12839788862188997
14,0.24531179365801295,-27.69479738045998,17,-0.14271155419640044,0.3522751182543312,0.1148964154256585
14,0.24531179365801295,-27.69479738045998,18,-0.13180666772250435,0.36180471403246345,0.09719613946259827
14,0.24531179365801295,-27.69479738045998,19,-0.12565108165169997,0.3691637868046329,0.10123213266206228
14,0.24531179365801295,-27.69479738045998,20,-0.11916988008492316,0.37536779622117117,0.09760484984313018
14,0.24531179365801295,-27.69479738045998,21,-0.11701507594589823,0.37484998595175745,0.09865713574352068
14,0.24531179365801295,-27.69479738045998,22,-0.11713680337808302,0.37464449311832937,0.0993608692282719
14,0.24531179365801295,-27.69479738045998,23,-0.11725276176065334,0.3745729394843889,0.09969308554703626
14,0.24531179365801295,-27.69479738045998,24,-0.11731341039358625,0.3745424388194377,0.09984990979069978
14,0.24531179365801295,-27.69479738045998,25,-0.11730382215440864,0.37449983927123387,0.09992401749689944
14,0.24531179365801295,-27.69479738045998,26,-0.11729929897406469,0.3744799304568223,0.09995895353536012
14,0.24531179365801295,-27.69479738045998,27,-0.11729718454070351,0.37447084544132514,0.0999754041463766
14,0.24531179365801295,-27.69479738045998,28,-0.11729620080033529,0.37446684597273944,0.09998315083055641
14,0.24531179365801295,-27.69479738045998,29,-0.11729566863023524,0.37446622321889395,0.09998574188177138
14,0.24531179365801295,-27.69479738045998,30,-0.11729573154943887,0.37446707353318753,0.09998605163690809
15,0.24531179365801295,-27.397256525159662,1,0.35151949227871415,-0.2042867731570293,0.6939326309135734
15,0.24531179365801295,-27.397256525159662,2,0.28818420405869327,-0.38281442594737325,0.513384410217252
15,0.24531179365801295,-27.397256525159662,3,0.23680298460501886,-0.33583490710391506,0.3529674509112617
15,0.24531179365801295,-27.397256525159662,4,0.1877019293036189,-0.27558359925543363,0.18280693633414768
15,0.24531179365801295,-27.397256525159662,5,0.12515886302791573,-0.20813922934996426,0.1734204000157154
15,0.24531179365801295,-27.397256525159662,6,0.06122307945331892,-0.14009671152362185,0.17169003684059805
15,0.24531179365801295,-27.397256525159662,7,-0.00178159067200956,-0.0736098313545328,0.16129742221705304
15,0.24531179365801295,-27.397256525159662,8,-0.05970883498342261,-0.017030532083522898,0.1796890453462599
15,0.24531179365801295,-27.397256525159662,9,-0.11736000641158104,0.03927911841568799,0.1839601019762542
15,0.24531179365801295,-27.397256525159662,10,-0.16450313136217848,0.09467306124022046,0.1766517690691917
15,0.24531179365801295,-27.397256525159662,11,-0.19101338821473282,0.1485360614048864,0.16027483587010982
15,0.24531179365801295,-27.397256525159662,12,-0.1908634829605538,0.20213286653137988,0.13870195579928954
15,0.24531179365801295,-27.397256525159662,13,-0.18395590975963103,0.25371178212261425,0.1369009970633193
15,0.24531179365801295,-27.397256525159662,14,-0.1767146862970524,0.3015086731285101,0.13581800013246434
15,0.24531179365801295,-27.397256525159662,15,-0.1678578684406504,0.33439308841494003,0.13488688917890285
15,0.24531179365801295,-27.397256525159662,16,-0.15510039824611627,0.343487121112715,0.12841184971516628
15,0.24531179365801295,-27.397256525159662,17,-0.14276733867273134,0.35233522791354077,0.11491864038752424
15,0.24531179365801295,-27.397256525159662,18,-0.1318743399492884,0.3618811957745438,0.09722217638689828
15,0.24531179365801295,-27.397256525159662,19,-0.12571789223271185,0.3692385817987272,0.10124100314928283
15,0.24531179365801295,-27.397256525159662,20,-0.11923395810194133,0.3754372006330607,0.09759961941054682
15,0.24531179365801295,-27.397256525159662,21,-0.11679391520985719,0.37406908710372455,0.09851952457106036
15,0.24531179365801295,-27.397256525159662,22,-0.11664915228822463,0.37378181008150074,0.09929554266108122
15,0.24531179365801295,-27.397256525159662,23,-0.11667004795858833,0.3737017549591729,0.09966186697163035
15,0.24531179365801295,-27.397256525159662,24,-0.1166801204798832,0.37366424624890177,0.09983479965324892
15,0.24531179365801295,-27.397256525159662,25,-0.1166850658827486,0.3736468026087112,0.09991644342103907
15,0.24531179365801295,-27.397256525159662,26,-0.1166858466570497,0.3736358167209817,0.09995515725576362
15,0.24531179365801295,-27.397256525159662,27,-0.11668465972546824,0.37362820789016044,0.09997360263676584
15,0.24531179365801295,-27.397256525159662,28,-0.11668410607642273,0.3736249009057624,0.09998229599733886
15,0.24531179365801295,-27.397256525159662,29,-0.11668384739144504,0.37362456381133347,0.0999853683771271
15,0.24531179365801295,-27.397256525159662,30,-0.11668392299176707,0.37362560395445055,0.09998587736291509
16,0.2478456173725785,-38.79868499535559,1,0.35129455510601615,-0.20431615336167158,0.6939951659279698
16,0.2478456173725785,-38.79868499535559,2,0.28809350646036885,-0.38303721276492847,0.5134576402770342
16,0.2478456173725785,-38.79868499535559,3,0.2372967369751346,-0.33533355686980776,0.35302029071303964
16,0.2478456173725785,-38.79868499535559,4,0.1887610509447639,-0.274396343693561,0.18284002661295148
16,0.2478456173725785,-38.79868499535559,5,0.12785572093559255,-0.20571497853620957,0.17398543924894783
16,0.2478456173725785,-38.79868499535559,6,0.06568281929564507,-0.13637208948079554,0.17285299304849186
16,0.2478456173725785,-38.79868499535559,7,0.004164568816792363,-0.06827382505811057,0.16146506639376326
16,0.2478456173725785,-38.79868499535559,8,-0.05368274667170359,-0.009079664444300771,0.17291682283550497
16,0.2478456173725785,-38.79868499535559,9,-0.1111821119152254,0.049694584592962894,0.17089152967956012
16,0.2478456173725785,-38.79868499535559,10,-0.16194290513270743,0.10775124036995912,0.15639858582814173
16,0.2478456173725785,-38.79868499535559,11,-0.18665823006521454,0.16352124391032316,0.13413430228190606
16,0.2478456173725785,-38.79868499535559,12,-0.18180430922838084,0.21433629705100726,0.11945424465017337
16,0.2478456173725785,-38.79868499535559,13,-0.17430074938038417,0.2614225153163445,0.11182478613713047
16,0.2478456173725785,-38.79868499535559,14,-0.16646746992389586,0.3065229478757091,0.09780506666088763
16,0.2478456173725785,-38.79868499535559,15,-0.1598229252855112,0.3444991712624962,0.09957234058588424
16,0.2478456173725785,-38.79868499535559,16,-0.1512636988562003,0.36972634392401665,0.09779304281840472
16,0.2478456173725785,-38.79868499535559,17,-0.13992470467749193,0.380021416971133,0.09717066795257806
16,0.2478456173725785,-38.79868499535559,18,-0.1313229936707736,0.3839230020291887,0.09788183583186331
16,0.2478456173725785,-38.79868499535559,19,-0.12758293122065142,0.38184394313127556,0.09867083949984934
16,0.2478456173725785,-38.79868499535559,20,-0.1267850930966151,0.38139698489264184,0.09936721587871755
16,0.2478456173725785,-38.79868499535559,21,-0.1268091250525014,0.3814843661292343,0.09969599872479282
16,0.2478456173725785,-38.79868499535559,22,-0.12682056560206484,0.3815254422969004,0.099851204335735
16,0.2478456173725785,-38.79868499535559,23,-0.12682593629420902,0.3815446347027118,0.09992447802350163
16,0.2478456173725785,-38.79868499535559,24,-0.12682846345128485,0.38155360235589686,0.09995907276547264
16,0.2478456173725785,-38.79868499535559,25,-0.12682965654651238,0.38155779413125185,0.0999754063739293
16,0.2478456173725785,-38.79868499535559,26,-0.12683022364320182,0.3815597551883162,0.09998311822923846
16,0.2478456173725785,-38.79868499535559,27,-0.12683022414767572,0.3815600950940746,0.09998603620440284
16,0.2478456173725785,-38.79868499535559,28,-0.12682999706649753,0.3815596960966577,0.09998671627941381
16,0.2478456173725785,-38.79868499535559,29,-0.12682992180898237,0.3815595035745667,0.09998703437531284
16,0.2478456173725785,-38.79868499535559,30,-0.12682991843610755,0.3815594093596676,0.09998718377445787
17,0.24531179365801295,-29.50420398538077,1,0.35151949227871415,-0.2042867731570293,0.6939326309135734
17,0.24531179365801295,-29.50420398538077,2,0.28818420405869327,-0.38281442594737325,0.513384410217252
17,0.24531179365801295,-29.50420398538077,3,0.23680298460501886,-0.33583490710391506,0.3529674509112617
17,0.24531179365801295,-29.50420398538077,4,0.1877019293036189,-0.27558359925543363,0.18280693633414768
17,0.24531179365801295,-29.50420398538077,5,0.12515886302791573,-0.20813922934996426,0.1734204000157154
17,0.24531179365801295,-29.50420398538077,6,0.06122307945331892,-0.14009671152362185,0.17169003684059805
17,0.24531179365801295,-29.50420398538077,7,-0.00178159067200956,-0.0736098313545328,0.16129742221705304
17,0.24531179365801295,-29.50420398538077,8,-0.05970883498342261,-0.017030532083522898,0.1796890453462599
17,0.24531179365801295,-29.50420398538077,9,-0.11736000641158104,0.03927911841568799,0.1839601019762542
17,0.24531179365801295,-29.50420398538077,10,-0.1646123278060845,0.09464713880625658,0.17661393863687178
17,0.24531179365801295,-29.50420398538077,11,-0.19144924301600647,0.14843243918425533,0.16012384368044036
17,0.24531179365801295,-29.50420398538077,12,-0.19111045408461497,0.2018773045155563,0.13837091223052203
17,0.24531179365801295,-29.50420398538077,13,-0.18426083794138223,0.2531398446036256,0.13630399445782734
17,0.24531179365801295,-29.50420398538077,14,-0.17722684147372164,0.3004323596049271,0.13581554621614997
17,0.24531179365801295,-29.50420398538077,15,-0.16852013544054625,0.3334783224424464,0.1340672844863715
17,0.24531179365801295,-29.50420398538077,16,-0.15592507588121005,0.3434177208312242,0.1262840283144705
17,0.24531179365801295,-29.50420398538077,17,-0.1438033720846788,0.3531884950369767,0.11081274651778013
17,0.24531179365801295,-29.50420398538077,18,-0.13465485473346386,0.36318881287442834,0.09803640380733551
17,0.24531179365801295,-29.50420398538077,19,-0.12802862625827438,0.3703910013224392,0.10146365805658347
17,0.24531179365801295,-29.50420398538077,20,-0.12222888869247374,0.3762637367525989,0.09813913068679433
17,0.24531179365801295,-29.50420398538077,21,-0.12160514991815159,0.3757287605223063,0.09912664970254748
17,0.24531179365801295,-29.50420398538077,22,-0.12171146303020791,0.3756601228784662,0.09958242485111088
17,0.24531179365801295,-29.50420398538077,23,-0.12178049183646313,0.37564103456466025,0.09979760633818302
17,0.24531179365801295,-29.50420398538077,24,-0.12178833924986167,0.37561197444478717,0.09989919192796333
17,0.24531179365801295,-29.50420398538077,25,-0.12178507712117184,0.3755927097800266,0.0999471376286058
17,0.24531179365801295,-29.50420398538077,26,-0.1217837277212721,0.37558384704149855,0.09996977530184774
17,0.24531179365801295,-29.50420398538077,27,-0.121783275147484,0.37557986940450644,0.09998046410437875
17,0.24531179365801295,-29.50420398538077,28,-0.12178299086350867,0.3755784639742985,0.09998528792308745
17,0.24531179365801295,-29.50420398538077,29,-0.12178168222097348,0.37557877585240684,0.09998680122615797
17,0.24531179365801295,-29.50420398538077,30,-0.12178101075913053,0.37557900886679024,0.09998745588150736
18,0.24531179365801295,-27.5323263681274,1,0.35151949227871415,-0.2042867731570293,0.6939326309135734
18,0.24531179365801295,-27.5323263681274,2,0.28818420405869327,-0.38281442594737325,0.513384410217252
18,0.24531179365801295,-27.5323263681274,3,0.23680298460501886,-0.33583490710391506,0.3529674509112617
18,0.24531179365801295,-27.5323263681274,4,0.1877019293036189,-0.27558359925543363,0.18280693633414768
18,0.24531179365801295,-27.5323263681274,5,0.12515886302791573,-0.20813922934996426,0.1734204000157154
18,0.24531179365801295,-27.5323263681274,6,0.06122307945331892,-0.14009671152362185,0.17169003684059805
18,0.24531179365801295,-27.5323263681274,7,-0.00178159067200956,-0.0736098313545328,0.16129742221705304
18,0.24531179365801295,-27.5323263681274,8,-0.05970883498342261,-0.017030532083522898,0.1796890453462599
18,0.24531179365801295,-27.5323263681274,9,-0.11736000641158104,0.03927911841568799,0.1839601019762542
18,0.24531179365801295,-27.5323263681274,10,-0.16452059522655757,0.09466678588229772,0.17664573147281995
18,0.24531179365801295,-27.5323263681274,11,-0.19108309895615055,0.14851099580412044,0.16025073626654163
18,0.24531179365801295,-27.5323263681274,12,-0.1908968695194676,0.20208143059999087,0.13865273326305297
18,0.24531179365801295,-27.5323263681274,13,-0.18397319225288028,0.2536107248870031,0.13684435645185175
18,0.24531179365801295,-27.5323263681274,14,-0.17676816631698233,0.301247171251473,0.13628224725802732
18,0.24531179365801295,-27.5323263681274,15,-0.1677867399124792,0.3340624940169418,0.13473416442315003
18,0.24531179365801295,-27.5323263681274,16,-0.15464092265595616,0.34273593528967533,0.12764632972174866
18,0.24531179365801295,-27.5323263681274,17,-0.14194377962838767,0.3512611645919877,0.11332922121925532
18,0.24531179365801295,-27.5323263681274,18,-0.13142833838104626,0.3603354826283929,0.09809667397320664
18,0.24531179365801295,-27.5323263681274,19,-0.12524114846345816,0.3678655179110674,0.10090458745222967
18,0.24531179365801295,-27.5323263681274,20,-0.119943765999997,0.37454299715937683,0.09822667500387594
18,0.24531179365801295,-27.5323263681274,21,-0.1166167515808448,0.3757283897123106,0.09863364335296931
18,0.24531179365801295,-27.5323263681274,22,-0.11612501992321674,0.3756324169953521,0.09934967053167404
18,0.24531179365801295,-27.5323263681274,23,-0.11616152671130112,0.3756148282929944,0.0996878367653165
18,0.24531179365801295,-27.5323263681274,24,-0.11617846095002078,0.37560659143954744,0.09984745242809266
18,0.24531179365801295,-27.5323263681274,25,-0.11618617871155526,0.37560273805444394,0.09992276444764964
18,0.24531179365801295,-27.5323263681274,26,-0.11618955057664569,0.3756009390041319,0.09995829962465579
18,0.24531179365801295,-27.5323263681274,27,-0.11619087337010914,0.3756001023700768,0.09997506664198333
18,0.24531179365801295,-27.5323263681274,28,-0.1161912300906004,0.37559971653830304,0.09998297807710578
18,0.24531179365801295,-27.5323263681274,29,-0.11618946759250563,0.3755995785326391,0.09998492504674872
18,0.24531179365801295,-27.5323263681274,30,-0.11618819182510873,0.375599697611344,0.09998566792235525
19,0.24531179365801295,-27.700461940101704,1,0.35151949227871415,-0.2042867731570293,0.6939326309135734
19,0.24531179365801295,-27.700461940101704,2,0.28818420405869327,-0.38281442594737325,0.513384410217252
19,0.24531179365801295,-27.700461940101704,3,0.23680298460501886,-0.33583490710391506,0.3529674509112617
19,0.24531179365801295,-27.700461940101704,4,0.1877019293036189,-0.27558359925543363,0.18280693633414768
19,0.24531179365801295,-27.700461940101704,5,0.12515886302791573,-0.20813922934996426,0.1734204000157154
19,0.24531179365801295,-27.700461940101704,6,0.06122307945331892,-0.14009671152362185,0.17169003684059805
19,0.24531179365801295,-27.700461940101704,7,-0.00178159067200956,-0.0736098313545328,0.16129742221705304
19,0.24531179365801295,-27.700461940101704,8,-0.05970883498342261,-0.017030532083522898,0.1796890453462599
19,0.24531179365801295,-27.700461940101704,9,-0.11736000641158104,0.03927911841568799,0.1839601019762542
19,0.24531179365801295,-27.700461940101704,10,-0.16450311085408645,0.09467306837414421,0.1766517741316823
19,0.24531179365801295,-27.700461940101704,11,-0.19101330635189154,0.14853608989955655,0.16027485607667427
19,0.24531179365801295,-27.700461940101704,12,-0.19085435744447343,0.2021326996705563,0.13870269806992455
19,0.24531179365801295,-27.700461940101704,13,-0.18394006417557585,0.25370902130815576,0.13689858609735905
19,0.24531179365801295,-27.700461940101704,14,-0.17669273969712132,0.3015034636066143,0.13581146182245346
19,0.24531179365801295,-27.700461940101704,15,-0.16783014470333202,0.33437999740704033,0.13488033870904795
19,0.24531179365801295,-27.700461940101704,16,-0.1550658590280239,0.3434581955981305,0.12840136896403906
19,0.24531179365801295,-27.700461940101704,17,-0.14272538377143354,0.35229096637230095,0.11490190587503911
19,0.24531179365801295,-27.700461940101704,18,-0.13182356740274545,0.36182491179759196,0.09720253921161814
19,0.24531179365801295,-27.700461940101704,19,-0.1256679074585609,0.3691837433075817,0.10123439849231664
19,0.24531179365801295,-27.700461940101704,20,-0.11918615771322613,0.3753865174349319,0.09760373446100296
19,0.24531179365801295,-27.700461940101704,21,-0.11703199285684734,0.3748605445878227,0.09865680191648048
19,0.24531179365801295,-27.700461940101704,22,-0.11715374790648916,0.37465449814181534,0.09936071326348886
19,0.24531179365801295,-27.700461940101704,23,-0.11727027399368468,0.3745830343809354,0.09969300411891874
19,0.24531179365801295,-27.700461940101704,24,-0.11733123028998128,0.3745526750973317,0.09984987221907785
19,0.24531179365801295,-27.700461940101704,25,-0.11732151553696032,0.37450995258839465,0.09992400021547111
19,0.24531179365801295,-27.700461940101704,26,-0.1173169330626574,0.37448998585698456,0.09995894588714527
19,0.24531179365801295,-27.700461940101704,27,-0.1173147909083596,0.37448087351375975,0.09997540077213429
19,0.24531179365801295,-27.700461940101704,28,-0.11731379423426407,0.37447686116183476,0.09998314934801877
19,0.24531179365801295,-27.700461940101704,29,-0.1173132534631957,0.37447622433728983,0.09998574716239358
19,0.24531179365801295,-27.700461940101704,30,-0.1173133162272945,0.3744770719641581,0.09998605411152296
20,0.24531179365801295,-27.400216468965795,1,0.35151949227871415,-0.2042867731570293,0.6939326309135734
20,0.24531179365801295,-27.400216468965795,2,0.28818420405869327,-0.38281442594737325,0.513384410217252
20,0.24531179365801295,-27.400216468965795,3,0.23680298460501886,-0.33583490710391506,0.3529674509112617
20,0.24531179365801295,-27.400216468965795,4,0.1877019293036189,-0.27558359925543363,0.18280693633414768
20,0.24531179365801295,-27.400216468965795,5,0.12515886302791573,-0.20813922934996426,0.1734204000157154
20,0.24531179365801295,-27.400216468965795,6,0.06122307945331892,-0.14009671152362185,0.17169003684059805
20,0.24531179365801295,-27.400216468965795,7,-0.00178159067200956,-0.0736098313545328,0.16129742221705304
20,0.24531179365801295,-27.400216468965795,8,-0.05970883498342261,-0.017030532083522898,0.1796890453462599
20,0.24531179365801295,-27.400216468965795,9,-0.11736000641158104,0.03927911841568799,0.1839601019762542
20,0.24531179365801295,-27.400216468965795,10,-0.16450311704089507,0.09467306587841577,0.1766517762069807
20,0.24531179365801295,-27.400216468965795,11,-0.19101333105007137,0.14853607993597448,0.16027486436151697
20,0.24531179365801295,-27.400216468965795,12,-0.19086664609847181,0.20213297557451856,0.13870173946955144
20,0.24531179365801295,-27.400216468965795,13,-0.18396146423426735,0.2537128460030965,0.1369018903127551
20,0.24531179365801295,-27.400216468965795,14,-0.17672241451667642,0.30151062895052655,0.13582039501949297
20,0.24531179365801295,-27.400216468965795,15,-0.16786764719929353,0.33439786993019294,0.1348892757486407
20,0.24531179365801295,-27.400216468965795,16,-0.15511258880690817,0.34349753603911204,0.12841565264544616
20,0.24531179365801295,-27.400216468965795,17,-0.14278215708597067,0.35235110118147056,0.11492470608573445
20,0.24531179365801295,-27.400216468965795,18,-0.13189228977019743,0.3619013343607292,0.09722928997399798
20,0.24531179365801295,-27.400216468965795,19,-0.12573551493869659,0.36925816260682853,0.10124336336761781
20,0.24531179365801295,-27.400216468965795,20,-0.11925075722831402,0.3754552627767461,0.09759806716199873
20,0.24531179365801295,-27.400216468965795,21,-0.11680882432751408,0.3740752369129517,0.0985189256578278
20,0.24531179365801295,-27.400216468965795,22,-0.11666116973522521,0.3737844339695267,0.09929524020068872
20,0.24531179365801295,-27.400216468965795,23,-0.1166822311339416,0.37370435060939083,0.09966172422160079
20,0.24531179365801295,-27.400216468965795,24,-0.1166923818848489,0.3736668286130484,0.09983473226912971
20,0.24531179365801295,-27.400216468965795,25,-0.1166973642141632,0.37364937870808657,0.09991641161196124
20,0.24531179365801295,-27.400216468965795,26,-0.11669816240789425,0.3736383899047774,0.09995514220548474
20,0.24531179365801295,-27.400216468965795,27,-0.11669698364330248,0.37363077977519804,0.09997359548381961
20,0.24531179365801295,-27.400216468965795,28,-0.11669643382048177,0.37362747221296505,0.09998229259807226
20,0.24531179365801295,-27.400216468965795,29,-0.11669617888399324,0.37362713412377185,0.09998536939045033
20,0.24531179365801295,-27.400216468965795,30,-0.11669625443924478,0.3736281737639629,0.0999858778328198
