particle,elasticity,weight,frame,x,y,z
1,0.790818485102899,43.782845794267196,1,-0.3703980554050493,0.3484481763234323,0.877540042333099
1,0.790818485102899,43.782845794267196,2,-0.29331761848596,0.320752154944121,0.8152109822214738
1,0.790818485102899,43.782845794267196,3,-0.21668047335625107,0.2932154141730507,0.7392146366883993
1,0.790818485102899,43.782845794267196,4,-0.14051107481215294,0.26584674094224064,0.6496586731254063
1,0.790818485102899,43.782845794267196,5,-0.06483569581364586,0.2386555754740143,0.546662553337113
1,0.790818485102899,43.782845794267196,6,0.010318276116656784,0.21165175846780407,0.4303576591312374
1,0.790818485102899,43.782845794267196,7,0.08492289140503276,0.1848453325754459,0.30088716160399703
1,0.790818485102899,43.782845794267196,8,0.15895007057318303,0.15824638712521008,0.15840571266445827
1,0.790818485102899,43.782845794267196,9,0.18552468460317725,0.12058246987173563,0.12274618596394554
1,0.790818485102899,43.782845794267196,10,0.18100083019369068,0.08243035196920384,0.1652534641922371
1,0.790818485102899,43.782845794267196,11,0.1764933086228444,0.04441597775359977,0.19356645123207944
1,0.790818485102899,43.782845794267196,12,0.17200053146816455,0.006525951196666406,0.20774412789617513
1,0.790818485102899,43.782845794267196,13,0.1675215397877152,-0.03124781497905738,0.20783472123002456
1,0.790818485102899,43.782845794267196,14,0.16305621545150553,-0.06890631702785563,0.1938818125956879
1,0.790818485102899,43.782845794267196,15,0.1586052850701725,-0.10644342704812497,0.16593212910298943
1,0.790818485102899,43.782845794267196,16,0.1538714691220915,-0.14629919381637702,0.1412540301225407
1,0.790818485102899,43.782845794267196,17,0.15347801458670116,-0.1848398612829579,0.12670195502939793
1,0.790818485102899,43.782845794267196,18,0.1545261806261233,-0.22217864933846942,0.11082285973722969
1,0.790818485102899,43.782845794267196,19,0.1491782890173064,-0.2569254121889132,0.11149708122123678
1,0.790818485102899,43.782845794267196,20,0.14446845445775244,-0.2877332319472957,0.11477411854113968
1,0.790818485102899,43.782845794267196,21,0.13990359466272703,-0.3171693617143226,0.10926051309471425
1,0.790818485102899,43.782845794267196,22,0.13597815324211146,-0.3443951179962756,0.09930179147036675
1,0.790818485102899,43.782845794267196,23,0.1307373624711821,-0.3459832741561006,0.09966877318163432
1,0.790818485102899,43.782845794267196,24,0.12694013961045236,-0.34128196792863497,0.09963731904322952
1,0.790818485102899,43.782845794267196,25,0.12505444672409852,-0.33908696335653765,0.09945202714467113
1,0.790818485102899,43.782845794267196,26,0.12497332381098879,-0.3388954838790862,0.09973594781015646
1,0.790818485102899,43.782845794267196,27,0.12506898143917483,-0.338834694313717,0.0998703180328212
1,0.790818485102899,43.782845794267196,28,0.1250587272196009,-0.33882091009187426,0.09993352069434107
1,0.790818485102899,43.782845794267196,29,0.12504672602660108,-0.33881642660760514,0.09996334130069397
1,0.790818485102899,43.782845794267196,30,0.1250411143622514,-0.3388143245757011,0.09997742113699261
2,0.86100802951128,31.218038793265737,1,-0.3700060448021028,0.34770819665945907,0.8752894413230674
2,0.86100802951128,31.218038793265737,2,-0.2893832697377361,0.31536559902389544,0.8045078895588017
2,0.86100802951128,31.218038793265737,3,-0.2092537507104268,0.28322087576719224,0.7201359612393194
2,0.86100802951128,31.218038793265737,4,-0.12964315983339167,0.25128432550320334,0.6222893247482231
2,0.86100802951128,31.218038793265737,5,-0.05057870241760939,0.21956686190273497,0.5110952685781448
2,0.86100802951128,31.218038793265737,6,0.02791151450299766,0.1880797603713801,0.38669271662294885
2,0.86100802951128,31.218038793265737,7,0.10579898469163658,0.15683445645878286,0.24923202764379812
2,0.86100802951128,31.218038793265737,8,0.16501728767218532,0.12126371331169064,0.10290183841428847
2,0.86100802951128,31.218038793265737,9,0.17692671409017283,0.07587648270261609,0.13129604759490326
2,0.86100802951128,31.218038793265737,10,0.17260666357451315,0.03296233592968007,0.1684488476450532
2,0.86100802951128,31.218038793265737,11,0.16830225685847647,-0.009796409810172565,0.1914264891108849
2,0.86100802951128,31.218038793265737,12,0.16401226601452049,-0.05241195239809731,0.2002851424815542
2,0.86100802951128,31.218038793265737,13,0.1597361074197553,-0.09489008937703143,0.19507280675510436
2,0.86100802951128,31.218038793265737,14,0.1554739512400325,-0.13722913036805415,0.1758358352731877
2,0.86100802951128,31.218038793265737,15,0.15081553130792333,-0.17908674277351963,0.14508640445320453
2,0.86100802951128,31.218038793265737,16,0.14235834030802533,-0.21449278420716197,0.13477912817981214
2,0.86100802951128,31.218038793265737,17,0.13336738859305372,-0.24634429100137095,0.12444466721239289
2,0.86100802951128,31.218038793265737,18,0.12389950755431939,-0.27663728076122357,0.10637515888233418
2,0.86100802951128,31.218038793265737,19,0.116508679598243,-0.30074959395044376,0.10179654011227836
2,0.86100802951128,31.218038793265737,20,0.1112319816721921,-0.320006257324496,0.10428705934010732
2,0.86100802951128,31.218038793265737,21,0.10665966514238039,-0.33757683487947915,0.10003491859109621
2,0.86100802951128,31.218038793265737,22,0.10313641258014597,-0.35118564721473433,0.10021732898825815
2,0.86100802951128,31.218038793265737,23,0.10046859548655993,-0.3617335975896273,0.09953628260879317
2,0.86100802951128,31.218038793265737,24,0.09861875958414365,-0.3688647246331358,0.09914538874009861
2,0.86100802951128,31.218038793265737,25,0.09785671492658418,-0.37217862000308616,0.0992879917633566
2,0.86100802951128,31.218038793265737,26,0.09791720462953735,-0.3722028368943531,0.09965784007506935
2,0.86100802951128,31.218038793265737,27,0.09797971726215297,-0.3721956870626871,0.09983201125132769
2,0.86100802951128,31.218038793265737,28,0.09800989573025586,-0.3721917816171659,0.09991435256781027
2,0.86100802951128,31.218038793265737,29,0.09802585244533076,-0.37218997805710685,0.09995350492582399
2,0.86100802951128,31.218038793265737,30,0.09803445825524854,-0.3721887832397837,0.09997223621729404
3,0.7817867220614008,38.171165353538925,1,-0.37044882969758225,0.3485444519460054,0.8778285949037912
3,0.7817867220614008,38.171165353538925,2,-0.29384170868459775,0.3214514216582056,0.8165773993318017
3,0.7817867220614008,38.171165353538925,3,-0.2176715555783788,0.2945129303293988,0.7416495423706322
3,0.7817867220614008,38.171165353538925,4,-0.1419626535101834,0.26773756598119386,0.6531516591292018
3,0.7817867220614008,38.171165353538925,5,-0.0667411418581331,0.24113457311924225,0.551202197937742
3,0.7817867220614008,38.171165353538925,6,0.007965697496549535,0.21471360030916692,0.4359315615123015
3,0.7817867220614008,38.171165353538925,7,0.0821299996077022,0.18848450232452366,0.30748198588499537
3,0.7817867220614008,38.171165353538925,8,0.15572375312288342,0.16245718571721074,0.1660072380749203
3,0.7817867220614008,38.171165353538925,9,0.1848331514603067,0.12638891628108406,0.12533414588120886
3,0.7817867220614008,38.171165353538925,10,0.1795577995068243,0.08999297731594166,0.16018587113529095
3,0.7817867220614008,38.171165353538925,11,0.17430019632889757,0.05371949147952452,0.18087807571520814
3,0.7817867220614008,38.171165353538925,12,0.1690588057981092,0.017557860647458713,0.18746277857972302
3,0.7817867220614008,38.171165353538925,13,0.16383299984305405,-0.018496248397969088,0.17998397510442493
3,0.7817867220614008,38.171165353538925,14,0.1586232140135364,-0.05443983069249594,0.15848520718967324
3,0.7817867220614008,38.171165353538925,15,0.14922271803874643,-0.08647473327854342,0.14671055148743828
3,0.7817867220614008,38.171165353538925,16,0.14059453401495936,-0.11456322085144005,0.1432664906878058
3,0.7817867220614008,38.171165353538925,17,0.1342463456308685,-0.1390590773523917,0.14327830783601794
3,0.7817867220614008,38.171165353538925,18,0.12944012820320613,-0.16087736106412148,0.1416567486397235
3,0.7817867220614008,38.171165353538925,19,0.12637323354502744,-0.17947968441312795,0.14090409565964168
3,0.7817867220614008,38.171165353538925,20,0.12521813602383514,-0.19518921058216335,0.14035790253552577
3,0.7817867220614008,38.171165353538925,21,0.12636194828220687,-0.20875970444741368,0.13852100634985784
3,0.7817867220614008,38.171165353538925,22,0.13014200827392886,-0.2210356680227701,0.13452023485714384
3,0.7817867220614008,38.171165353538925,23,0.13656235637157402,-0.2328946500776696,0.1273116076922328
3,0.7817867220614008,38.171165353538925,24,0.14496179847206392,-0.24499775737212634,0.11418826912448933
3,0.7817867220614008,38.171165353538925,25,0.153268501711346,-0.2572664091094189,0.09846655248923054
3,0.7817867220614008,38.171165353538925,26,0.1551516155220673,-0.2662456207213721,0.10477228663611968
3,0.7817867220614008,38.171165353538925,27,0.15670635033818262,-0.27443066320233206,0.10099972990201891
3,0.7817867220614008,38.171165353538925,28,0.15558727948167483,-0.28099729805282253,0.10178898591923617
3,0.7817867220614008,38.171165353538925,29,0.15420315033817372,-0.285915587146939,0.09890745575395993
3,0.7817867220614008,38.171165353538925,30,0.1521618306155584,-0.2877431427017,0.09981055180729312
4,0.86100802951128,31.218256938740662,1,-0.3700060448021028,0.34770819665945907,0.8752894413230674
4,0.86100802951128,31.218256938740662,2,-0.2893832697377361,0.31536559902389544,0.8045078895588017
4,0.86100802951128,31.218256938740662,3,-0.2092537507104268,0.28322087576719224,0.7201359612393194
4,0.86100802951128,31.218256938740662,4,-0.12964315983339167,0.25128432550320334,0.6222893247482231
4,0.86100802951128,31.218256938740662,5,-0.05057870241760939,0.21956686190273497,0.5110952685781448
4,0.86100802951128,31.218256938740662,6,0.02791151450299766,0.1880797603713801,0.38669271662294885
4,0.86100802951128,31.218256938740662,7,0.10579898469163658,0.15683445645878286,0.24923202764379812
4,0.86100802951128,31.218256938740662,8,0.16501726213775636,0.12126369582893831,0.1029018541294281
4,0.86100802951128,31.218256938740662,9,0.1769267000769372,0.07587636648732683,0.1312960618077667
4,0.86100802951128,31.218256938740662,10,0.17260671659607063,0.03296209987757131,0.16844886348674312
4,0.86100802951128,31.218256938740662,11,0.16830237668795522,-0.009796765107444858,0.19142650646317938
4,0.86100802951128,31.218256938740662,12,0.16401245244605112,-0.052412426363584126,0.20028516127089027
4,0.86100802951128,31.218256938740662,13,0.15973636025742963,-0.0948906814409819,0.19507282696552614
4,0.86100802951128,31.218256938740662,14,0.1554742702844387,-0.13722983996457155,0.17583585694755952
4,0.86100802951128,31.218256938740662,15,0.1508159429082456,-0.17908759845354985,0.14508644996069053
4,0.86100802951128,31.218256938740662,16,0.14235899395654586,-0.21449393430168456,0.13477974213045046
4,0.86100802951128,31.218256938740662,17,0.1333682528414037,-0.24634579072113072,0.12444564462154922
4,0.86100802951128,31.218256938740662,18,0.12390062242676972,-0.27663917267618876,0.10637624892030462
4,0.86100802951128,31.218256938740662,19,0.1165099294104529,-0.3007519631020436,0.10179699361172857
4,0.86100802951128,31.218256938740662,20,0.11123321718141133,-0.3200089743926244,0.10428713387359034
4,0.86100802951128,31.218256938740662,21,0.10666094627452335,-0.3375798067718296,0.10003507209693331
4,0.86100802951128,31.218256938740662,22,0.10313769293746598,-0.35118888060228964,0.10021736888972424
4,0.86100802951128,31.218256938740662,23,0.10046985671813206,-0.36173705735030737,0.09953629740648917
4,0.86100802951128,31.218256938740662,24,0.09862003986096288,-0.36886839665184795,0.09914540199763608
4,0.86100802951128,31.218256938740662,25,0.09785810475273071,-0.37218199497130755,0.09928793665477892
4,0.86100802951128,31.218256938740662,26,0.0979186262421856,-0.3722050830967894,0.09965770400440652
4,0.86100802951128,31.218256938740662,27,0.09798072158029868,-0.37219743204011513,0.09983194440306958
4,0.86100802951128,31.218256938740662,28,0.09801085481622736,-0.37219353569488706,0.09991431690504775
4,0.86100802951128,31.218256938740662,29,0.09802674156901589,-0.37219170117831435,0.0999534862304881
4,0.86100802951128,31.218256938740662,30,0.09803531821626695,-0.3721904848354012,0.09997222494753133
5,0.790818485102899,43.359490577075846,1,-0.3703980554050493,0.3484481763234323,0.877540042333099
5,0.790818485102899,43.359490577075846,2,-0.29331761848596,0.320752154944121,0.8152109822214738
5,0.790818485102899,43.359490577075846,3,-0.21668047335625107,0.2932154141730507,0.7392146366883993
5,0.790818485102899,43.359490577075846,4,-0.14051107481215294,0.26584674094224064,0.6496586731254063
5,0.790818485102899,43.359490577075846,5,-0.06483569581364586,0.2386555754740143,0.546662553337113
5,0.790818485102899,43.359490577075846,6,0.010318276116656784,0.21165175846780407,0.4303576591312374
5,0.790818485102899,43.359490577075846,7,0.08492289140503276,0.1848453325754459,0.30088716160399703
5,0.790818485102899,43.359490577075846,8,0.15895007057318303,0.15824638712521008,0.15840571266445827
5,0.790818485102899,43.359490577075846,9,0.1855245952362877,0.12058248179644392,0.12274613184519767
5,0.790818485102899,43.359490577075846,10,0.18100083701038025,0.08243041349234186,0.16525349340561865
5,0.790818485102899,43.359490577075846,11,0.1764934112781024,0.04441608871506352,0.19356656345686016
5,0.790818485102899,43.359490577075846,12,0.1720007296464318,0.006526111417327428,0.20774432286834127
5,0.790818485102899,43.359490577075846,13,0.16752183318837552,-0.031247605713738708,0.20783499870597788
5,0.790818485102899,43.359490577075846,14,0.1630566037712711,-0.0689060589748383,0.1938821723038306
5,0.790818485102899,43.359490577075846,15,0.15860576798701667,-0.10644312050008159,0.16593257070439832
5,0.790818485102899,43.359490577075846,16,0.15387267135720764,-0.14629727034587486,0.14124956285735393
5,0.790818485102899,43.359490577075846,17,0.15348063230755513,-0.18483610273995627,0.12669273308736728
5,0.790818485102899,43.359490577075846,18,0.15453001824420143,-0.22217315196936982,0.11081146584939225
5,0.790818485102899,43.359490577075846,19,0.14917948107509,-0.2569182964517616,0.11149656113235008
5,0.790818485102899,43.359490577075846,20,0.14446473948799177,-0.2877262846130007,0.1147753313286911
5,0.790818485102899,43.359490577075846,21,0.13989528288027256,-0.31716175614542846,0.10926711423623123
5,0.790818485102899,43.359490577075846,22,0.1361150540955546,-0.3446119138688826,0.09824919704847374
5,0.790818485102899,43.359490577075846,23,0.13316693133333296,-0.3435271437101532,0.09910158502744168
5,0.790818485102899,43.359490577075846,24,0.13156020819879682,-0.33715912651869184,0.09917096976642631
5,0.790818485102899,43.359490577075846,25,0.13094578533497211,-0.33407940894431276,0.09951949843110242
5,0.790818485102899,43.359490577075846,26,0.1307647155712005,-0.33361742346132645,0.09959752145142929
5,0.790818485102899,43.359490577075846,27,0.13080119553084166,-0.3335627326891771,0.09980486828292633
5,0.790818485102899,43.359490577075846,28,0.13081828207966537,-0.33353714595295714,0.09990272758142466
5,0.790818485102899,43.359490577075846,29,0.13082629201453813,-0.33352517024359685,0.09994887436367283
5,0.790818485102899,43.359490577075846,30,0.13083004850169222,-0.3335195651598568,0.09997063408535357
6,0.790818485102899,43.781745576422324,1,-0.3703980554050493,0.3484481763234323,0.877540042333099
6,0.790818485102899,43.781745576422324,2,-0.29331761848596,0.320752154944121,0.8152109822214738
6,0.790818485102899,43.781745576422324,3,-0.21668047335625107,0.2932154141730507,0.7392146366883993
6,0.790818485102899,43.781745576422324,4,-0.14051107481215294,0.26584674094224064,0.6496586731254063
6,0.790818485102899,43.781745576422324,5,-0.06483569581364586,0.2386555754740143,0.546662553337113
6,0.790818485102899,43.781745576422324,6,0.010318276116656784,0.21165175846780407,0.4303576591312374
6,0.790818485102899,43.781745576422324,7,0.08492289140503276,0.1848453325754459,0.30088716160399703
6,0.790818485102899,43.781745576422324,8,0.15895007057318303,0.15824638712521008,0.15840571266445827
6,0.790818485102899,43.781745576422324,9,0.18552441826521457,0.12058238213363479,0.12274611464652638
6,0.790818485102899,43.781745576422324,10,0.18100040447185245,0.08243013224815714,0.1652533738308148
6,0.790818485102899,43.781745576422324,11,0.17649272410988842,0.04441562667219089,0.19356634175865023
6,0.790818485102899,43.781745576422324,12,0.17199978870495397,0.006525469365447109,0.20774399927052595
6,0.790818485102899,43.781745576422324,13,0.16752063928490538,-0.03124842694734136,0.20783457346815953
6,0.790818485102899,43.781745576422324,14,0.16305515771671897,-0.06890705851438432,0.19388164579201406
6,0.790818485102899,43.781745576422324,15,0.15860407063480994,-0.10644429742824053,0.16593194342867285
6,0.790818485102899,43.781745576422324,16,0.15386992626506635,-0.14630010005109467,0.14125389015644307
6,0.790818485102899,43.781745576422324,17,0.15347636973506906,-0.1848405856987821,0.12670318899882374
6,0.790818485102899,43.781745576422324,18,0.15452464173391756,-0.222179079066701,0.11082585374666612
6,0.790818485102899,43.781745576422324,19,0.14917637335243714,-0.25692464214162913,0.1115023360829523
6,0.790818485102899,43.781745576422324,20,0.1444594200537332,-0.2877347146833816,0.11476176634482907
6,0.790818485102899,43.781745576422324,21,0.13988806744579288,-0.317171336205349,0.10923855711774501
6,0.790818485102899,43.781745576422324,22,0.1359603165402715,-0.3443948526810601,0.09928922011557223
6,0.790818485102899,43.781745576422324,23,0.13071377825647437,-0.34597933291043753,0.09966682220327922
6,0.790818485102899,43.781745576422324,24,0.12690901266239998,-0.3412760836327534,0.09963717677607457
6,0.790818485102899,43.781745576422324,25,0.12501654656362318,-0.3390780011333577,0.0994519233021877
6,0.790818485102899,43.781745576422324,26,0.12493309768456072,-0.33888569868315976,0.0997358822914115
6,0.790818485102899,43.781745576422324,27,0.1250284849252818,-0.3388251378461781,0.0998702874771726
6,0.790818485102899,43.781745576422324,28,0.1250185267130358,-0.33881136844866666,0.09993350627459352
6,0.790818485102899,43.781745576422324,29,0.12500670946038228,-0.3388068811322765,0.09996333447219828
6,0.790818485102899,43.781745576422324,30,0.12500118376751387,-0.33880477743088677,0.09997741790861049
7,0.86100802951128,31.21830370449207,1,-0.3700060448021028,0.34770819665945907,0.8752894413230674
7,0.86100802951128,31.21830370449207,2,-0.2893832697377361,0.31536559902389544,0.8045078895588017
7,0.86100802951128,31.21830370449207,3,-0.2092537507104268,0.28322087576719224,0.7201359612393194
7,0.86100802951128,31.21830370449207,4,-0.12964315983339167,0.25128432550320334,0.6222893247482231
7,0.86100802951128,31.21830370449207,5,-0.05057870241760939,0.21956686190273497,0.5110952685781448
7,0.86100802951128,31.21830370449207,6,0.02791151450299766,0.1880797603713801,0.38669271662294885
7,0.86100802951128,31.21830370449207,7,0.10579898469163658,0.15683445645878286,0.24923202764379812
7,0.86100802951128,31.21830370449207,8,0.16501722156517945,0.12126364534381921,0.102901871117335
7,0.86100802951128,31.21830370449207,9,0.17692663371226858,0.07587605927011629,0.13129606451678225
7,0.86100802951128,31.21830370449207,10,0.17260664419599148,0.032961462972917445,0.1684488339816811
7,0.86100802951128,31.21830370449207,11,0.16830229831703045,-0.009797730081401163,0.191426444559401
7,0.86100802951128,31.21830370449207,12,0.16401236817425344,-0.052413717811648206,0.2002850668864145
7,0.86100802951128,31.21830370449207,13,0.1597362701584422,-0.09489229776754046,0.1950727001733181
7,0.86100802951128,31.21830370449207,14,0.15547417443161093,-0.13723177956670157,0.17583569799776613
7,0.86100802951128,31.21830370449207,15,0.15081597528022753,-0.17908978848423132,0.14508597631830614
7,0.86100802951128,31.21830370449207,16,0.14236001259405281,-0.21449536383922832,0.13477856083188253
7,0.86100802951128,31.21830370449207,17,0.13337021886555597,-0.2463467093175188,0.12444280040746722
7,0.86100802951128,31.21830370449207,18,0.12390327677196496,-0.2766394523908372,0.10637267991928961
7,0.86100802951128,31.21830370449207,19,0.11651310794111287,-0.3007510292814748,0.10179568558530978
7,0.86100802951128,31.21830370449207,20,0.11123708770904069,-0.3200071644295287,0.10428699109594113
7,0.86100802951128,31.21830370449207,21,0.10666522135206694,-0.33757741916691886,0.10003439863814416
7,0.86100802951128,31.21830370449207,22,0.10314237918218998,-0.3511857596453493,0.10021725392369223
7,0.86100802951128,31.21830370449207,23,0.10047487823514695,-0.36173332029082045,0.09953626230120637
7,0.86100802951128,31.21830370449207,24,0.09862508475349098,-0.3688640309506649,0.09914536395892747
7,0.86100802951128,31.21830370449207,25,0.09786285488392994,-0.37217842119900424,0.09928809027833406
7,0.86100802951128,31.21830370449207,26,0.09792283114501515,-0.37220387570243735,0.09965798501880462
7,0.86100802951128,31.21830370449207,27,0.09798518624990486,-0.37219758368223527,0.09983226898122517
7,0.86100802951128,31.21830370449207,28,0.09801606033788955,-0.3721945562411656,0.09991452781518997
7,0.86100802951128,31.21830370449207,29,0.09803235333736625,-0.37219279163080266,0.09995359282742267
7,0.86100802951128,31.21830370449207,30,0.09804111237989228,-0.37219162047249393,0.09997228618664715
8,0.7816623842266869,34.10843201310018,1,-0.3704495292833603,0.3485457790515317,0.8778325656455901
8,0.7816623842266869,34.10843201310018,2,-0.2938489525968375,0.3214610583636226,0.8165961929786475
8,0.7816623842266869,34.10843201310018,3,-0.2176852569351855,0.29453081171552253,0.7416830306675962
8,0.7816623842266869,34.10843201310018,4,-0.14198272304221135,0.26776362438416496,0.653199699607188
8,0.7816623842266869,34.10843201310018,5,-0.0667674884352556,0.24116873817146922,0.5512646341663461
8,0.7816623842266869,34.10843201310018,6,0.00793316647969988,0.21475579898622904,0.4360082235694958
8,0.7816623842266869,34.10843201310018,7,0.08209137794240512,0.18853465900183958,0.30757269096071316
8,0.7816623842266869,34.10843201310018,8,0.15567913555949642,0.16251522223878526,0.1661117911597687
8,0.7816623842266869,34.10843201310018,9,0.1847290570701861,0.12653576932209007,0.12517613134459274
8,0.7816623842266869,34.10843201310018,10,0.17941257932737348,0.0903262225343428,0.15972345749823713
8,0.7816623842266869,34.10843201310018,11,0.17411391996700157,0.05423803345443917,0.18011265618783676
8,0.7816623842266869,34.10843201310018,12,0.16883154257466165,0.018260737847953776,0.18639544717427878
8,0.7816623842266869,34.10843201310018,13,0.16356483463847163,-0.017609835990277427,0.17861564021654533
8,0.7816623842266869,34.10843201310018,14,0.15831425993990955,-0.053370529330368795,0.15681676941584496
8,0.7816623842266869,34.10843201310018,15,0.14710502967490138,-0.08490411135252336,0.15006527784979
8,0.7816623842266869,34.10843201310018,16,0.1369672275610226,-0.11384677952764734,0.14031347923666582
8,0.7816623842266869,34.10843201310018,17,0.129525284322671,-0.13711754100855195,0.1418429453096456
8,0.7816623842266869,34.10843201310018,18,0.12273132501525588,-0.1581994505858839,0.1384497529072932
8,0.7816623842266869,34.10843201310018,19,0.11658716847887574,-0.17547826126002528,0.13660926723646016
8,0.7816623842266869,34.10843201310018,20,0.11051461739398745,-0.1895092766545334,0.133945704664847
8,0.7816623842266869,34.10843201310018,21,0.10405454799761195,-0.20061634607155468,0.12913443836464758
8,0.7816623842266869,34.10843201310018,22,0.09674931942416896,-0.20934778866153753,0.12038828180632552
8,0.7816623842266869,34.10843201310018,23,0.08839966907801976,-0.2165510371046112,0.10508237450433823
8,0.7816623842266869,34.10843201310018,24,0.07987385572288727,-0.2258351871674259,0.1051635412778095
8,0.7816623842266869,34.10843201310018,25,0.07250094323361359,-0.23571221446196416,0.10899531395574645
8,0.7816623842266869,34.10843201310018,26,0.06613627289734522,-0.2439574326272625,0.10663745920644574
8,0.7816623842266869,34.10843201310018,27,0.06107334068335468,-0.25049872830129133,0.0992684727727586
8,0.7816623842266869,34.10843201310018,28,0.060427547247766944,-0.25432536316908166,0.0999697090818696
8,0.7816623842266869,34.10843201310018,29,0.06003208021700443,-0.25526677794800906,0.09981995985798034
8,0.7816623842266869,34.10843201310018,30,0.060087164258026494,-0.2552330601564338,0.09990962131255487
9,0.7817867220614008,38.564437534751846,1,-0.37044882969758225,0.3485444519460054,0.8778285949037912
9,0.7817867220614008,38.564437534751846,2,-0.29384170868459775,0.3214514216582056,0.8165773993318017
9,0.7817867220614008,38.564437534751846,3,-0.2176715555783788,0.2945129303293988,0.7416495423706322
9,0.7817867220614008,38.564437534751846,4,-0.1419626535101834,0.26773756598119386,0.6531516591292018
9,0.7817867220614008,38.564437534751846,5,-0.0667411418581331,0.24113457311924225,0.551202197937742
9,0.7817867220614008,38.564437534751846,6,0.007965697496549535,0.21471360030916692,0.4359315615123015
9,0.7817867220614008,38.564437534751846,7,0.0821299996077022,0.18848450232452366,0.30748198588499537
9,0.7817867220614008,38.564437534751846,8,0.15572375312288342,0.16245718571721074,0.1660072380749203
9,0.7817867220614008,38.564437534751846,9,0.1848324892200301,0.12638868767423658,0.12533430086889388
9,0.7817867220614008,38.564437534751846,10,0.17955675255058418,0.08999245358192118,0.1601870468846834
9,0.7817867220614008,38.564437534751846,11,0.17429876613833772,0.053718674903268315,0.18088026776306887
9,0.7817867220614008,38.564437534751846,12,0.16905699369764493,0.017556753116118137,0.18746598337505171
9,0.7817867220614008,38.564437534751846,13,0.163830807040797,-0.01849764551874598,0.17998818959630195
9,0.7817867220614008,38.564437534751846,14,0.15862064167045944,-0.054441516557024144,0.1584904282340012
9,0.7817867220614008,38.564437534751846,15,0.1492223003110826,-0.08647625815226148,0.1467157170710872
9,0.7817867220614008,38.564437534751846,16,0.14059422703414665,-0.11456479986309118,0.1432690032390806
9,0.7817867220614008,38.564437534751846,17,0.13424493687712868,-0.13906090723907621,0.14327465733121636
9,0.7817867220614008,38.564437534751846,18,0.1294375340994364,-0.160877174233213,0.14165416249289278
9,0.7817867220614008,38.564437534751846,19,0.1263686065688865,-0.17947627298428143,0.1409051773702732
9,0.7817867220614008,38.564437534751846,20,0.12520944355000665,-0.1951809957972974,0.14036390352310746
9,0.7817867220614008,38.564437534751846,21,0.12634776168060907,-0.2087434369634829,0.13853712580661143
9,0.7817867220614008,38.564437534751846,22,0.13012274906900115,-0.2210072478580873,0.13455552617485553
9,0.7817867220614008,38.564437534751846,23,0.13654173220930724,-0.2328510285637966,0.12738307159543244
9,0.7817867220614008,38.564437534751846,24,0.1449454862817414,-0.2449394739186159,0.11431903023065658
9,0.7817867220614008,38.564437534751846,25,0.15256596432057706,-0.25757906871542013,0.10124589101563007
9,0.7817867220614008,38.564437534751846,26,0.1530852994573859,-0.269974705063917,0.10949532591389452
9,0.7817867220614008,38.564437534751846,27,0.15343968526154997,-0.28071294018241505,0.11036074390405985
9,0.7817867220614008,38.564437534751846,28,0.15436834593538043,-0.2896989116795346,0.10467316105482509
9,0.7817867220614008,38.564437534751846,29,0.15446810157911403,-0.2956464413359988,0.10061830286996837
9,0.7817867220614008,38.564437534751846,30,0.15287817774797685,-0.2986346697327108,0.09915363501497325
10,0.86100802951128,31.21904955281286,1,-0.3700060448021028,0.34770819665945907,0.8752894413230674
10,0.86100802951128,31.21904955281286,2,-0.2893832697377361,0.31536559902389544,0.8045078895588017
10,0.86100802951128,31.21904955281286,3,-0.2092537507104268,0.28322087576719224,0.7201359612393194
10,0.86100802951128,31.21904955281286,4,-0.12964315983339167,0.25128432550320334,0.6222893247482231
10,0.86100802951128,31.21904955281286,5,-0.05057870241760939,0.21956686190273497,0.5110952685781448
10,0.86100802951128,31.21904955281286,6,0.02791151450299766,0.1880797603713801,0.38669271662294885
10,0.86100802951128,31.21904955281286,7,0.10579898469163658,0.15683445645878286,0.24923202764379812
10,0.86100802951128,31.21904955281286,8,0.16501712390316184,0.12126359749427104,0.10290193357164645
10,0.86100802951128,31.21904955281286,9,0.17692653485787332,0.07587573838037227,0.13129610634615205
10,0.86100802951128,31.21904955281286,10,0.17260674812197938,0.03296081811268209,0.16844884490894738
10,0.86100802951128,31.21904955281286,11,0.16830260432821106,-0.009798697350298919,0.1914264244205008
10,0.86100802951128,31.21904955281286,12,0.16401287563967085,-0.052415005953929644,0.20028501561066003
10,0.86100802951128,31.21904955281286,13,0.15973697847876003,-0.0948939052497199,0.19507261783195892
10,0.86100802951128,31.21904955281286,14,0.15547508299904864,-0.13723370484707065,0.17583558482508044
10,0.86100802951128,31.21904955281286,15,0.15081704742111,-0.17909226208082754,0.14508628662182427
10,0.86100802951128,31.21904955281286,16,0.14236085843319568,-0.2145002503236865,0.1347829247970333
10,0.86100802951128,31.21904955281286,17,0.1333707351578608,-0.2463540834141493,0.12445094400529863
10,0.86100802951128,31.21904955281286,18,0.12390401898181339,-0.2766497260284667,0.10638197308549602
10,0.86100802951128,31.21904955281286,19,0.11651387993682892,-0.30076525719775965,0.10179913567789729
10,0.86100802951128,31.21904955281286,20,0.11123706394747652,-0.32002419149682015,0.10428777940634602
10,0.86100802951128,31.21904955281286,21,0.10666503579892964,-0.3375964769178152,0.10003661946386244
10,0.86100802951128,31.21904955281286,22,0.10314184475182027,-0.3512072835742362,0.10021764938051618
10,0.86100802951128,31.21904955281286,23,0.10047395486636057,-0.3617568577003215,0.09953641429070251
10,0.86100802951128,31.21904955281286,24,0.09862437580851884,-0.3688895167315636,0.09914550123359997
10,0.86100802951128,31.21904955281286,25,0.09786268099773404,-0.3722013915253231,0.09928778688336237
10,0.86100802951128,31.21904955281286,26,0.09792049517089448,-0.3722173630059994,0.09965842803452922
10,0.86100802951128,31.21904955281286,27,0.09798115239551757,-0.37220735419315076,0.09983248005074997
10,0.86100802951128,31.21904955281286,28,0.09801109832016414,-0.3722028537244427,0.09991456860064918
10,0.86100802951128,31.21904955281286,29,0.09802694069992551,-0.3722005611606781,0.09995361877008607
10,0.86100802951128,31.21904955281286,30,0.0980354913237189,-0.37219918538147406,0.09997228210950555
11,0.790818485102899,43.674870412254705,1,-0.3703980554050493,0.3484481763234323,0.877540042333099
11,0.790818485102899,43.674870412254705,2,-0.29331761848596,0.320752154944121,0.8152109822214738
11,0.790818485102899,43.674870412254705,3,-0.21668047335625107,0.2932154141730507,0.7392146366883993
11,0.790818485102899,43.674870412254705,4,-0.14051107481215294,0.26584674094224064,0.6496586731254063
11,0.790818485102899,43.674870412254705,5,-0.06483569581364586,0.2386555754740143,0.546662553337113
11,0.790818485102899,43.674870412254705,6,0.010318276116656784,0.21165175846780407,0.4303576591312374
11,0.790818485102899,43.674870412254705,7,0.08492289140503276,0.1848453325754459,0.30088716160399703
11,0.790818485102899,43.674870412254705,8,0.15895007057318303,0.15824638712521008,0.15840571266445827
11,0.790818485102899,43.674870412254705,9,0.18552421780093076,0.12058239295169101,0.12274604718920579
11,0.790818485102899,43.674870412254705,10,0.18100040992722133,0.08243022695183931,0.16525343421827451
11,0.790818485102899,43.674870412254705,11,0.17649293474299438,0.044415804971573984,0.1935665295140212
11,0.790818485102899,43.674870412254705,12,0.1720002038392244,0.00652573094136419,0.20774431399957224
11,0.790818485102899,43.674870412254705,13,0.1675212582788124,-0.03124808246884571,0.2078350148014241
11,0.790818485102899,43.674870412254705,14,0.16305597992616552,-0.06890663157208958,0.19388221330934735
11,0.790818485102899,43.674870412254705,15,0.15860509537785386,-0.10644378851463666,0.16593263660004318
11,0.790818485102899,43.674870412254705,16,0.153872635916859,-0.1462961278250244,0.14124374710350104
11,0.790818485102899,43.674870412254705,17,0.15348255990507517,-0.18483244992801373,0.12668378976124
11,0.790818485102899,43.674870412254705,18,0.1545340528674281,-0.22216687778639677,0.11080327264164362
11,0.790818485102899,43.674870412254705,19,0.14918026358302316,-0.2569082214854635,0.11150507226225169
11,0.790818485102899,43.674870412254705,20,0.14444834392173858,-0.28772014542041136,0.11475714803539716
11,0.790818485102899,43.674870412254705,21,0.139919692516118,-0.31707321756574885,0.10962723826349152
11,0.790818485102899,43.674870412254705,22,0.1360530087907858,-0.3445631274542049,0.09828863631128425
11,0.790818485102899,43.674870412254705,23,0.13049346146617977,-0.34644701077235457,0.09948188076415705
11,0.790818485102899,43.674870412254705,24,0.1264406034058419,-0.34061983723284833,0.09901078479609714
11,0.790818485102899,43.674870412254705,25,0.12454793594653828,-0.3369551918760596,0.09911829824741367
11,0.790818485102899,43.674870412254705,26,0.12408866430233285,-0.3357051992459724,0.09951742231228285
11,0.790818485102899,43.674870412254705,27,0.12406099475049077,-0.33581571830806856,0.0997670950922876
11,0.790818485102899,43.674870412254705,28,0.12404790359295102,-0.3358680664628918,0.09988492968625601
11,0.790818485102899,43.674870412254705,29,0.12404177166773256,-0.3358925721139162,0.0999405337457338
11,0.790818485102899,43.674870412254705,30,0.12403888780039556,-0.3359040584182583,0.09996672889059731
12,0.8607527812965953,30.775015221106127,1,-0.3700074627825753,0.3477108621578834,0.8752976510291633
12,0.8607527812965953,30.775015221106127,2,-0.28939713846019494,0.31538504129009637,0.8045470756921655
12,0.8607527812965953,30.775015221106127,3,-0.20927988601317243,0.2832569488553822,0.7202058310511121
12,0.8607527812965953,30.775015221106127,4,-0.12968137349935832,0.2513368780890935,0.6223895564842776
12,0.8607527812965953,30.775015221106127,5,-0.05062880317728332,0.2196357374616261,0.5112255121987695
12,0.8607527812965953,30.775015221106127,6,0.027849720211292835,0.18816479735125097,0.38685259489238377
12,0.8607527812965953,30.775015221106127,7,0.10572569213191628,0.15693548845846983,0.24942113745807418
12,0.8607527812965953,30.775015221106127,8,0.1649369597542021,0.12140105456052364,0.10311868612685492
12,0.8607527812965953,30.775015221106127,9,0.1768464194113974,0.07611524245936947,0.13136983966165375
12,0.8607527812965953,30.775015221106127,10,0.17253100606238567,0.03332028812845221,0.1683716898190178
12,0.8607527812965953,30.775015221106127,11,0.16823118820180955,-0.009320009357014842,0.1911991537696512
12,0.8607527812965953,30.775015221106127,12,0.16394574295035882,-0.05181777700781929,0.19990824273924673
12,0.8607527812965953,30.775015221106127,13,0.1596740939650762,-0.09417873028353375,0.19454684134724323
12,0.8607527812965953,30.775015221106127,14,0.15541642001938133,-0.1364010963295754,0.17516126292099815
12,0.8607527812965953,30.775015221106127,15,0.1505283700766883,-0.17843046994751155,0.1450212622085611
12,0.8607527812965953,30.775015221106127,16,0.13973154990939546,-0.21577808904136125,0.1436151830212679
12,0.8607527812965953,30.775015221106127,17,0.12835035369194606,-0.24968135106258676,0.1417251150126346
12,0.8607527812965953,30.775015221106127,18,0.11700304993859721,-0.2834836513686294,0.12579706915243166
12,0.8607527812965953,30.775015221106127,19,0.10678140422145645,-0.3157862971423594,0.10295103253146494
12,0.8607527812965953,30.775015221106127,20,0.0990275094925611,-0.33933746963696365,0.10457033136368463
12,0.8607527812965953,30.775015221106127,21,0.0919227055787406,-0.36087880917655074,0.1004156540633678
12,0.8607527812965953,30.775015221106127,22,0.08633434431165184,-0.3782403392945848,0.0999855394252134
12,0.8607527812965953,30.775015221106127,23,0.08118203438204993,-0.3851275357048871,0.09970757027744191
12,0.8607527812965953,30.775015221106127,24,0.07694672127675227,-0.3890775352576244,0.09962240192160546
12,0.8607527812965953,30.775015221106127,25,0.07581817193495242,-0.38967673983991236,0.09961207483124174
12,0.8607527812965953,30.775015221106127,26,0.07593126661577516,-0.3896378706835148,0.09981138908225302
12,0.8607527812965953,30.775015221106127,27,0.07598567780590022,-0.38962006483992107,0.09990548280146358
12,0.8607527812965953,30.775015221106127,28,0.07600546732719488,-0.3896115572940759,0.09994964923476979
12,0.8607527812965953,30.775015221106127,29,0.07601197548614262,-0.3896077240507948,0.09997027018695881
12,0.8607527812965953,30.775015221106127,30,0.07601506407437016,-0.38960637297165196,0.09997814244246286
13,0.790818485102899,43.673889198311166,1,-0.3703980554050493,0.3484481763234323,0.877540042333099
13,0.790818485102899,43.673889198311166,2,-0.29331761848596,0.320752154944121,0.8152109822214738
13,0.790818485102899,43.673889198311166,3,-0.21668047335625107,0.2932154141730507,0.7392146366883993
13,0.790818485102899,43.673889198311166,4,-0.14051107481215294,0.26584674094224064,0.6496586731254063
13,0.790818485102899,43.673889198311166,5,-0.06483569581364586,0.2386555754740143,0.546662553337113
13,0.790818485102899,43.673889198311166,6,0.010318276116656784,0.21165175846780407,0.4303576591312374
13,0.790818485102899,43.673889198311166,7,0.08492289140503276,0.1848453325754459,0.30088716160399703
13,0.790818485102899,43.673889198311166,8,0.15895007057318303,0.15824638712521008,0.15840571266445827
13,0.790818485102899,43.673889198311166,9,0.18552410657760285,0.12058236392613512,0.12274602648899614
13,0.790818485102899,43.673889198311166,10,0.1810002778677141,0.08243016381481463,0.16525341463246307
13,0.790818485102899,43.673889198311166,11,0.1764927819274351,0.044415707887565534,0.1935665109997302
13,0.790818485102899,43.673889198311166,12,0.17200003034120773,0.00652560006948804,0.2077442965258117
13,0.790818485102899,43.673889198311166,13,0.1675210641680806,-0.03124824697194501,0.20783499835410366
13,0.790818485102899,43.673889198311166,14,0.16305576527183227,-0.06890682955137106,0.19388219789366612
13,0.790818485102899,43.673889198311166,15,0.1586048602516327,-0.10644401981587824,0.16593262223706087
13,0.790818485102899,43.673889198311166,16,0.15387257401833074,-0.1462958784343907,0.1412421340876851
13,0.790818485102899,43.673889198311166,17,0.15348306852592103,-0.184831496265936,0.12668151066445124
13,0.790818485102899,43.673889198311166,18,0.15453519741012683,-0.22216517244479594,0.1108014367348239
13,0.790818485102899,43.673889198311166,19,0.149180545148545,-0.25690536041029716,0.11150801777937017
13,0.790818485102899,43.673889198311166,20,0.1444431780522068,-0.2877186008206576,0.11475092420717592
13,0.790818485102899,43.673889198311166,21,0.13990979921469665,-0.3170715079248837,0.10961883792813891
13,0.790818485102899,43.673889198311166,22,0.13604068392995827,-0.34456016038590326,0.09828607294156828
13,0.790818485102899,43.673889198311166,23,0.13047980508402132,-0.3464412586018097,0.09947966569828064
13,0.790818485102899,43.673889198311166,24,0.12642631174326144,-0.3406117192870225,0.09900968041245224
13,0.790818485102899,43.673889198311166,25,0.12453318179081943,-0.3369453404310722,0.09911779174195043
13,0.790818485102899,43.673889198311166,26,0.12407370366601904,-0.33569379439371594,0.09951718415808104
13,0.790818485102899,43.673889198311166,27,0.12404598035824894,-0.33580429333382233,0.09976698267178209
13,0.790818485102899,43.673889198311166,28,0.12403286476462451,-0.33585663445325725,0.0998848765975734
13,0.790818485102899,43.673889198311166,29,0.1240267214376625,-0.33588113679906445,0.0999405086572404
13,0.790818485102899,43.673889198311166,30,0.12402383228401093,-0.3358926215283203,0.09996671702851873
14,0.790818485102899,43.67271847390455,1,-0.3703980554050493,0.3484481763234323,0.877540042333099
14,0.790818485102899,43.67271847390455,2,-0.29331761848596,0.320752154944121,0.8152109822214738
14,0.790818485102899,43.67271847390455,3,-0.21668047335625107,0.2932154141730507,0.7392146366883993
14,0.790818485102899,43.67271847390455,4,-0.14051107481215294,0.26584674094224064,0.6496586731254063
14,0.790818485102899,43.67271847390455,5,-0.06483569581364586,0.2386555754740143,0.546662553337113
14,0.790818485102899,43.67271847390455,6,0.010318276116656784,0.21165175846780407,0.4303576591312374
14,0.790818485102899,43.67271847390455,7,0.08492289140503276,0.1848453325754459,0.30088716160399703
14,0.790818485102899,43.67271847390455,8,0.15895007057318303,0.15824638712521008,0.15840571266445827
14,0.790818485102899,43.67271847390455,9,0.18552393138565748,0.12058226640252716,0.12274600890432649
14,0.790818485102899,43.67271847390455,10,0.18099984730735277,0.0824298881607574,0.16525329448845427
14,0.790818485102899,43.67271847390455,11,0.17649209693523427,0.044415254869284417,0.19356628855353714
14,0.790818485102899,43.67271847390455,12,0.1719990917723961,0.006524970460808249,0.20774397200446507
14,0.790818485102899,43.67271847390455,13,0.16751987283272904,-0.031249052359279054,0.20783457201878688
14,0.790818485102899,43.67271847390455,14,0.1630543219796684,-0.06890780985692274,0.19388167011012944
14,0.790818485102899,43.67271847390455,15,0.15860316585494416,-0.10644517413758092,0.16593199351366958
14,0.790818485102899,43.67271847390455,16,0.15386980687917204,-0.1462987226553321,0.14124659113748203
14,0.790818485102899,43.67271847390455,17,0.15347871785028455,-0.18483605980337517,0.12669211205637704
14,0.790818485102899,43.67271847390455,18,0.15452965646958616,-0.22217125540299357,0.11081588363067782
14,0.790818485102899,43.67271847390455,19,0.14917734214090525,-0.2569119906675595,0.11151340041683898
14,0.790818485102899,43.67271847390455,20,0.14443836388881032,-0.28772713435401637,0.11473829178479936
14,0.790818485102899,43.67271847390455,21,0.13990389230224495,-0.31708095015012666,0.10959308218262724
14,0.790818485102899,43.67271847390455,22,0.13603546524156923,-0.34456999828843443,0.09825219249937367
14,0.790818485102899,43.67271847390455,23,0.13046717578695458,-0.34645198601352317,0.09947442965254286
14,0.790818485102899,43.67271847390455,24,0.12640264944313356,-0.34061818372673835,0.09900792342664648
14,0.790818485102899,43.67271847390455,25,0.12450013828394779,-0.33694354080436895,0.09911697965035973
14,0.790818485102899,43.67271847390455,26,0.12403564566507738,-0.3356804876789273,0.09951680045542496
14,0.790818485102899,43.67271847390455,27,0.12400765553067103,-0.3357920724612839,0.09976680346288533
14,0.790818485102899,43.67271847390455,28,0.12399442183962807,-0.3358449463100712,0.09988479243544968
14,0.790818485102899,43.67271847390455,29,0.1239882234022409,-0.33586969769953107,0.09994046968916617
14,0.790818485102899,43.67271847390455,30,0.12398530837283007,-0.33588129903081415,0.0999666992053517
15,0.790818485102899,43.67099648444936,1,-0.3703980554050493,0.3484481763234323,0.877540042333099
15,0.790818485102899,43.67099648444936,2,-0.29331761848596,0.320752154944121,0.8152109822214738
15,0.790818485102899,43.67099648444936,3,-0.21668047335625107,0.2932154141730507,0.7392146366883993
15,0.790818485102899,43.67099648444936,4,-0.14051107481215294,0.26584674094224064,0.6496586731254063
15,0.790818485102899,43.67099648444936,5,-0.06483569581364586,0.2386555754740143,0.546662553337113
15,0.790818485102899,43.67099648444936,6,0.010318276116656784,0.21165175846780407,0.4303576591312374
15,0.790818485102899,43.67099648444936,7,0.08492289140503276,0.1848453325754459,0.30088716160399703
15,0.790818485102899,43.67099648444936,8,0.15895007057318303,0.15824638712521008,0.15840571266445827
15,0.790818485102899,43.67099648444936,9,0.18552381220430778,0.12058222855822404,0.12274598925804368
15,0.790818485102899,43.67099648444936,10,0.18099972512757403,0.0824298035312358,0.16525328424412486
15,0.790818485102899,43.67099648444936,11,0.1764919717751418,0.04441512368493396,0.19356628761923111
15,0.790818485102899,43.67099648444936,12,0.1719989636497805,0.0065247929417301415,0.20774398031072835
15,0.790818485102899,43.67099648444936,13,0.16751974176505124,-0.031249276000320243,0.2078345895224871
15,0.790818485102899,43.67099648444936,14,0.1630541879837041,-0.06890807941350144,0.19388169679338088
15,0.790818485102899,43.67099648444936,15,0.1586030289465644,-0.10644548940744913,0.16593202937520252
15,0.790818485102899,43.67099648444936,16,0.1538701136736364,-0.1462981253600277,0.14124357685207647
15,0.790818485102899,43.67099648444936,17,0.15348022587598742,-0.1848341048319199,0.12668778251610893
15,0.790818485102899,43.67099648444936,18,0.15453247857541325,-0.22216784453779825,0.11081233296120872
15,0.790818485102899,43.67099648444936,19,0.14917863430671185,-0.25690639931996667,0.11151887586571678
15,0.790818485102899,43.67099648444936,20,0.14442942065480072,-0.28772399557332934,0.11472664886448515
15,0.790818485102899,43.67099648444936,21,0.13988605535608584,-0.31707748523089646,0.10957743493842502
15,0.790818485102899,43.67099648444936,22,0.1360130262621037,-0.34456419049113723,0.09824745008181637
15,0.790818485102899,43.67099648444936,23,0.1304422384444205,-0.3464411918123078,0.09947031315921405
15,0.790818485102899,43.67099648444936,24,0.12637652852532194,-0.34060323147936644,0.09900586662021495
15,0.790818485102899,43.67099648444936,25,0.12447276254537709,-0.33692579614632684,0.09911603262586424
15,0.790818485102899,43.67099648444936,26,0.12400811248543216,-0.33565996687481287,0.09951635501298736
15,0.790818485102899,43.67099648444936,27,0.12398013263980455,-0.33577149065019624,0.09976659314162181
15,0.790818485102899,43.67099648444936,28,0.12396690485277174,-0.335824340027053,0.09988469310663602
15,0.790818485102899,43.67099648444936,29,0.12396070919862914,-0.3358490799493635,0.09994042277270722
15,0.790818485102899,43.67099648444936,30,0.12395779554564396,-0.3358606758682563,0.09996667704400646
16,0.86100802951128,31.21929406842653,1,-0.3700060448021028,0.34770819665945907,0.8752894413230674
16,0.86100802951128,31.21929406842653,2,-0.2893832697377361,0.31536559902389544,0.8045078895588017
16,0.86100802951128,31.21929406842653,3,-0.2092537507104268,0.28322087576719224,0.7201359612393194
16,0.86100802951128,31.21929406842653,4,-0.12964315983339167,0.25128432550320334,0.6222893247482231
16,0.86100802951128,31.21929406842653,5,-0.05057870241760939,0.21956686190273497,0.5110952685781448
16,0.86100802951128,31.21929406842653,6,0.02791151450299766,0.1880797603713801,0.38669271662294885
16,0.86100802951128,31.21929406842653,7,0.10579898469163658,0.15683445645878286,0.24923202764379812
16,0.86100802951128,31.21929406842653,8,0.1650170442414144,0.12126350863814157,0.10290197118958377
16,0.86100802951128,31.21929406842653,9,0.17692644190759868,0.07587518694074981,0.13129612782886146
16,0.86100802951128,31.21929406842653,10,0.17260672434122976,0.032959680706084286,0.16844883609743952
16,0.86100802951128,31.21929406842653,11,0.16830264954396182,-0.00980041783246038,0.19142638487735833
16,0.86100802951128,31.21929406842653,12,0.16401298971002953,-0.05241730667282517,0.20028494509809383
16,0.86100802951128,31.21929406842653,13,0.15973716127777893,-0.09489678338010862,0.19507251639322165
16,0.86100802951128,31.21929406842653,14,0.15547533439567351,-0.1372371575642947,0.17583545281020913
16,0.86100802951128,31.21929406842653,15,0.1508176043545246,-0.17909618946548056,0.14508567892582946
16,0.86100802951128,31.21929406842653,16,0.14236323845781257,-0.2145031328352988,0.1347814353102746
16,0.86100802951128,31.21929406842653,17,0.1333748455026616,-0.24635633418466724,0.12444700583783887
16,0.86100802951128,31.21929406842653,18,0.12390945498223928,-0.2766511535116925,0.10637700739669972
16,0.86100802951128,31.21929406842653,19,0.11652025330799236,-0.30076500034607184,0.10179740877165655
16,0.86100802951128,31.21929406842653,20,0.11124451877736821,-0.3200227400202874,0.10428753320474606
16,0.86100802951128,31.21929406842653,21,0.10667314831723491,-0.3375942404411802,0.10003546065275085
16,0.86100802951128,31.21929406842653,22,0.10315058226492267,-0.3512039589229557,0.10021747349203107
16,0.86100802951128,31.21929406842653,23,0.10048319305843957,-0.36175264734385604,0.0995363575792729
16,0.86100802951128,31.21929406842653,24,0.09863362475228774,-0.3688843936360373,0.09914544159367267
16,0.86100802951128,31.21929406842653,25,0.09787200865291558,-0.3721971711330475,0.09928781485032136
16,0.86100802951128,31.21929406842653,26,0.09793118699664358,-0.37221732884652653,0.09965797107433598
16,0.86100802951128,31.21929406842653,27,0.09799320763763185,-0.3722091624673587,0.09983207123369052
16,0.86100802951128,31.21929406842653,28,0.09802322424685217,-0.372204893267735,0.09991437672631165
16,0.86100802951128,31.21929406842653,29,0.09803910188455167,-0.37220286572787054,0.09995351606705843
16,0.86100802951128,31.21929406842653,30,0.09804766452556295,-0.37220158892084015,0.09997223667486353
17,0.790818485102899,43.6713944893913,1,-0.3703980554050493,0.3484481763234323,0.877540042333099
17,0.790818485102899,43.6713944893913,2,-0.29331761848596,0.320752154944121,0.8152109822214738
17,0.790818485102899,43.6713944893913,3,-0.21668047335625107,0.2932154141730507,0.7392146366883993
17,0.790818485102899,43.6713944893913,4,-0.14051107481215294,0.26584674094224064,0.6496586731254063
17,0.790818485102899,43.6713944893913,5,-0.06483569581364586,0.2386555754740143,0.546662553337113
17,0.790818485102899,43.6713944893913,6,0.010318276116656784,0.21165175846780407,0.4303576591312374
17,0.790818485102899,43.6713944893913,7,0.08492289140503276,0.1848453325754459,0.30088716160399703
17,0.790818485102899,43.6713944893913,8,0.15895007057318303,0.15824638712521008,0.15840571266445827
17,0.790818485102899,43.6713944893913,9,0.18552380393856838,0.12058229245477983,0.12274596009743147
17,0.790818485102899,43.6713944893913,10,0.18099993584989907,0.08243001396825402,0.16525336794974468
17,0.790818485102899,43.6713944893913,11,0.17649240068623837,0.04441548006030858,0.1935664838494265
17,0.790818485102899,43.6713944893913,12,0.17199961001937242,0.0065252946384000395,0.20774428877391166
17,0.790818485102899,43.6713944893913,13,0.16752060490037515,-0.031248629643469115,0.20783500991475987
17,0.790818485102899,43.6713944893913,14,0.16305526719073124,-0.06890728911265596,0.19388222872566063
17,0.790818485102899,43.6713944893913,15,0.1586043234933258,-0.10644455592566995,0.16593267232693704
17,0.790818485102899,43.6713944893913,16,0.15387256301069557,-0.14629494674193885,0.14123740742358237
17,0.790818485102899,43.6713944893913,17,0.15348466575435132,-0.18482852315043596,0.12667426752002242
17,0.790818485102899,43.6713944893913,18,0.15453852269095877,-0.22216006485358566,0.11079483331883601
17,0.790818485102899,43.6713944893913,19,0.14918125982228522,-0.2568971514603398,0.11151501400390117
17,0.790818485102899,43.6713944893913,20,0.14442968827869446,-0.2877135784124238,0.11473620301290456
17,0.790818485102899,43.6713944893913,21,0.13988392128223812,-0.31706592815649964,0.10960005535981913
17,0.790818485102899,43.6713944893913,22,0.13600819582549525,-0.34455128281073466,0.0982833868026606
17,0.790818485102899,43.6713944893913,23,0.13044466170819802,-0.34642462838081123,0.09947443154488768
17,0.790818485102899,43.6713944893913,24,0.12639063271665524,-0.3405890496606387,0.09900660858220393
17,0.790818485102899,43.6713944893913,25,0.124496692560621,-0.33691924756487923,0.09911637651732867
17,0.790818485102899,43.6713944893913,26,0.12403752426908575,-0.33566465954003033,0.09951651844567193
17,0.790818485102899,43.6713944893913,27,0.12400987137931742,-0.33577497284877866,0.09976666816991545
17,0.790818485102899,43.6713944893913,28,0.12399678996835958,-0.3358272309555869,0.09988472802829339
17,0.790818485102899,43.6713944893913,29,0.1239906626425919,-0.33585169445545243,0.09994043842781218
17,0.790818485102899,43.6713944893913,30,0.1239877810933962,-0.33586316093182067,0.09996668381499176
18,0.790818485102899,43.670256930101246,1,-0.3703980554050493,0.3484481763234323,0.877540042333099
18,0.790818485102899,43.670256930101246,2,-0.29331761848596,0.320752154944121,0.8152109822214738
18,0.790818485102899,43.670256930101246,3,-0.21668047335625107,0.2932154141730507,0.7392146366883993
18,0.790818485102899,43.670256930101246,4,-0.14051107481215294,0.26584674094224064,0.6496586731254063
18,0.790818485102899,43.670256930101246,5,-0.06483569581364586,0.2386555754740143,0.546662553337113
18,0.790818485102899,43.670256930101246,6,0.010318276116656784,0.21165175846780407,0.4303576591312374
18,0.790818485102899,43.670256930101246,7,0.08492289140503276,0.1848453325754459,0.30088716160399703
18,0.790818485102899,43.670256930101246,8,0.15895007057318303,0.15824638712521008,0.15840571266445827
18,0.790818485102899,43.670256930101246,9,0.18552362834427302,0.12058219417262482,0.122745942543758
18,0.790818485102899,43.670256930101246,10,0.18099950035763882,0.08242973538962825,0.16525324500393979
18,0.790818485102899,43.670256930101246,11,0.17649170624894955,0.044415021959305453,0.19356625577889822
18,0.790818485102899,43.670256930101246,12,0.17199865750721444,0.006524657797310576,0.20774395581420343
18,0.790818485102899,43.670256930101246,13,0.16751939513758532,-0.031249444403242232,0.207834572335154
18,0.790818485102899,43.670256930101246,14,0.1630538010012613,-0.06890828091959056,0.19388168690128876
18,0.790818485102899,43.670256930101246,15,0.15860260174451485,-0.1064457238654224,0.16593202677811686
18,0.790818485102899,43.670256930101246,16,0.1538697294640465,-0.14629787061585994,0.1412420565478016
18,0.790818485102899,43.670256930101246,17,0.15348017230100364,-0.18483324978873467,0.1266852290420729
18,0.790818485102899,43.670256930101246,18,0.15453276655560214,-0.22216639445121172,0.11080968845774561
18,0.790818485102899,43.670256930101246,19,0.14917794642485607,-0.25690412027696735,0.11152030018303202
18,0.790818485102899,43.670256930101246,20,0.14442509271299556,-0.2877223923514459,0.1147237989671795
18,0.790818485102899,43.670256930101246,21,0.1398785183400981,-0.3170756814816618,0.1095744405968746
18,0.790818485102899,43.670256930101246,22,0.13600363502761853,-0.34456154432691527,0.09824904089128912
18,0.790818485102899,43.670256930101246,23,0.13043262334339312,-0.3464359302591371,0.09946925108453565
18,0.790818485102899,43.670256930101246,24,0.12636755791778814,-0.34059606892606853,0.09900525529784586
18,0.790818485102899,43.670256930101246,25,0.12446419488563149,-0.3369177868582409,0.09911575117019499
18,0.790818485102899,43.670256930101246,26,0.12399987293843327,-0.33565150855346076,0.09951622267643748
18,0.790818485102899,43.670256930101246,27,0.12397192787511428,-0.33576289827652533,0.09976653047477932
18,0.790818485102899,43.670256930101246,28,0.1239587164107875,-0.3358156849057783,0.09988466346337473
18,0.790818485102899,43.670256930101246,29,0.12395252838621426,-0.33584039548363825,0.09994040869471173
18,0.790818485102899,43.670256930101246,30,0.12394961834232965,-0.33585197764544,0.09996667033753023
19,0.790818485102899,43.668511430095975,1,-0.3703980554050493,0.3484481763234323,0.877540042333099
19,0.790818485102899,43.668511430095975,2,-0.29331761848596,0.320752154944121,0.8152109822214738
19,0.790818485102899,43.668511430095975,3,-0.21668047335625107,0.2932154141730507,0.7392146366883993
19,0.790818485102899,43.668511430095975,4,-0.14051107481215294,0.26584674094224064,0.6496586731254063
19,0.790818485102899,43.668511430095975,5,-0.06483569581364586,0.2386555754740143,0.546662553337113
19,0.790818485102899,43.668511430095975,6,0.010318276116656784,0.21165175846780407,0.4303576591312374
19,0.790818485102899,43.668511430095975,7,0.08492289140503276,0.1848453325754459,0.30088716160399703
19,0.790818485102899,43.668511430095975,8,0.15895007057318303,0.15824638712521008,0.15840571266445827
19,0.790818485102899,43.668511430095975,9,0.18552350914684002,0.12058215604368706,0.12274592290725125
19,0.790818485102899,43.668511430095975,10,0.18099937830485416,0.08242965017728515,0.16525323494711577
19,0.790818485102899,43.668511430095975,11,0.17649158135847048,0.04441488989551573,0.19356625520871845
19,0.790818485102899,43.668511430095975,12,0.17199852979642363,0.006524479103640152,0.2077439646603486
19,0.790818485102899,43.668511430095975,13,0.16751926462356162,-0.031249669512666098,0.20783459055385303
19,0.790818485102899,43.668511430095975,14,0.16305366770039087,-0.06890855223708205,0.1938817144741737
19,0.790818485102899,43.668511430095975,15,0.1586024656722414,-0.1064460411875498,0.16593206370347663
19,0.790818485102899,43.668511430095975,16,0.1538700423995217,-0.14629726781112523,0.1412390174446002
19,0.790818485102899,43.668511430095975,17,0.15348169867691824,-0.18483127725117598,0.12668086509107476
19,0.790818485102899,43.668511430095975,18,0.1545356203004536,-0.22216295274802839,0.1108061120099242
19,0.790818485102899,43.668511430095975,19,0.14917926694933897,-0.2568984761039738,0.11152583539197766
19,0.790818485102899,43.668511430095975,20,0.14441598723625493,-0.2877192058815436,0.11471212617798486
19,0.790818485102899,43.668511430095975,21,0.1398603320555406,-0.3170721588703224,0.10955875175216875
19,0.790818485102899,43.668511430095975,22,0.1359806858489428,-0.34455569566712263,0.09824421715540274
19,0.790818485102899,43.668511430095975,23,0.13040709566054765,-0.34642492485882087,0.09946507623657021
19,0.790818485102899,43.668511430095975,24,0.12634078930418097,-0.34058072600789374,0.09900317003204397
19,0.790818485102899,43.668511430095975,25,0.1244361097198035,-0.33689951179338495,0.09911479100764764
19,0.790818485102899,43.668511430095975,26,0.12397160922550335,-0.33563032475529936,0.09951577104711298
19,0.790818485102899,43.668511430095975,27,0.12394367526959849,-0.3357416532064274,0.09976631723452457
19,0.790818485102899,43.668511430095975,28,0.12393047010206491,-0.33579441550391814,0.0998845627564076
19,0.790818485102899,43.668511430095975,29,0.12392428504486368,-0.33581911467940767,0.09994036112847299
19,0.790818485102899,43.668511430095975,30,0.12392137646731306,-0.33583069145662875,0.09996664787021048
20,0.86100802951128,31.219813609483747,1,-0.3700060448021028,0.34770819665945907,0.8752894413230674
20,0.86100802951128,31.219813609483747,2,-0.2893832697377361,0.31536559902389544,0.8045078895588017
20,0.86100802951128,31.219813609483747,3,-0.2092537507104268,0.28322087576719224,0.7201359612393194
20,0.86100802951128,31.219813609483747,4,-0.12964315983339167,0.25128432550320334,0.6222893247482231
20,0.86100802951128,31.219813609483747,5,-0.05057870241760939,0.21956686190273497,0.5110952685781448
20,0.86100802951128,31.219813609483747,6,0.02791151450299766,0.1880797603713801,0.38669271662294885
20,0.86100802951128,31.219813609483747,7,0.10579898469163658,0.15683445645878286,0.24923202764379812
20,0.86100802951128,31.219813609483747,8,0.16501695690343038,0.12126343926998313,0.10290202019409125
20,0.86100802951128,31.219813609483747,9,0.1769263514725897,0.0758747445611651,0.13129616003959288
20,0.86100802951128,31.219813609483747,10,0.17260677245538647,0.032958776408474035,0.1684488413163723
20,0.86100802951128,31.219813609483747,11,0.16830283576513613,-0.009801781783508108,0.19142636278150388
20,0.86100802951128,31.219813609483747,12,0.16401331364446642,-0.05241912805446875,0.20028489551624679
20,0.86100802951128,31.219813609483747,13,0.15973762255572746,-0.0948990599793792,0.1950724393703391
20,0.86100802951128,31.219813609483747,14,0.1554759326402701,-0.13723988716647617,0.1758353486291236
20,0.86100802951128,31.219813609483747,15,0.15081845128951815,-0.17909942496700876,0.14508551725661636
20,0.86100802951128,31.219813609483747,16,0.14236497942881915,-0.21450692068830363,0.13478266379457454
20,0.86100802951128,31.219813609483747,17,0.13337737930356908,-0.24636092748098704,0.12444867202232966
20,0.86100802951128,31.219813609483747,18,0.12391281826365509,-0.27665663658798045,0.10637867587014223
20,0.86100802951128,31.219813609483747,19,0.11652413265420346,-0.3007714035174076,0.10179810821126392
20,0.86100802951128,31.219813609483747,20,0.11124859999848123,-0.32002979952924915,0.10428774759094928
20,0.86100802951128,31.219813609483747,21,0.1066774983932867,-0.33760181664372996,0.10003581671828325
20,0.86100802951128,31.219813609483747,22,0.10315509319462934,-0.35121207429904155,0.10021755754123957
20,0.86100802951128,31.219813609483747,23,0.10048778289510388,-0.3617612116387811,0.09953639474776858
20,0.86100802951128,31.219813609483747,24,0.09863830704912198,-0.36889336293927677,0.09914547117729314
20,0.86100802951128,31.219813609483747,25,0.09787668544874951,-0.37220563105997373,0.09928779533379058
20,0.86100802951128,31.219813609483747,26,0.09793461827107294,-0.3722233112988848,0.09965839224502472
20,0.86100802951128,31.219813609483747,27,0.09799648063102057,-0.37221465005232246,0.09983227165171299
20,0.86100802951128,31.219813609483747,28,0.09802644239448523,-0.3722101702156948,0.09991447264064793
20,0.86100802951128,31.219813609483747,29,0.09804227882823559,-0.3722080709188823,0.09995355879458788
20,0.86100802951128,31.219813609483747,30,0.09805083019942565,-0.3722067415788047,0.09997225483103593
