particle,elasticity,weight,frame,x,y,z
1,0.5993432959145847,74.05318691232164,1,0.0010404758303012042,0.34954802468356994,0.677458708406175
1,0.5993432959145847,74.05318691232164,2,-0.06136782785131239,0.3023966565611739,0.8905349983449364
1,0.5993432959145847,74.05318691232164,3,-0.14082005129542322,0.26934031419361315,0.790212700615592
1,0.5993432959145847,74.05318691232164,4,-0.219720657140835,0.23651347402760362,0.6765687868475283
1,0.5993432959145847,74.05318691232164,5,-0.2980415286837456,0.2039278341043939,0.5497443321017822
1,0.5993432959145847,74.05318691232164,6,-0.33744126202205604,0.1795077807950852,0.41526555271267956
1,0.5993432959145847,74.05318691232164,7,-0.3460051766182845,0.16157421818842996,0.2720295182757012
1,0.5993432959145847,74.05318691232164,8,-0.3386900142918768,0.1520872855487407,0.1856422593788768
1,0.5993432959145847,74.05318691232164,9,-0.3148113938467009,0.1576294683127646,0.22170119213091946
1,0.5993432959145847,74.05318691232164,10,-0.29100547100080587,0.16315477810112203,0.24360587857697455
1,0.5993432959145847,74.05318691232164,11,-0.267263166932922,0.16866532209110463,0.25140555133861053
1,0.5993432959145847,74.05318691232164,12,-0.2435801910678483,0.17416209611712347,0.24513877580850532
1,0.5993432959145847,74.05318691232164,13,-0.2199589891347443,0.17964453253005389,0.22484272241656666
1,0.5993432959145847,74.05318691232164,14,-0.1964072556361193,0.18511084545037726,0.19056318666796276
1,0.5993432959145847,74.05318691232164,15,-0.17838987868500011,0.1859085540925734,0.1710343518574131
1,0.5993432959145847,74.05318691232164,16,-0.16723144111423793,0.1808957051549491,0.1733234112265626
1,0.5993432959145847,74.05318691232164,17,-0.1566525027737992,0.17504182651207717,0.16717690611178507
1,0.5993432959145847,74.05318691232164,18,-0.14754723849849058,0.1660055976622719,0.1654063052019924
1,0.5993432959145847,74.05318691232164,19,-0.1386838159870241,0.15433995781539303,0.16160973887311306
1,0.5993432959145847,74.05318691232164,20,-0.12953439833067376,0.14007678967427203,0.15443830085817856
1,0.5993432959145847,74.05318691232164,21,-0.11985886075912237,0.1239040331180077,0.1413236776148361
1,0.5993432959145847,74.05318691232164,22,-0.11405940993729605,0.1110911660554896,0.14151944001529748
1,0.5993432959145847,74.05318691232164,23,-0.10988770068903471,0.10025107180686733,0.13944734002410528
1,0.5993432959145847,74.05318691232164,24,-0.10831451234155375,0.09091807744365799,0.13755444045349588
1,0.5993432959145847,74.05318691232164,25,-0.10931915270395787,0.08238713208373785,0.13405835121062631
1,0.5993432959145847,74.05318691232164,26,-0.112938757240226,0.07376747785294405,0.12771982689271844
1,0.5993432959145847,74.05318691232164,27,-0.11854896833533414,0.06415004157175619,0.11653546342000423
1,0.5993432959145847,74.05318691232164,28,-0.1251943771652854,0.053496304246149116,0.0975668045775189
1,0.5993432959145847,74.05318691232164,29,-0.1330655232627166,0.05130272360308571,0.10518565462265742
1,0.5993432959145847,74.05318691232164,30,-0.13957923922837315,0.04929221223982317,0.10452508977777172
2,0.28123772454466067,67.16861744972789,1,0.00018811640020286767,0.35644985723620765,0.6789776960888124
2,0.28123772454466067,67.16861744972789,2,-0.046983546262717224,0.34282137421320147,0.8904640100017215
2,0.28123772454466067,67.16861744972789,3,-0.05772362712387142,0.3400130061534316,0.8335530042856275
2,0.28123772454466067,67.16861744972789,4,-0.06842017168872981,0.3372160221740554,0.7628368051501007
2,0.28123772454466067,67.16861744972789,5,-0.0790675679979906,0.33443188971721405,0.6784130268710002
2,0.28123772454466067,67.16861744972789,6,-0.08966030347445088,0.33166205023813905,0.580393520675011
2,0.28123772454466067,67.16861744972789,7,-0.10019298828105551,0.3289079130973771,0.4689038977024486
2,0.28123772454466067,67.16861744972789,8,-0.11066037332847452,0.3261708508520817,0.3440829989887528
2,0.28123772454466067,67.16861744972789,9,-0.12105736522753097,0.323452195346181,0.20608231758568815
2,0.28123772454466067,67.16861744972789,10,-0.1355941216896793,0.3092291942688107,0.1412211789927345
2,0.28123772454466067,67.16861744972789,11,-0.15713130597081368,0.2912677262450488,0.15770933493900277
2,0.28123772454466067,67.16861744972789,12,-0.17861015578071637,0.27335490769774745,0.16010683162226924
2,0.28123772454466067,67.16861744972789,13,-0.20003215047078735,0.2554895048851825,0.14845219719617395
2,0.28123772454466067,67.16861744972789,14,-0.21459211966660852,0.23887957257162967,0.15043280232788522
2,0.28123772454466067,67.16861744972789,15,-0.2270696188993506,0.22267075764999428,0.14668117255683907
2,0.28123772454466067,67.16861744972789,16,-0.23752959505718318,0.20712203726691478,0.13788496346480159
2,0.28123772454466067,67.16861744972789,17,-0.24458188811259188,0.1957859160017113,0.13775143136286888
2,0.28123772454466067,67.16861744972789,18,-0.2490779179994168,0.18693314470795402,0.13800463595230442
2,0.28123772454466067,67.16861744972789,19,-0.2513576112513851,0.18064937072735598,0.13846945218721604
2,0.28123772454466067,67.16861744972789,20,-0.2527263656360862,0.17686903829004214,0.13880162731582887
2,0.28123772454466067,67.16861744972789,21,-0.25328096502326525,0.17540227581412163,0.1389233201363745
2,0.28123772454466067,67.16861744972789,22,-0.2528987227121301,0.17599225596612056,0.13881108254855484
2,0.28123772454466067,67.16861744972789,23,-0.25145861381845125,0.17825582395409686,0.138281425267596
2,0.28123772454466067,67.16861744972789,24,-0.2488759626733067,0.1823236542767602,0.13717237132016927
2,0.28123772454466067,67.16861744972789,25,-0.24499199518656076,0.1884274429021418,0.1351591003654879
2,0.28123772454466067,67.16861744972789,26,-0.23961699636324152,0.1968664684275651,0.13166011399080932
2,0.28123772454466067,67.16861744972789,27,-0.23274049929387913,0.20761598267852488,0.1253897038527532
2,0.28123772454466067,67.16861744972789,28,-0.22466960828452526,0.22017007531018853,0.11400093145555576
2,0.28123772454466067,67.16861744972789,29,-0.21722707262880664,0.2336556828863666,0.10113415810054555
2,0.28123772454466067,67.16861744972789,30,-0.2147945784232474,0.24528207265559965,0.102450008108751
3,0.28123772454466067,67.16861744972789,1,0.00018811640020286767,0.35644985723620765,0.6789776960888124
3,0.28123772454466067,67.16861744972789,2,-0.046983546262717224,0.34282137421320147,0.8904640100017215
3,0.28123772454466067,67.16861744972789,3,-0.05772362712387142,0.3400130061534316,0.8335530042856275
3,0.28123772454466067,67.16861744972789,4,-0.06842017168872981,0.3372160221740554,0.7628368051501007
3,0.28123772454466067,67.16861744972789,5,-0.0790675679979906,0.33443188971721405,0.6784130268710002
3,0.28123772454466067,67.16861744972789,6,-0.08966030347445088,0.33166205023813905,0.580393520675011
3,0.28123772454466067,67.16861744972789,7,-0.10019298828105551,0.3289079130973771,0.4689038977024486
3,0.28123772454466067,67.16861744972789,8,-0.11066037332847452,0.3261708508520817,0.3440829989887528
3,0.28123772454466067,67.16861744972789,9,-0.12105736522753097,0.323452195346181,0.20608231758568815
3,0.28123772454466067,67.16861744972789,10,-0.1355941216896793,0.3092291942688107,0.1412211789927345
3,0.28123772454466067,67.16861744972789,11,-0.15713130597081368,0.2912677262450488,0.15770933493900277
3,0.28123772454466067,67.16861744972789,12,-0.17861015578071637,0.27335490769774745,0.16010683162226924
3,0.28123772454466067,67.16861744972789,13,-0.20003215047078735,0.2554895048851825,0.14845219719617395
3,0.28123772454466067,67.16861744972789,14,-0.21459211966660852,0.23887957257162967,0.15043280232788522
3,0.28123772454466067,67.16861744972789,15,-0.2270696188993506,0.22267075764999428,0.14668117255683907
3,0.28123772454466067,67.16861744972789,16,-0.23752959505718318,0.20712203726691478,0.13788496346480159
3,0.28123772454466067,67.16861744972789,17,-0.24458188811259188,0.1957859160017113,0.13775143136286888
3,0.28123772454466067,67.16861744972789,18,-0.2490779179994168,0.18693314470795402,0.13800463595230442
3,0.28123772454466067,67.16861744972789,19,-0.2513576112513851,0.18064937072735598,0.13846945218721604
3,0.28123772454466067,67.16861744972789,20,-0.2527263656360862,0.17686903829004214,0.13880162731582887
3,0.28123772454466067,67.16861744972789,21,-0.25328096502326525,0.17540227581412163,0.1389233201363745
3,0.28123772454466067,67.16861744972789,22,-0.2528987227121301,0.17599225596612056,0.13881108254855484
3,0.28123772454466067,67.16861744972789,23,-0.25145861381845125,0.17825582395409686,0.138281425267596
3,0.28123772454466067,67.16861744972789,24,-0.2488759626733067,0.1823236542767602,0.13717237132016927
3,0.28123772454466067,67.16861744972789,25,-0.24499199518656076,0.1884274429021418,0.1351591003654879
3,0.28123772454466067,67.16861744972789,26,-0.23961699636324152,0.1968664684275651,0.13166011399080932
3,0.28123772454466067,67.16861744972789,27,-0.23274049929387913,0.20761598267852488,0.1253897038527532
3,0.28123772454466067,67.16861744972789,28,-0.22466960828452526,0.22017007531018853,0.11400093145555576
3,0.28123772454466067,67.16861744972789,29,-0.21722707262880664,0.2336556828863666,0.10113415810054555
3,0.28123772454466067,67.16861744972789,30,-0.2147945784232474,0.24528207265559965,0.102450008108751
4,0.5993432959145847,74.05318691232164,1,0.0010404758303012042,0.34954802468356994,0.677458708406175
4,0.5993432959145847,74.05318691232164,2,-0.06136782785131239,0.3023966565611739,0.8905349983449364
4,0.5993432959145847,74.05318691232164,3,-0.14082005129542322,0.26934031419361315,0.790212700615592
4,0.5993432959145847,74.05318691232164,4,-0.219720657140835,0.23651347402760362,0.6765687868475283
4,0.5993432959145847,74.05318691232164,5,-0.2980415286837456,0.2039278341043939,0.5497443321017822
4,0.5993432959145847,74.05318691232164,6,-0.33744126202205604,0.1795077807950852,0.41526555271267956
4,0.5993432959145847,74.05318691232164,7,-0.3460051766182845,0.16157421818842996,0.2720295182757012
4,0.5993432959145847,74.05318691232164,8,-0.3386900142918768,0.1520872855487407,0.1856422593788768
4,0.5993432959145847,74.05318691232164,9,-0.3148113938467009,0.1576294683127646,0.22170119213091946
4,0.5993432959145847,74.05318691232164,10,-0.29100547100080587,0.16315477810112203,0.24360587857697455
4,0.5993432959145847,74.05318691232164,11,-0.267263166932922,0.16866532209110463,0.25140555133861053
4,0.5993432959145847,74.05318691232164,12,-0.2435801910678483,0.17416209611712347,0.24513877580850532
4,0.5993432959145847,74.05318691232164,13,-0.2199589891347443,0.17964453253005389,0.22484272241656666
4,0.5993432959145847,74.05318691232164,14,-0.1964072556361193,0.18511084545037726,0.19056318666796276
4,0.5993432959145847,74.05318691232164,15,-0.17838987868500011,0.1859085540925734,0.1710343518574131
4,0.5993432959145847,74.05318691232164,16,-0.16723144111423793,0.1808957051549491,0.1733234112265626
4,0.5993432959145847,74.05318691232164,17,-0.1566525027737992,0.17504182651207717,0.16717690611178507
4,0.5993432959145847,74.05318691232164,18,-0.14754723849849058,0.1660055976622719,0.1654063052019924
4,0.5993432959145847,74.05318691232164,19,-0.1386838159870241,0.15433995781539303,0.16160973887311306
4,0.5993432959145847,74.05318691232164,20,-0.12953439833067376,0.14007678967427203,0.15443830085817856
4,0.5993432959145847,74.05318691232164,21,-0.11985886075912237,0.1239040331180077,0.1413236776148361
4,0.5993432959145847,74.05318691232164,22,-0.11405940993729605,0.1110911660554896,0.14151944001529748
4,0.5993432959145847,74.05318691232164,23,-0.10988770068903471,0.10025107180686733,0.13944734002410528
4,0.5993432959145847,74.05318691232164,24,-0.10831451234155375,0.09091807744365799,0.13755444045349588
4,0.5993432959145847,74.05318691232164,25,-0.10931915270395787,0.08238713208373785,0.13405835121062631
4,0.5993432959145847,74.05318691232164,26,-0.112938757240226,0.07376747785294405,0.12771982689271844
4,0.5993432959145847,74.05318691232164,27,-0.11854896833533414,0.06415004157175619,0.11653546342000423
4,0.5993432959145847,74.05318691232164,28,-0.1251943771652854,0.053496304246149116,0.0975668045775189
4,0.5993432959145847,74.05318691232164,29,-0.1330655232627166,0.05130272360308571,0.10518565462265742
4,0.5993432959145847,74.05318691232164,30,-0.13957923922837315,0.04929221223982317,0.10452508977777172
5,0.31382738656385484,65.15857051698323,1,0.00027327073889479175,0.3557439629608549,0.6788213508001076
5,0.31382738656385484,65.15857051698323,2,-0.04669490171912349,0.33962392736727776,0.8888947009835552
5,0.31382738656385484,65.15857051698323,3,-0.05784727618924366,0.3366488073186749,0.8280742145063723
5,0.31382738656385484,65.15857051698323,4,-0.068952703081467,0.3336862114801053,0.7534748463839878
5,0.31382738656385484,65.15857051698323,5,-0.08000538115297703,0.33073768744969323,0.6651982757991325
5,0.31382738656385484,65.15857051698323,6,-0.09099961841624231,0.3278047536795196,0.5633602887929126
5,0.31382738656385484,65.15857051698323,7,-0.10192985510801864,0.32488889334817905,0.4480902859420549
5,0.31382738656385484,65.15857051698323,8,-0.1127906817156905,0.32199154955189085,0.3195307384244336
5,0.31382738656385484,65.15857051698323,9,-0.12357685405022753,0.3191141212834854,0.17783659762765525
5,0.31382738656385484,65.15857051698323,10,-0.14109442913967687,0.3019673250708045,0.14956280062851326
5,0.31382738656385484,65.15857051698323,11,-0.16337529390909003,0.2847778646494275,0.16311712450457297
5,0.31382738656385484,65.15857051698323,12,-0.18559646746406447,0.2676344553925235,0.16258906743278162
5,0.31382738656385484,65.15857051698323,13,-0.20690480021017246,0.25045085430073344,0.15163553849209394
5,0.31382738656385484,65.15857051698323,14,-0.2219826877918582,0.23388181955216636,0.1525485157025776
5,0.31382738656385484,65.15857051698323,15,-0.23483854861307957,0.21782971628669928,0.14836867289248312
5,0.31382738656385484,65.15857051698323,16,-0.24583202540466,0.2020415518450901,0.13754092484523345
5,0.31382738656385484,65.15857051698323,17,-0.25334414683067885,0.19111657859162998,0.138050422442015
5,0.31382738656385484,65.15857051698323,18,-0.25817865755571545,0.18241752775824296,0.13867555222775335
5,0.31382738656385484,65.15857051698323,19,-0.26088372273224375,0.17599664132191767,0.1394692166779741
5,0.31382738656385484,65.15857051698323,20,-0.263001397236147,0.1717788549829439,0.14005759915698043
5,0.31382738656385484,65.15857051698323,21,-0.2645089687765505,0.1692546080401468,0.14047402775493373
5,0.31382738656385484,65.15857051698323,22,-0.26541161617767745,0.1677496619750513,0.1406861522772013
5,0.31382738656385484,65.15857051698323,23,-0.26577351730557425,0.16714718258677494,0.1407657921064212
5,0.31382738656385484,65.15857051698323,24,-0.2656219341463334,0.16740329828023903,0.140742275871089
5,0.31382738656385484,65.15857051698323,25,-0.26494696431703124,0.168535754277752,0.14061078876658287
5,0.31382738656385484,65.15857051698323,26,-0.2637015270034438,0.17062504867010922,0.14033195704337273
5,0.31382738656385484,65.15857051698323,27,-0.2617973614910208,0.17381683707380863,0.1398205992477607
5,0.31382738656385484,65.15857051698323,28,-0.2591050686164389,0.1783294916661068,0.13892534780385038
5,0.31382738656385484,65.15857051698323,29,-0.2554504701618236,0.18445518884304565,0.13738039104225067
5,0.31382738656385484,65.15857051698323,30,-0.25062015947361715,0.19255363643936257,0.13473489278325043
6,0.5993432959145847,74.05318691232164,1,0.0010404758303012042,0.34954802468356994,0.677458708406175
6,0.5993432959145847,74.05318691232164,2,-0.06136782785131239,0.3023966565611739,0.8905349983449364
6,0.5993432959145847,74.05318691232164,3,-0.14082005129542322,0.26934031419361315,0.790212700615592
6,0.5993432959145847,74.05318691232164,4,-0.219720657140835,0.23651347402760362,0.6765687868475283
6,0.5993432959145847,74.05318691232164,5,-0.2980415286837456,0.2039278341043939,0.5497443321017822
6,0.5993432959145847,74.05318691232164,6,-0.33744126202205604,0.1795077807950852,0.41526555271267956
6,0.5993432959145847,74.05318691232164,7,-0.3460051766182845,0.16157421818842996,0.2720295182757012
6,0.5993432959145847,74.05318691232164,8,-0.3386900142918768,0.1520872855487407,0.1856422593788768
6,0.5993432959145847,74.05318691232164,9,-0.3148113938467009,0.1576294683127646,0.22170119213091946
6,0.5993432959145847,74.05318691232164,10,-0.29100547100080587,0.16315477810112203,0.24360587857697455
6,0.5993432959145847,74.05318691232164,11,-0.267263166932922,0.16866532209110463,0.25140555133861053
6,0.5993432959145847,74.05318691232164,12,-0.2435801910678483,0.17416209611712347,0.24513877580850532
6,0.5993432959145847,74.05318691232164,13,-0.2199589891347443,0.17964453253005389,0.22484272241656666
6,0.5993432959145847,74.05318691232164,14,-0.1964072556361193,0.18511084545037726,0.19056318666796276
6,0.5993432959145847,74.05318691232164,15,-0.17838987868500011,0.1859085540925734,0.1710343518574131
6,0.5993432959145847,74.05318691232164,16,-0.16723144111423793,0.1808957051549491,0.1733234112265626
6,0.5993432959145847,74.05318691232164,17,-0.1566525027737992,0.17504182651207717,0.16717690611178507
6,0.5993432959145847,74.05318691232164,18,-0.14754723849849058,0.1660055976622719,0.1654063052019924
6,0.5993432959145847,74.05318691232164,19,-0.1386838159870241,0.15433995781539303,0.16160973887311306
6,0.5993432959145847,74.05318691232164,20,-0.12953439833067376,0.14007678967427203,0.15443830085817856
6,0.5993432959145847,74.05318691232164,21,-0.11985886075912237,0.1239040331180077,0.1413236776148361
6,0.5993432959145847,74.05318691232164,22,-0.11405940993729605,0.1110911660554896,0.14151944001529748
6,0.5993432959145847,74.05318691232164,23,-0.10988770068903471,0.10025107180686733,0.13944734002410528
6,0.5993432959145847,74.05318691232164,24,-0.10831451234155375,0.09091807744365799,0.13755444045349588
6,0.5993432959145847,74.05318691232164,25,-0.10931915270395787,0.08238713208373785,0.13405835121062631
6,0.5993432959145847,74.05318691232164,26,-0.112938757240226,0.07376747785294405,0.12771982689271844
6,0.5993432959145847,74.05318691232164,27,-0.11854896833533414,0.06415004157175619,0.11653546342000423
6,0.5993432959145847,74.05318691232164,28,-0.1251943771652854,0.053496304246149116,0.0975668045775189
6,0.5993432959145847,74.05318691232164,29,-0.1330655232627166,0.05130272360308571,0.10518565462265742
6,0.5993432959145847,74.05318691232164,30,-0.13957923922837315,0.04929221223982317,0.10452508977777172
7,0.31382738656385484,65.15857051698323,1,0.00027327073889479175,0.3557439629608549,0.6788213508001076
7,0.31382738656385484,65.15857051698323,2,-0.04669490171912349,0.33962392736727776,0.8888947009835552
7,0.31382738656385484,65.15857051698323,3,-0.05784727618924366,0.3366488073186749,0.8280742145063723
7,0.31382738656385484,65.15857051698323,4,-0.068952703081467,0.3336862114801053,0.7534748463839878
7,0.31382738656385484,65.15857051698323,5,-0.08000538115297703,0.33073768744969323,0.6651982757991325
7,0.31382738656385484,65.15857051698323,6,-0.09099961841624231,0.3278047536795196,0.5633602887929126
7,0.31382738656385484,65.15857051698323,7,-0.10192985510801864,0.32488889334817905,0.4480902859420549
7,0.31382738656385484,65.15857051698323,8,-0.1127906817156905,0.32199154955189085,0.3195307384244336
7,0.31382738656385484,65.15857051698323,9,-0.12357685405022753,0.3191141212834854,0.17783659762765525
7,0.31382738656385484,65.15857051698323,10,-0.14109442913967687,0.3019673250708045,0.14956280062851326
7,0.31382738656385484,65.15857051698323,11,-0.16337529390909003,0.2847778646494275,0.16311712450457297
7,0.31382738656385484,65.15857051698323,12,-0.18559646746406447,0.2676344553925235,0.16258906743278162
7,0.31382738656385484,65.15857051698323,13,-0.20690480021017246,0.25045085430073344,0.15163553849209394
7,0.31382738656385484,65.15857051698323,14,-0.2219826877918582,0.23388181955216636,0.1525485157025776
7,0.31382738656385484,65.15857051698323,15,-0.23483854861307957,0.21782971628669928,0.14836867289248312
7,0.31382738656385484,65.15857051698323,16,-0.24583202540466,0.2020415518450901,0.13754092484523345
7,0.31382738656385484,65.15857051698323,17,-0.25334414683067885,0.19111657859162998,0.138050422442015
7,0.31382738656385484,65.15857051698323,18,-0.25817865755571545,0.18241752775824296,0.13867555222775335
7,0.31382738656385484,65.15857051698323,19,-0.26088372273224375,0.17599664132191767,0.1394692166779741
7,0.31382738656385484,65.15857051698323,20,-0.263001397236147,0.1717788549829439,0.14005759915698043
7,0.31382738656385484,65.15857051698323,21,-0.2645089687765505,0.1692546080401468,0.14047402775493373
7,0.31382738656385484,65.15857051698323,22,-0.26541161617767745,0.1677496619750513,0.1406861522772013
7,0.31382738656385484,65.15857051698323,23,-0.26577351730557425,0.16714718258677494,0.1407657921064212
7,0.31382738656385484,65.15857051698323,24,-0.2656219341463334,0.16740329828023903,0.140742275871089
7,0.31382738656385484,65.15857051698323,25,-0.26494696431703124,0.168535754277752,0.14061078876658287
7,0.31382738656385484,65.15857051698323,26,-0.2637015270034438,0.17062504867010922,0.14033195704337273
7,0.31382738656385484,65.15857051698323,27,-0.2617973614910208,0.17381683707380863,0.1398205992477607
7,0.31382738656385484,65.15857051698323,28,-0.2591050686164389,0.1783294916661068,0.13892534780385038
7,0.31382738656385484,65.15857051698323,29,-0.2554504701618236,0.18445518884304565,0.13738039104225067
7,0.31382738656385484,65.15857051698323,30,-0.25062015947361715,0.19255363643936257,0.13473489278325043
8,0.5993432959145847,74.05318691232164,1,0.0010404758303012042,0.34954802468356994,0.677458708406175
8,0.5993432959145847,74.05318691232164,2,-0.06136782785131239,0.3023966565611739,0.8905349983449364
8,0.5993432959145847,74.05318691232164,3,-0.14082005129542322,0.26934031419361315,0.790212700615592
8,0.5993432959145847,74.05318691232164,4,-0.219720657140835,0.23651347402760362,0.6765687868475283
8,0.5993432959145847,74.05318691232164,5,-0.2980415286837456,0.2039278341043939,0.5497443321017822
8,0.5993432959145847,74.05318691232164,6,-0.33744126202205604,0.1795077807950852,0.41526555271267956
8,0.5993432959145847,74.05318691232164,7,-0.3460051766182845,0.16157421818842996,0.2720295182757012
8,0.5993432959145847,74.05318691232164,8,-0.3386900142918768,0.1520872855487407,0.1856422593788768
8,0.5993432959145847,74.05318691232164,9,-0.3148113938467009,0.1576294683127646,0.22170119213091946
8,0.5993432959145847,74.05318691232164,10,-0.29100547100080587,0.16315477810112203,0.24360587857697455
8,0.5993432959145847,74.05318691232164,11,-0.267263166932922,0.16866532209110463,0.25140555133861053
8,0.5993432959145847,74.05318691232164,12,-0.2435801910678483,0.17416209611712347,0.24513877580850532
8,0.5993432959145847,74.05318691232164,13,-0.2199589891347443,0.17964453253005389,0.22484272241656666
8,0.5993432959145847,74.05318691232164,14,-0.1964072556361193,0.18511084545037726,0.19056318666796276
8,0.5993432959145847,74.05318691232164,15,-0.17838987868500011,0.1859085540925734,0.1710343518574131
8,0.5993432959145847,74.05318691232164,16,-0.16723144111423793,0.1808957051549491,0.1733234112265626
8,0.5993432959145847,74.05318691232164,17,-0.1566525027737992,0.17504182651207717,0.16717690611178507
8,0.5993432959145847,74.05318691232164,18,-0.14754723849849058,0.1660055976622719,0.1654063052019924
8,0.5993432959145847,74.05318691232164,19,-0.1386838159870241,0.15433995781539303,0.16160973887311306
8,0.5993432959145847,74.05318691232164,20,-0.12953439833067376,0.14007678967427203,0.15443830085817856
8,0.5993432959145847,74.05318691232164,21,-0.11985886075912237,0.1239040331180077,0.1413236776148361
8,0.5993432959145847,74.05318691232164,22,-0.11405940993729605,0.1110911660554896,0.14151944001529748
8,0.5993432959145847,74.05318691232164,23,-0.10988770068903471,0.10025107180686733,0.13944734002410528
8,0.5993432959145847,74.05318691232164,24,-0.10831451234155375,0.09091807744365799,0.13755444045349588
8,0.5993432959145847,74.05318691232164,25,-0.10931915270395787,0.08238713208373785,0.13405835121062631
8,0.5993432959145847,74.05318691232164,26,-0.112938757240226,0.07376747785294405,0.12771982689271844
8,0.5993432959145847,74.05318691232164,27,-0.11854896833533414,0.06415004157175619,0.11653546342000423
8,0.5993432959145847,74.05318691232164,28,-0.1251943771652854,0.053496304246149116,0.0975668045775189
8,0.5993432959145847,74.05318691232164,29,-0.1330655232627166,0.05130272360308571,0.10518565462265742
8,0.5993432959145847,74.05318691232164,30,-0.13957923922837315,0.04929221223982317,0.10452508977777172
9,0.3123185555079947,67.77484280618934,1,0.00026931700862921327,0.3557766505506809,0.6788285855842914
9,0.3123185555079947,67.77484280618934,2,-0.046708211116008536,0.3397721092725865,0.8889672350862143
9,0.3123185555079947,67.77484280618934,3,-0.05784102527064986,0.33680523965049625,0.8283272442174439
9,0.3123185555079947,67.77484280618934,4,-0.06892705443003654,0.33385083812310884,0.7539071297793881
9,0.3123185555079947,67.77484280618934,5,-0.07996050628095352,0.33091044832870675,0.6658083838996921
9,0.3123185555079947,67.77484280618934,6,-0.09093569730366352,0.32798558491235835,0.5641466116759105
9,0.3123185555079947,67.77484280618934,7,-0.10184707575520843,0.3250777274009201,0.4490510395505951
9,0.3123185555079947,67.77484280618934,8,-0.11268923969355447,0.32218831539964354,0.32066397201119873
9,0.3123185555079947,67.77484280618934,9,-0.12345695204442465,0.3193187445768983,0.1791402017677849
9,0.3123185555079947,67.77484280618934,10,-0.1409219977195571,0.3022616644786952,0.15006414706102936
9,0.3123185555079947,67.77484280618934,11,-0.16310907048020917,0.28514888761521,0.1623507869232133
9,0.3123185555079947,67.77484280618934,12,-0.18523705156045728,0.26808168786557635,0.16055858803430706
9,0.3123185555079947,67.77484280618934,13,-0.2058528153769293,0.25128450627637544,0.1506068057083422
9,0.3123185555079947,67.77484280618934,14,-0.22044728228187663,0.23547809062411726,0.15081038891732285
9,0.3123185555079947,67.77484280618934,15,-0.23283707517601562,0.22007664647250746,0.14577343165611478
9,0.3123185555079947,67.77484280618934,16,-0.24306097199289622,0.2057597038524901,0.13739165755262006
9,0.3123185555079947,67.77484280618934,17,-0.25001437372248514,0.19553710306789024,0.13682895935751993
9,0.3123185555079947,67.77484280618934,18,-0.2544839086865039,0.18771789247238857,0.13620158541725802
9,0.3123185555079947,67.77484280618934,19,-0.2566572957807642,0.18238782089791866,0.13523476272270954
9,0.3123185555079947,67.77484280618934,20,-0.2567240993554468,0.1795554954515844,0.13345277819410542
9,0.3123185555079947,67.77484280618934,21,-0.2548476021738067,0.1791038799877567,0.13009229829512692
9,0.3123185555079947,67.77484280618934,22,-0.25118974437958025,0.18068886280644164,0.12375320607168458
9,0.3123185555079947,67.77484280618934,23,-0.24611534949747843,0.1837771477367699,0.1119312578571639
9,0.3123185555079947,67.77484280618934,24,-0.23947581290146552,0.18603989390878103,0.10149389435013761
9,0.3123185555079947,67.77484280618934,25,-0.23262631635061612,0.18511990854952046,0.1019623293348992
9,0.3123185555079947,67.77484280618934,26,-0.22734745459580216,0.1846055804638316,0.09931040724075647
9,0.3123185555079947,67.77484280618934,27,-0.22451077233241032,0.18404964998744539,0.09922295186861627
9,0.3123185555079947,67.77484280618934,28,-0.22420062593787396,0.18366440306298862,0.09947530354456467
9,0.3123185555079947,67.77484280618934,29,-0.22415561698032832,0.18375971604057653,0.09974717325834945
9,0.3123185555079947,67.77484280618934,30,-0.22413463443295958,0.18380431590300927,0.09987544391496918
10,0.28123772454466067,67.16861744972789,1,0.00018811640020286767,0.35644985723620765,0.6789776960888124
10,0.28123772454466067,67.16861744972789,2,-0.046983546262717224,0.34282137421320147,0.8904640100017215
10,0.28123772454466067,67.16861744972789,3,-0.05772362712387142,0.3400130061534316,0.8335530042856275
10,0.28123772454466067,67.16861744972789,4,-0.06842017168872981,0.3372160221740554,0.7628368051501007
10,0.28123772454466067,67.16861744972789,5,-0.0790675679979906,0.33443188971721405,0.6784130268710002
10,0.28123772454466067,67.16861744972789,6,-0.08966030347445088,0.33166205023813905,0.580393520675011
10,0.28123772454466067,67.16861744972789,7,-0.10019298828105551,0.3289079130973771,0.4689038977024486
10,0.28123772454466067,67.16861744972789,8,-0.11066037332847452,0.3261708508520817,0.3440829989887528
10,0.28123772454466067,67.16861744972789,9,-0.12105736522753097,0.323452195346181,0.20608231758568815
10,0.28123772454466067,67.16861744972789,10,-0.1355941216896793,0.3092291942688107,0.1412211789927345
10,0.28123772454466067,67.16861744972789,11,-0.15713130597081368,0.2912677262450488,0.15770933493900277
10,0.28123772454466067,67.16861744972789,12,-0.17861015578071637,0.27335490769774745,0.16010683162226924
10,0.28123772454466067,67.16861744972789,13,-0.20003215047078735,0.2554895048851825,0.14845219719617395
10,0.28123772454466067,67.16861744972789,14,-0.21459211966660852,0.23887957257162967,0.15043280232788522
10,0.28123772454466067,67.16861744972789,15,-0.2270696188993506,0.22267075764999428,0.14668117255683907
10,0.28123772454466067,67.16861744972789,16,-0.23752959505718318,0.20712203726691478,0.13788496346480159
10,0.28123772454466067,67.16861744972789,17,-0.24458188811259188,0.1957859160017113,0.13775143136286888
10,0.28123772454466067,67.16861744972789,18,-0.2490779179994168,0.18693314470795402,0.13800463595230442
10,0.28123772454466067,67.16861744972789,19,-0.2513576112513851,0.18064937072735598,0.13846945218721604
10,0.28123772454466067,67.16861744972789,20,-0.2527263656360862,0.17686903829004214,0.13880162731582887
10,0.28123772454466067,67.16861744972789,21,-0.25328096502326525,0.17540227581412163,0.1389233201363745
10,0.28123772454466067,67.16861744972789,22,-0.2528987227121301,0.17599225596612056,0.13881108254855484
10,0.28123772454466067,67.16861744972789,23,-0.25145861381845125,0.17825582395409686,0.138281425267596
10,0.28123772454466067,67.16861744972789,24,-0.2488759626733067,0.1823236542767602,0.13717237132016927
10,0.28123772454466067,67.16861744972789,25,-0.24499199518656076,0.1884274429021418,0.1351591003654879
10,0.28123772454466067,67.16861744972789,26,-0.23961699636324152,0.1968664684275651,0.13166011399080932
10,0.28123772454466067,67.16861744972789,27,-0.23274049929387913,0.20761598267852488,0.1253897038527532
10,0.28123772454466067,67.16861744972789,28,-0.22466960828452526,0.22017007531018853,0.11400093145555576
10,0.28123772454466067,67.16861744972789,29,-0.21722707262880664,0.2336556828863666,0.10113415810054555
10,0.28123772454466067,67.16861744972789,30,-0.2147945784232474,0.24528207265559965,0.102450008108751
11,0.3123185555079947,67.77484280618934,1,0.00026931700862921327,0.3557766505506809,0.6788285855842914
11,0.3123185555079947,67.77484280618934,2,-0.046708211116008536,0.3397721092725865,0.8889672350862143
11,0.3123185555079947,67.77484280618934,3,-0.05784102527064986,0.33680523965049625,0.8283272442174439
11,0.3123185555079947,67.77484280618934,4,-0.06892705443003654,0.33385083812310884,0.7539071297793881
11,0.3123185555079947,67.77484280618934,5,-0.07996050628095352,0.33091044832870675,0.6658083838996921
11,0.3123185555079947,67.77484280618934,6,-0.09093569730366352,0.32798558491235835,0.5641466116759105
11,0.3123185555079947,67.77484280618934,7,-0.10184707575520843,0.3250777274009201,0.4490510395505951
11,0.3123185555079947,67.77484280618934,8,-0.11268923969355447,0.32218831539964354,0.32066397201119873
11,0.3123185555079947,67.77484280618934,9,-0.12345695204442465,0.3193187445768983,0.1791402017677849
11,0.3123185555079947,67.77484280618934,10,-0.1409219977195571,0.3022616644786952,0.15006414706102936
11,0.3123185555079947,67.77484280618934,11,-0.16310907048020917,0.28514888761521,0.1623507869232133
11,0.3123185555079947,67.77484280618934,12,-0.18523705156045728,0.26808168786557635,0.16055858803430706
11,0.3123185555079947,67.77484280618934,13,-0.2058528153769293,0.25128450627637544,0.1506068057083422
11,0.3123185555079947,67.77484280618934,14,-0.22044728228187663,0.23547809062411726,0.15081038891732285
11,0.3123185555079947,67.77484280618934,15,-0.23283707517601562,0.22007664647250746,0.14577343165611478
11,0.3123185555079947,67.77484280618934,16,-0.24306097199289622,0.2057597038524901,0.13739165755262006
11,0.3123185555079947,67.77484280618934,17,-0.25001437372248514,0.19553710306789024,0.13682895935751993
11,0.3123185555079947,67.77484280618934,18,-0.2544839086865039,0.18771789247238857,0.13620158541725802
11,0.3123185555079947,67.77484280618934,19,-0.2566572957807642,0.18238782089791866,0.13523476272270954
11,0.3123185555079947,67.77484280618934,20,-0.2567240993554468,0.1795554954515844,0.13345277819410542
11,0.3123185555079947,67.77484280618934,21,-0.2548476021738067,0.1791038799877567,0.13009229829512692
11,0.3123185555079947,67.77484280618934,22,-0.25118974437958025,0.18068886280644164,0.12375320607168458
11,0.3123185555079947,67.77484280618934,23,-0.24611534949747843,0.1837771477367699,0.1119312578571639
11,0.3123185555079947,67.77484280618934,24,-0.23947581290146552,0.18603989390878103,0.10149389435013761
11,0.3123185555079947,67.77484280618934,25,-0.23262631635061612,0.18511990854952046,0.1019623293348992
11,0.3123185555079947,67.77484280618934,26,-0.22734745459580216,0.1846055804638316,0.09931040724075647
11,0.3123185555079947,67.77484280618934,27,-0.22451077233241032,0.18404964998744539,0.09922295186861627
11,0.3123185555079947,67.77484280618934,28,-0.22420062593787396,0.18366440306298862,0.09947530354456467
11,0.3123185555079947,67.77484280618934,29,-0.22415561698032832,0.18375971604057653,0.09974717325834945
11,0.3123185555079947,67.77484280618934,30,-0.22413463443295958,0.18380431590300927,0.09987544391496918
12,0.5993432959145847,74.05318691232164,1,0.0010404758303012042,0.34954802468356994,0.677458708406175
12,0.5993432959145847,74.05318691232164,2,-0.06136782785131239,0.3023966565611739,0.8905349983449364
12,0.5993432959145847,74.05318691232164,3,-0.14082005129542322,0.26934031419361315,0.790212700615592
12,0.5993432959145847,74.05318691232164,4,-0.219720657140835,0.23651347402760362,0.6765687868475283
12,0.5993432959145847,74.05318691232164,5,-0.2980415286837456,0.2039278341043939,0.5497443321017822
12,0.5993432959145847,74.05318691232164,6,-0.33744126202205604,0.1795077807950852,0.41526555271267956
12,0.5993432959145847,74.05318691232164,7,-0.3460051766182845,0.16157421818842996,0.2720295182757012
12,0.5993432959145847,74.05318691232164,8,-0.3386900142918768,0.1520872855487407,0.1856422593788768
12,0.5993432959145847,74.05318691232164,9,-0.3148113938467009,0.1576294683127646,0.22170119213091946
12,0.5993432959145847,74.05318691232164,10,-0.29100547100080587,0.16315477810112203,0.24360587857697455
12,0.5993432959145847,74.05318691232164,11,-0.267263166932922,0.16866532209110463,0.25140555133861053
12,0.5993432959145847,74.05318691232164,12,-0.2435801910678483,0.17416209611712347,0.24513877580850532
12,0.5993432959145847,74.05318691232164,13,-0.2199589891347443,0.17964453253005389,0.22484272241656666
12,0.5993432959145847,74.05318691232164,14,-0.1964072556361193,0.18511084545037726,0.19056318666796276
12,0.5993432959145847,74.05318691232164,15,-0.17838987868500011,0.1859085540925734,0.1710343518574131
12,0.5993432959145847,74.05318691232164,16,-0.16723144111423793,0.1808957051549491,0.1733234112265626
12,0.5993432959145847,74.05318691232164,17,-0.1566525027737992,0.17504182651207717,0.16717690611178507
12,0.5993432959145847,74.05318691232164,18,-0.14754723849849058,0.1660055976622719,0.1654063052019924
12,0.5993432959145847,74.05318691232164,19,-0.1386838159870241,0.15433995781539303,0.16160973887311306
12,0.5993432959145847,74.05318691232164,20,-0.12953439833067376,0.14007678967427203,0.15443830085817856
12,0.5993432959145847,74.05318691232164,21,-0.11985886075912237,0.1239040331180077,0.1413236776148361
12,0.5993432959145847,74.05318691232164,22,-0.11405940993729605,0.1110911660554896,0.14151944001529748
12,0.5993432959145847,74.05318691232164,23,-0.10988770068903471,0.10025107180686733,0.13944734002410528
12,0.5993432959145847,74.05318691232164,24,-0.10831451234155375,0.09091807744365799,0.13755444045349588
12,0.5993432959145847,74.05318691232164,25,-0.10931915270395787,0.08238713208373785,0.13405835121062631
12,0.5993432959145847,74.05318691232164,26,-0.112938757240226,0.07376747785294405,0.12771982689271844
12,0.5993432959145847,74.05318691232164,27,-0.11854896833533414,0.06415004157175619,0.11653546342000423
12,0.5993432959145847,74.05318691232164,28,-0.1251943771652854,0.053496304246149116,0.0975668045775189
12,0.5993432959145847,74.05318691232164,29,-0.1330655232627166,0.05130272360308571,0.10518565462265742
12,0.5993432959145847,74.05318691232164,30,-0.13957923922837315,0.04929221223982317,0.10452508977777172
13,0.31382738656385484,65.15857051698323,1,0.00027327073889479175,0.3557439629608549,0.6788213508001076
13,0.31382738656385484,65.15857051698323,2,-0.04669490171912349,0.33962392736727776,0.8888947009835552
13,0.31382738656385484,65.15857051698323,3,-0.05784727618924366,0.3366488073186749,0.8280742145063723
13,0.31382738656385484,65.15857051698323,4,-0.068952703081467,0.3336862114801053,0.7534748463839878
13,0.31382738656385484,65.15857051698323,5,-0.08000538115297703,0.33073768744969323,0.6651982757991325
13,0.31382738656385484,65.15857051698323,6,-0.09099961841624231,0.3278047536795196,0.5633602887929126
13,0.31382738656385484,65.15857051698323,7,-0.10192985510801864,0.32488889334817905,0.4480902859420549
13,0.31382738656385484,65.15857051698323,8,-0.1127906817156905,0.32199154955189085,0.3195307384244336
13,0.31382738656385484,65.15857051698323,9,-0.12357685405022753,0.3191141212834854,0.17783659762765525
13,0.31382738656385484,65.15857051698323,10,-0.14109442913967687,0.3019673250708045,0.14956280062851326
13,0.31382738656385484,65.15857051698323,11,-0.16337529390909003,0.2847778646494275,0.16311712450457297
13,0.31382738656385484,65.15857051698323,12,-0.18559646746406447,0.2676344553925235,0.16258906743278162
13,0.31382738656385484,65.15857051698323,13,-0.20690480021017246,0.25045085430073344,0.15163553849209394
13,0.31382738656385484,65.15857051698323,14,-0.2219826877918582,0.23388181955216636,0.1525485157025776
13,0.31382738656385484,65.15857051698323,15,-0.23483854861307957,0.21782971628669928,0.14836867289248312
13,0.31382738656385484,65.15857051698323,16,-0.24583202540466,0.2020415518450901,0.13754092484523345
13,0.31382738656385484,65.15857051698323,17,-0.25334414683067885,0.19111657859162998,0.138050422442015
13,0.31382738656385484,65.15857051698323,18,-0.25817865755571545,0.18241752775824296,0.13867555222775335
13,0.31382738656385484,65.15857051698323,19,-0.26088372273224375,0.17599664132191767,0.1394692166779741
13,0.31382738656385484,65.15857051698323,20,-0.263001397236147,0.1717788549829439,0.14005759915698043
13,0.31382738656385484,65.15857051698323,21,-0.2645089687765505,0.1692546080401468,0.14047402775493373
13,0.31382738656385484,65.15857051698323,22,-0.26541161617767745,0.1677496619750513,0.1406861522772013
13,0.31382738656385484,65.15857051698323,23,-0.26577351730557425,0.16714718258677494,0.1407657921064212
13,0.31382738656385484,65.15857051698323,24,-0.2656219341463334,0.16740329828023903,0.140742275871089
13,0.31382738656385484,65.15857051698323,25,-0.26494696431703124,0.168535754277752,0.14061078876658287
13,0.31382738656385484,65.15857051698323,26,-0.2637015270034438,0.17062504867010922,0.14033195704337273
13,0.31382738656385484,65.15857051698323,27,-0.2617973614910208,0.17381683707380863,0.1398205992477607
13,0.31382738656385484,65.15857051698323,28,-0.2591050686164389,0.1783294916661068,0.13892534780385038
13,0.31382738656385484,65.15857051698323,29,-0.2554504701618236,0.18445518884304565,0.13738039104225067
13,0.31382738656385484,65.15857051698323,30,-0.25062015947361715,0.19255363643936257,0.13473489278325043
14,0.28123772454466067,67.16861744972789,1,0.00018811640020286767,0.35644985723620765,0.6789776960888124
14,0.28123772454466067,67.16861744972789,2,-0.046983546262717224,0.34282137421320147,0.8904640100017215
14,0.28123772454466067,67.16861744972789,3,-0.05772362712387142,0.3400130061534316,0.8335530042856275
14,0.28123772454466067,67.16861744972789,4,-0.06842017168872981,0.3372160221740554,0.7628368051501007
14,0.28123772454466067,67.16861744972789,5,-0.0790675679979906,0.33443188971721405,0.6784130268710002
14,0.28123772454466067,67.16861744972789,6,-0.08966030347445088,0.33166205023813905,0.580393520675011
14,0.28123772454466067,67.16861744972789,7,-0.10019298828105551,0.3289079130973771,0.4689038977024486
14,0.28123772454466067,67.16861744972789,8,-0.11066037332847452,0.3261708508520817,0.3440829989887528
14,0.28123772454466067,67.16861744972789,9,-0.12105736522753097,0.323452195346181,0.20608231758568815
14,0.28123772454466067,67.16861744972789,10,-0.1355941216896793,0.3092291942688107,0.1412211789927345
14,0.28123772454466067,67.16861744972789,11,-0.15713130597081368,0.2912677262450488,0.15770933493900277
14,0.28123772454466067,67.16861744972789,12,-0.17861015578071637,0.27335490769774745,0.16010683162226924
14,0.28123772454466067,67.16861744972789,13,-0.20003215047078735,0.2554895048851825,0.14845219719617395
14,0.28123772454466067,67.16861744972789,14,-0.21459211966660852,0.23887957257162967,0.15043280232788522
14,0.28123772454466067,67.16861744972789,15,-0.2270696188993506,0.22267075764999428,0.14668117255683907
14,0.28123772454466067,67.16861744972789,16,-0.23752959505718318,0.20712203726691478,0.13788496346480159
14,0.28123772454466067,67.16861744972789,17,-0.24458188811259188,0.1957859160017113,0.13775143136286888
14,0.28123772454466067,67.16861744972789,18,-0.2490779179994168,0.18693314470795402,0.13800463595230442
14,0.28123772454466067,67.16861744972789,19,-0.2513576112513851,0.18064937072735598,0.13846945218721604
14,0.28123772454466067,67.16861744972789,20,-0.2527263656360862,0.17686903829004214,0.13880162731582887
14,0.28123772454466067,67.16861744972789,21,-0.25328096502326525,0.17540227581412163,0.1389233201363745
14,0.28123772454466067,67.16861744972789,22,-0.2528987227121301,0.17599225596612056,0.13881108254855484
14,0.28123772454466067,67.16861744972789,23,-0.25145861381845125,0.17825582395409686,0.138281425267596
14,0.28123772454466067,67.16861744972789,24,-0.2488759626733067,0.1823236542767602,0.13717237132016927
14,0.28123772454466067,67.16861744972789,25,-0.24499199518656076,0.1884274429021418,0.1351591003654879
14,0.28123772454466067,67.16861744972789,26,-0.23961699636324152,0.1968664684275651,0.13166011399080932
14,0.28123772454466067,67.16861744972789,27,-0.23274049929387913,0.20761598267852488,0.1253897038527532
14,0.28123772454466067,67.16861744972789,28,-0.22466960828452526,0.22017007531018853,0.11400093145555576
14,0.28123772454466067,67.16861744972789,29,-0.21722707262880664,0.2336556828863666,0.10113415810054555
14,0.28123772454466067,67.16861744972789,30,-0.2147945784232474,0.24528207265559965,0.102450008108751
15,0.29783862625183893,63.290559345212436,1,0.0002314294335357041,0.35609031577810196,0.6788980343570898
15,0.29783862625183893,63.290559345212436,2,-0.04683616347648365,0.3411934712949311,0.8896639296317667
15,0.29783862625183893,63.290559345212436,3,-0.05778339758022865,0.33830323997908013,0.8307586104952303
15,0.29783862625183893,63.290559345212436,4,-0.06868538466837913,0.335424954542908,0.7580613660631579
15,0.29783862625183893,63.290559345212436,5,-0.07953641740420031,0.3325601218075173,0.6716718876879025
15,0.29783862625183893,63.290559345212436,6,-0.090330892836188,0.32971022103476944,0.5717040379090133
15,0.29783862625183893,63.290559345212436,7,-0.10106333553536809,0.32687669781869655,0.4582853655737796
15,0.29783862625183893,63.290559345212436,8,-0.1117284156041649,0.3240609593308944,0.33155656867396033
15,0.29783862625183893,63.290559345212436,9,-0.12232096368667093,0.3212643703575899,0.1916709100354912
15,0.29783862625183893,63.290559345212436,10,-0.13833256332126653,0.30550535614671925,0.1452524469018942
15,0.29783862625183893,63.290559345212436,11,-0.1602538847071097,0.28790840967686737,0.16064004243656407
15,0.29783862625183893,63.290559345212436,12,-0.18211607602529747,0.27035892880532386,0.16194010469963488
15,0.29783862625183893,63.290559345212436,13,-0.20354610238293291,0.25283688256317766,0.15068939044066806
15,0.29783862625183893,63.290559345212436,14,-0.2183385011973182,0.2360748531074335,0.1521796490299905
15,0.29783862625183893,63.290559345212436,15,-0.23089450389828833,0.2198217291379716,0.14862626190189712
15,0.29783862625183893,63.290559345212436,16,-0.24156596221903912,0.20383485389302722,0.1385156381790048
15,0.29783862625183893,63.290559345212436,17,-0.24862659372258017,0.19241443158887486,0.13895292743863244
15,0.29783862625183893,63.290559345212436,18,-0.2530815934299481,0.1832758360021587,0.1395163155758299
15,0.29783862625183893,63.290559345212436,19,-0.25622286086120327,0.17638512101217999,0.14027247550692504
15,0.29783862625183893,63.290559345212436,20,-0.2589815385334386,0.17142784192355617,0.1408587525328699
15,0.29783862625183893,63.290559345212436,21,-0.2613048015118127,0.1674242669742357,0.1412043891529523
15,0.29783862625183893,63.290559345212436,22,-0.2633447748785638,0.16390059081031633,0.14136964256906903
15,0.29783862625183893,63.290559345212436,23,-0.2652534903956467,0.16059745549332485,0.14141124809319183
15,0.29783862625183893,63.290559345212436,24,-0.26717230102715217,0.15726938466380241,0.14134674860718874
15,0.29783862625183893,63.290559345212436,25,-0.2692466369513863,0.15367181467392474,0.14115958150671332
15,0.29783862625183893,63.290559345212436,26,-0.27162833423875915,0.1495410257810514,0.14079355584173409
15,0.29783862625183893,63.290559345212436,27,-0.27448815792695874,0.14458009745556738,0.1401390604202609
15,0.29783862625183893,63.290559345212436,28,-0.27802423115280506,0.13844670890341987,0.1390004553048181
15,0.29783862625183893,63.290559345212436,29,-0.2824648071288899,0.13074464788748838,0.13704208523339073
15,0.29783862625183893,63.290559345212436,30,-0.2880622489009164,0.12103694371292195,0.1336973826555584
16,0.3123185555079947,67.77484280618934,1,0.00026931700862921327,0.3557766505506809,0.6788285855842914
16,0.3123185555079947,67.77484280618934,2,-0.046708211116008536,0.3397721092725865,0.8889672350862143
16,0.3123185555079947,67.77484280618934,3,-0.05784102527064986,0.33680523965049625,0.8283272442174439
16,0.3123185555079947,67.77484280618934,4,-0.06892705443003654,0.33385083812310884,0.7539071297793881
16,0.3123185555079947,67.77484280618934,5,-0.07996050628095352,0.33091044832870675,0.6658083838996921
16,0.3123185555079947,67.77484280618934,6,-0.09093569730366352,0.32798558491235835,0.5641466116759105
16,0.3123185555079947,67.77484280618934,7,-0.10184707575520843,0.3250777274009201,0.4490510395505951
16,0.3123185555079947,67.77484280618934,8,-0.11268923969355447,0.32218831539964354,0.32066397201119873
16,0.3123185555079947,67.77484280618934,9,-0.12345695204442465,0.3193187445768983,0.1791402017677849
16,0.3123185555079947,67.77484280618934,10,-0.1409219977195571,0.3022616644786952,0.15006414706102936
16,0.3123185555079947,67.77484280618934,11,-0.16310907048020917,0.28514888761521,0.1623507869232133
16,0.3123185555079947,67.77484280618934,12,-0.18523705156045728,0.26808168786557635,0.16055858803430706
16,0.3123185555079947,67.77484280618934,13,-0.2058528153769293,0.25128450627637544,0.1506068057083422
16,0.3123185555079947,67.77484280618934,14,-0.22044728228187663,0.23547809062411726,0.15081038891732285
16,0.3123185555079947,67.77484280618934,15,-0.23283707517601562,0.22007664647250746,0.14577343165611478
16,0.3123185555079947,67.77484280618934,16,-0.24306097199289622,0.2057597038524901,0.13739165755262006
16,0.3123185555079947,67.77484280618934,17,-0.25001437372248514,0.19553710306789024,0.13682895935751993
16,0.3123185555079947,67.77484280618934,18,-0.2544839086865039,0.18771789247238857,0.13620158541725802
16,0.3123185555079947,67.77484280618934,19,-0.2566572957807642,0.18238782089791866,0.13523476272270954
16,0.3123185555079947,67.77484280618934,20,-0.2567240993554468,0.1795554954515844,0.13345277819410542
16,0.3123185555079947,67.77484280618934,21,-0.2548476021738067,0.1791038799877567,0.13009229829512692
16,0.3123185555079947,67.77484280618934,22,-0.25118974437958025,0.18068886280644164,0.12375320607168458
16,0.3123185555079947,67.77484280618934,23,-0.24611534949747843,0.1837771477367699,0.1119312578571639
16,0.3123185555079947,67.77484280618934,24,-0.23947581290146552,0.18603989390878103,0.10149389435013761
16,0.3123185555079947,67.77484280618934,25,-0.23262631635061612,0.18511990854952046,0.1019623293348992
16,0.3123185555079947,67.77484280618934,26,-0.22734745459580216,0.1846055804638316,0.09931040724075647
16,0.3123185555079947,67.77484280618934,27,-0.22451077233241032,0.18404964998744539,0.09922295186861627
16,0.3123185555079947,67.77484280618934,28,-0.22420062593787396,0.18366440306298862,0.09947530354456467
16,0.3123185555079947,67.77484280618934,29,-0.22415561698032832,0.18375971604057653,0.09974717325834945
16,0.3123185555079947,67.77484280618934,30,-0.22413463443295958,0.18380431590300927,0.09987544391496918
17,0.28123772454466067,67.16861744972789,1,0.00018811640020286767,0.35644985723620765,0.6789776960888124
17,0.28123772454466067,67.16861744972789,2,-0.046983546262717224,0.34282137421320147,0.8904640100017215
17,0.28123772454466067,67.16861744972789,3,-0.05772362712387142,0.3400130061534316,0.8335530042856275
17,0.28123772454466067,67.16861744972789,4,-0.06842017168872981,0.3372160221740554,0.7628368051501007
17,0.28123772454466067,67.16861744972789,5,-0.0790675679979906,0.33443188971721405,0.6784130268710002
17,0.28123772454466067,67.16861744972789,6,-0.08966030347445088,0.33166205023813905,0.580393520675011
17,0.28123772454466067,67.16861744972789,7,-0.10019298828105551,0.3289079130973771,0.4689038977024486
17,0.28123772454466067,67.16861744972789,8,-0.11066037332847452,0.3261708508520817,0.3440829989887528
17,0.28123772454466067,67.16861744972789,9,-0.12105736522753097,0.323452195346181,0.20608231758568815
17,0.28123772454466067,67.16861744972789,10,-0.1355941216896793,0.3092291942688107,0.1412211789927345
17,0.28123772454466067,67.16861744972789,11,-0.15713130597081368,0.2912677262450488,0.15770933493900277
17,0.28123772454466067,67.16861744972789,12,-0.17861015578071637,0.27335490769774745,0.16010683162226924
17,0.28123772454466067,67.16861744972789,13,-0.20003215047078735,0.2554895048851825,0.14845219719617395
17,0.28123772454466067,67.16861744972789,14,-0.21459211966660852,0.23887957257162967,0.15043280232788522
17,0.28123772454466067,67.16861744972789,15,-0.2270696188993506,0.22267075764999428,0.14668117255683907
17,0.28123772454466067,67.16861744972789,16,-0.23752959505718318,0.20712203726691478,0.13788496346480159
17,0.28123772454466067,67.16861744972789,17,-0.24458188811259188,0.1957859160017113,0.13775143136286888
17,0.28123772454466067,67.16861744972789,18,-0.2490779179994168,0.18693314470795402,0.13800463595230442
17,0.28123772454466067,67.16861744972789,19,-0.2513576112513851,0.18064937072735598,0.13846945218721604
17,0.28123772454466067,67.16861744972789,20,-0.2527263656360862,0.17686903829004214,0.13880162731582887
17,0.28123772454466067,67.16861744972789,21,-0.25328096502326525,0.17540227581412163,0.1389233201363745
17,0.28123772454466067,67.16861744972789,22,-0.2528987227121301,0.17599225596612056,0.13881108254855484
17,0.28123772454466067,67.16861744972789,23,-0.25145861381845125,0.17825582395409686,0.138281425267596
17,0.28123772454466067,67.16861744972789,24,-0.2488759626733067,0.1823236542767602,0.13717237132016927
17,0.28123772454466067,67.16861744972789,25,-0.24499199518656076,0.1884274429021418,0.1351591003654879
17,0.28123772454466067,67.16861744972789,26,-0.23961699636324152,0.1968664684275651,0.13166011399080932
17,0.28123772454466067,67.16861744972789,27,-0.23274049929387913,0.20761598267852488,0.1253897038527532
17,0.28123772454466067,67.16861744972789,28,-0.22466960828452526,0.22017007531018853,0.11400093145555576
17,0.28123772454466067,67.16861744972789,29,-0.21722707262880664,0.2336556828863666,0.10113415810054555
17,0.28123772454466067,67.16861744972789,30,-0.2147945784232474,0.24528207265559965,0.102450008108751
18,0.5993432959145847,74.05318691232164,1,0.0010404758303012042,0.34954802468356994,0.677458708406175
18,0.5993432959145847,74.05318691232164,2,-0.06136782785131239,0.3023966565611739,0.8905349983449364
18,0.5993432959145847,74.05318691232164,3,-0.14082005129542322,0.26934031419361315,0.790212700615592
18,0.5993432959145847,74.05318691232164,4,-0.219720657140835,0.23651347402760362,0.6765687868475283
18,0.5993432959145847,74.05318691232164,5,-0.2980415286837456,0.2039278341043939,0.5497443321017822
18,0.5993432959145847,74.05318691232164,6,-0.33744126202205604,0.1795077807950852,0.41526555271267956
18,0.5993432959145847,74.05318691232164,7,-0.3460051766182845,0.16157421818842996,0.2720295182757012
18,0.5993432959145847,74.05318691232164,8,-0.3386900142918768,0.1520872855487407,0.1856422593788768
18,0.5993432959145847,74.05318691232164,9,-0.3148113938467009,0.1576294683127646,0.22170119213091946
18,0.5993432959145847,74.05318691232164,10,-0.29100547100080587,0.16315477810112203,0.24360587857697455
18,0.5993432959145847,74.05318691232164,11,-0.267263166932922,0.16866532209110463,0.25140555133861053
18,0.5993432959145847,74.05318691232164,12,-0.2435801910678483,0.17416209611712347,0.24513877580850532
18,0.5993432959145847,74.05318691232164,13,-0.2199589891347443,0.17964453253005389,0.22484272241656666
18,0.5993432959145847,74.05318691232164,14,-0.1964072556361193,0.18511084545037726,0.19056318666796276
18,0.5993432959145847,74.05318691232164,15,-0.17838987868500011,0.1859085540925734,0.1710343518574131
18,0.5993432959145847,74.05318691232164,16,-0.16723144111423793,0.1808957051549491,0.1733234112265626
18,0.5993432959145847,74.05318691232164,17,-0.1566525027737992,0.17504182651207717,0.16717690611178507
18,0.5993432959145847,74.05318691232164,18,-0.14754723849849058,0.1660055976622719,0.1654063052019924
18,0.5993432959145847,74.05318691232164,19,-0.1386838159870241,0.15433995781539303,0.16160973887311306
18,0.5993432959145847,74.05318691232164,20,-0.12953439833067376,0.14007678967427203,0.15443830085817856
18,0.5993432959145847,74.05318691232164,21,-0.11985886075912237,0.1239040331180077,0.1413236776148361
18,0.5993432959145847,74.05318691232164,22,-0.11405940993729605,0.1110911660554896,0.14151944001529748
18,0.5993432959145847,74.05318691232164,23,-0.10988770068903471,0.10025107180686733,0.13944734002410528
18,0.5993432959145847,74.05318691232164,24,-0.10831451234155375,0.09091807744365799,0.13755444045349588
18,0.5993432959145847,74.05318691232164,25,-0.10931915270395787,0.08238713208373785,0.13405835121062631
18,0.5993432959145847,74.05318691232164,26,-0.112938757240226,0.07376747785294405,0.12771982689271844
18,0.5993432959145847,74.05318691232164,27,-0.11854896833533414,0.06415004157175619,0.11653546342000423
18,0.5993432959145847,74.05318691232164,28,-0.1251943771652854,0.053496304246149116,0.0975668045775189
18,0.5993432959145847,74.05318691232164,29,-0.1330655232627166,0.05130272360308571,0.10518565462265742
18,0.5993432959145847,74.05318691232164,30,-0.13957923922837315,0.04929221223982317,0.10452508977777172
19,0.28123772454466067,67.16861744972789,1,0.00018811640020286767,0.35644985723620765,0.6789776960888124
19,0.28123772454466067,67.16861744972789,2,-0.046983546262717224,0.34282137421320147,0.8904640100017215
19,0.28123772454466067,67.16861744972789,3,-0.05772362712387142,0.3400130061534316,0.8335530042856275
19,0.28123772454466067,67.16861744972789,4,-0.06842017168872981,0.3372160221740554,0.7628368051501007
19,0.28123772454466067,67.16861744972789,5,-0.0790675679979906,0.33443188971721405,0.6784130268710002
19,0.28123772454466067,67.16861744972789,6,-0.08966030347445088,0.33166205023813905,0.580393520675011
19,0.28123772454466067,67.16861744972789,7,-0.10019298828105551,0.3289079130973771,0.4689038977024486
19,0.28123772454466067,67.16861744972789,8,-0.11066037332847452,0.3261708508520817,0.3440829989887528
19,0.28123772454466067,67.16861744972789,9,-0.12105736522753097,0.323452195346181,0.20608231758568815
19,0.28123772454466067,67.16861744972789,10,-0.1355941216896793,0.3092291942688107,0.1412211789927345
19,0.28123772454466067,67.16861744972789,11,-0.15713130597081368,0.2912677262450488,0.15770933493900277
19,0.28123772454466067,67.16861744972789,12,-0.17861015578071637,0.27335490769774745,0.16010683162226924
19,0.28123772454466067,67.16861744972789,13,-0.20003215047078735,0.2554895048851825,0.14845219719617395
19,0.28123772454466067,67.16861744972789,14,-0.21459211966660852,0.23887957257162967,0.15043280232788522
19,0.28123772454466067,67.16861744972789,15,-0.2270696188993506,0.22267075764999428,0.14668117255683907
19,0.28123772454466067,67.16861744972789,16,-0.23752959505718318,0.20712203726691478,0.13788496346480159
19,0.28123772454466067,67.16861744972789,17,-0.24458188811259188,0.1957859160017113,0.13775143136286888
19,0.28123772454466067,67.16861744972789,18,-0.2490779179994168,0.18693314470795402,0.13800463595230442
19,0.28123772454466067,67.16861744972789,19,-0.2513576112513851,0.18064937072735598,0.13846945218721604
19,0.28123772454466067,67.16861744972789,20,-0.2527263656360862,0.17686903829004214,0.13880162731582887
19,0.28123772454466067,67.16861744972789,21,-0.25328096502326525,0.17540227581412163,0.1389233201363745
19,0.28123772454466067,67.16861744972789,22,-0.2528987227121301,0.17599225596612056,0.13881108254855484
19,0.28123772454466067,67.16861744972789,23,-0.25145861381845125,0.17825582395409686,0.138281425267596
19,0.28123772454466067,67.16861744972789,24,-0.2488759626733067,0.1823236542767602,0.13717237132016927
19,0.28123772454466067,67.16861744972789,25,-0.24499199518656076,0.1884274429021418,0.1351591003654879
19,0.28123772454466067,67.16861744972789,26,-0.23961699636324152,0.1968664684275651,0.13166011399080932
19,0.28123772454466067,67.16861744972789,27,-0.23274049929387913,0.20761598267852488,0.1253897038527532
19,0.28123772454466067,67.16861744972789,28,-0.22466960828452526,0.22017007531018853,0.11400093145555576
19,0.28123772454466067,67.16861744972789,29,-0.21722707262880664,0.2336556828863666,0.10113415810054555
19,0.28123772454466067,67.16861744972789,30,-0.2147945784232474,0.24528207265559965,0.102450008108751
20,0.31382738656385484,65.15857051698323,1,0.00027327073889479175,0.3557439629608549,0.6788213508001076
20,0.31382738656385484,65.15857051698323,2,-0.04669490171912349,0.33962392736727776,0.8888947009835552
20,0.31382738656385484,65.15857051698323,3,-0.05784727618924366,0.3366488073186749,0.8280742145063723
20,0.31382738656385484,65.15857051698323,4,-0.068952703081467,0.3336862114801053,0.7534748463839878
20,0.31382738656385484,65.15857051698323,5,-0.08000538115297703,0.33073768744969323,0.6651982757991325
20,0.31382738656385484,65.15857051698323,6,-0.09099961841624231,0.3278047536795196,0.5633602887929126
20,0.31382738656385484,65.15857051698323,7,-0.10192985510801864,0.32488889334817905,0.4480902859420549
20,0.31382738656385484,65.15857051698323,8,-0.1127906817156905,0.32199154955189085,0.3195307384244336
20,0.31382738656385484,65.15857051698323,9,-0.12357685405022753,0.3191141212834854,0.17783659762765525
20,0.31382738656385484,65.15857051698323,10,-0.14109442913967687,0.3019673250708045,0.14956280062851326
20,0.31382738656385484,65.15857051698323,11,-0.16337529390909003,0.2847778646494275,0.16311712450457297
20,0.31382738656385484,65.15857051698323,12,-0.18559646746406447,0.2676344553925235,0.16258906743278162
20,0.31382738656385484,65.15857051698323,13,-0.20690480021017246,0.25045085430073344,0.15163553849209394
20,0.31382738656385484,65.15857051698323,14,-0.2219826877918582,0.23388181955216636,0.1525485157025776
20,0.31382738656385484,65.15857051698323,15,-0.23483854861307957,0.21782971628669928,0.14836867289248312
20,0.31382738656385484,65.15857051698323,16,-0.24583202540466,0.2020415518450901,0.13754092484523345
20,0.31382738656385484,65.15857051698323,17,-0.25334414683067885,0.19111657859162998,0.138050422442015
20,0.31382738656385484,65.15857051698323,18,-0.25817865755571545,0.18241752775824296,0.13867555222775335
20,0.31382738656385484,65.15857051698323,19,-0.26088372273224375,0.17599664132191767,0.1394692166779741
20,0.31382738656385484,65.15857051698323,20,-0.263001397236147,0.1717788549829439,0.14005759915698043
20,0.31382738656385484,65.15857051698323,21,-0.2645089687765505,0.1692546080401468,0.14047402775493373
20,0.31382738656385484,65.15857051698323,22,-0.26541161617767745,0.1677496619750513,0.1406861522772013
20,0.31382738656385484,65.15857051698323,23,-0.26577351730557425,0.16714718258677494,0.1407657921064212
20,0.31382738656385484,65.15857051698323,24,-0.2656219341463334,0.16740329828023903,0.140742275871089
20,0.31382738656385484,65.15857051698323,25,-0.26494696431703124,0.168535754277752,0.14061078876658287
20,0.31382738656385484,65.15857051698323,26,-0.2637015270034438,0.17062504867010922,0.14033195704337273
20,0.31382738656385484,65.15857051698323,27,-0.2617973614910208,0.17381683707380863,0.1398205992477607
20,0.31382738656385484,65.15857051698323,28,-0.2591050686164389,0.1783294916661068,0.13892534780385038
20,0.31382738656385484,65.15857051698323,29,-0.2554504701618236,0.18445518884304565,0.13738039104225067
20,0.31382738656385484,65.15857051698323,30,-0.25062015947361715,0.19255363643936257,0.13473489278325043
