particle,elasticity,weight,frame,x,y,z
1,0.6520154538945786,-90.70719821320797,1,0.26635267728701006,0.007853205457425903,0.43627164438887056
1,0.6520154538945786,-90.70719821320797,2,0.2423412592685677,0.008545705517828777,0.3571943092276319
1,0.6520154538945786,-90.70719821320797,3,0.24229646174361452,0.008502129337446276,0.4636698139446901
1,0.6520154538945786,-90.70719821320797,4,0.24225190996056328,0.008458792199141607,0.5555317042045622
1,0.6520154538945786,-90.70719821320797,5,0.24220757675280777,0.008415667676969739,0.6329097630640624
1,0.6520154538945786,-90.70719821320797,6,0.2421634355580286,0.008372729932797373,0.6959159495767122
1,0.6520154538945786,-90.70719821320797,7,0.24211946033545426,0.008329953635819757,0.7446449269881557
1,0.6520154538945786,-90.70719821320797,8,0.24207562548675382,0.00828731388561025,0.7791745049648969
1,0.6520154538945786,-90.70719821320797,9,0.24203190577996553,0.0082447861381227,0.7995660002919684
1,0.6520154538945786,-90.70719821320797,10,0.2419882762759933,0.00820234613419214,0.8058645196169614
1,0.6520154538945786,-90.70719821320797,11,0.24194472025709612,0.008159977611864364,0.7981004516043573
1,0.6520154538945786,-90.70719821320797,12,0.24190125388421152,0.008117696291470612,0.7763040302789208
1,0.6520154538945786,-90.70719821320797,13,0.24185790128610518,0.008075525643938071,0.7405198234380126
1,0.6520154538945786,-90.70719821320797,14,0.2418146863136993,0.00803348886992542,0.6908078569468048
1,0.6520154538945786,-90.70719821320797,15,0.24177163247516195,0.00799160883668204,0.627243350764135
1,0.6520154538945786,-90.70719821320797,16,0.24172876287328168,0.007949908017129793,0.5499163897503917
1,0.6520154538945786,-90.70719821320797,17,0.2416861001454236,0.007908408431456378,0.4589315323011921
1,0.6520154538945786,-90.70719821320797,18,0.2416436664064271,0.007867131591569673,0.3544073603863466
1,0.6520154538945786,-90.70719821320797,19,0.24172755324528564,0.007952172584952365,0.310990829562777
1,0.6520154538945786,-90.70719821320797,20,0.24196387089897678,0.008221779184579952,0.3467571125192938
1,0.6520154538945786,-90.70719821320797,21,0.2421995561490634,0.00849066429690968,0.36838060760511226
1,0.6520154538945786,-90.70719821320797,22,0.24243474350663635,0.008758981380971087,0.37590782703775466
1,0.6520154538945786,-90.70719821320797,23,0.24266953316672185,0.009026844745788073,0.3693701553009517
1,0.6520154538945786,-90.70719821320797,24,0.24290385099247136,0.009294169811206265,0.34879698315504776
1,0.6520154538945786,-90.70719821320797,25,0.2431375668810103,0.009560808147376752,0.3142315188385056
1,0.6520154538945786,-90.70719821320797,26,0.2354178681581676,0.009226376583389708,0.3063369872892959
1,0.6520154538945786,-90.70719821320797,27,0.22463166801429446,0.008817743763749799,0.30898856656237883
1,0.6520154538945786,-90.70719821320797,28,0.21505355414038282,0.008638404247859343,0.3038017501921974
1,0.6520154538945786,-90.70719821320797,29,0.2076769429804262,0.007162473575441752,0.30022004060828783
1,0.6520154538945786,-90.70719821320797,30,0.20320334747126284,0.005391503726977246,0.29989868986507456
2,0.620007148338508,-93.32251193402132,1,0.26635267728701006,0.007853205457425903,0.43627164438887056
2,0.620007148338508,-93.32251193402132,2,0.24233994411105506,0.008544907813958384,0.3540592577267916
2,0.620007148338508,-93.32251193402132,3,0.24229278207434585,0.008499894577942238,0.4549365898384374
2,0.620007148338508,-93.32251193402132,4,0.242245868283645,0.008455118277328895,0.5412520195127197
2,0.620007148338508,-93.32251193402132,5,0.24219917433039445,0.008410551797913396,0.6131284538693411
2,0.620007148338508,-93.32251193402132,6,0.24215267240976365,0.008366168601711174,0.6706711882369983
2,0.620007148338508,-93.32251193402132,7,0.24210633523489566,0.008321942645111484,0.7139684009324814
2,0.620007148338508,-93.32251193402132,8,0.24206013595473888,0.008277848300452535,0.7430915638731216
2,0.620007148338508,-93.32251193402132,9,0.24201404807486104,0.00823386028044363,0.7580957731222043
2,0.620007148338508,-93.32251193402132,10,0.2419680458392575,0.008189954002577354,0.7590200274241524
2,0.620007148338508,-93.32251193402132,11,0.24192212438805746,0.008146124828408817,0.7458920107928139
2,0.620007148338508,-93.32251193402132,12,0.2418763072731649,0.008102395236768103,0.7187468250412811
2,0.620007148338508,-93.32251193402132,13,0.24183061984833534,0.008058789426240805,0.6776349690982881
2,0.620007148338508,-93.32251193402132,14,0.2417850871477391,0.00801533129038826,0.6226223070027513
2,0.620007148338508,-93.32251193402132,15,0.2417397338183852,0.007972044353250362,0.553789778696448
2,0.620007148338508,-93.32251193402132,16,0.24169458405504082,0.007928951707230292,0.47123304669482774
2,0.620007148338508,-93.32251193402132,17,0.24164966153802286,0.007886075953720349,0.37506208189044327
2,0.620007148338508,-93.32251193402132,18,0.2416701270232999,0.007900419062182154,0.30059805384277855
2,0.620007148338508,-93.32251193402132,19,0.24190877149514012,0.008169233912817285,0.335428096358905
2,0.620007148338508,-93.32251193402132,20,0.242146786236244,0.008437339419663653,0.35611892236490655
2,0.620007148338508,-93.32251193402132,21,0.24238430700954988,0.008704888509347636,0.36271597991550936
2,0.620007148338508,-93.32251193402132,22,0.24262142712596735,0.008971986289513385,0.355249891454833
2,0.620007148338508,-93.32251193402132,23,0.24285806196608697,0.009238537442830725,0.3337506758716714
2,0.620007148338508,-93.32251193402132,24,0.24309408018625467,0.009504394020660957,0.29826257072585954
2,0.620007148338508,-93.32251193402132,25,0.24211275032943375,0.00986583864043963,0.3072374002862859
2,0.620007148338508,-93.32251193402132,26,0.24113310158713222,0.01022666407005096,0.3021445899409272
2,0.620007148338508,-93.32251193402132,27,0.24167141785413873,0.010916213240804305,0.2999636088039117
2,0.620007148338508,-93.32251193402132,28,0.24183887512363916,0.011017953454667174,0.29978487524278413
2,0.620007148338508,-93.32251193402132,29,0.24195906095076003,0.010930960841819746,0.299886088501036
2,0.620007148338508,-93.32251193402132,30,0.24201588547879113,0.01088989113319614,0.2999338436981482
3,0.6054179153073991,-93.69236750214185,1,0.26635267728701006,0.007853205457425903,0.43627164438887056
3,0.6054179153073991,-93.69236750214185,2,0.2423422834283824,0.008546233586571797,0.3526294952416554
3,0.6054179153073991,-93.69236750214185,3,0.24229930986387088,0.008503592644686545,0.45095309049871923
3,0.6054179153073991,-93.69236750214185,4,0.24225655814672675,0.0084611718330327,0.5347375503378893
3,0.6054179153073991,-93.69236750214185,5,0.24221400246839536,0.00841894554281811,0.6041026654415538
3,0.6054179153073991,-93.69236750214185,6,0.24217161755703623,0.00837688869781071,0.6591507074182211
3,0.6054179153073991,-93.69236750214185,7,0.24212937859992323,0.008334976677338967,0.6999669085428294
3,0.6054179153073991,-93.69236750214185,8,0.24208726116901266,0.008293185242436428,0.7266198581095994
3,0.6054179153073991,-93.69236750214185,9,0.2420452411491427,0.00825149046459659,0.7391618193468513
3,0.6054179153073991,-93.69236750214185,10,0.242003295954469,0.008209869932793469,0.7376290887840294
3,0.6054179153073991,-93.69236750214185,11,0.24196142732602863,0.00816832537458807,0.7220491964303776
3,0.6054179153073991,-93.69236750214185,12,0.24191965791784834,0.008126879268661225,0.6924598391857213
3,0.6054179153073991,-93.69236750214185,13,0.24187801080794716,0.008085554514404267,0.6489142183414446
3,0.6054179153073991,-93.69236750214185,14,0.24183650877193438,0.008044373711139308,0.5914808545204716
3,0.6054179153073991,-93.69236750214185,15,0.24179517422175534,0.008003359097339607,0.5202432870569387
3,0.6054179153073991,-93.69236750214185,16,0.24175402914676736,0.007962532492161032,0.4352997097830909
3,0.6054179153073991,-93.69236750214185,17,0.24171309505749405,0.007921915239632166,0.3367625465718228
3,0.6054179153073991,-93.69236750214185,18,0.24181530589968075,0.008032731887549447,0.31152718466966484
3,0.6054179153073991,-93.69236750214185,19,0.24202783301049946,0.008284982091158957,0.34170323917244827
3,0.6054179153073991,-93.69236750214185,20,0.24223983871758403,0.008536613436319816,0.3577567950565699
3,0.6054179153073991,-93.69236750214185,21,0.24245144253989032,0.008787767781079309,0.3597280292890325
3,0.6054179153073991,-93.69236750214185,22,0.2426626796381495,0.00903848685800316,0.34764491247647145
3,0.6054179153073991,-93.69236750214185,23,0.24287344556589074,0.009288646698702404,0.3215414908910097
3,0.6054179153073991,-93.69236750214185,24,0.24262194784932634,0.009530922156324801,0.3007358029043491
3,0.6054179153073991,-93.69236750214185,25,0.24207909331756292,0.007906457478738372,0.30193191874436087
3,0.6054179153073991,-93.69236750214185,26,0.2415908607909588,0.008372203871220597,0.29994651211323636
3,0.6054179153073991,-93.69236750214185,27,0.24157120418797448,0.008431086248695529,0.2999627117205055
3,0.6054179153073991,-93.69236750214185,28,0.24156281610442437,0.00844349257332522,0.2999698872429312
3,0.6054179153073991,-93.69236750214185,29,0.24155868740123046,0.008447799937008827,0.29997396271539184
3,0.6054179153073991,-93.69236750214185,30,0.24155697404996043,0.008448919530759954,0.29997544211327465
4,0.6007221074101355,-89.23267643913283,1,0.26635267728701006,0.007853205457425903,0.43627164438887056
4,0.6007221074101355,-89.23267643913283,2,0.24233139512778754,0.008564624725019704,0.35217133108811693
4,0.6007221074101355,-89.23267643913283,3,0.2422689072994733,0.008554941859984608,0.4496765009022133
4,0.6007221074101355,-89.23267643913283,4,0.24220674003100198,0.008545308667626228,0.5326497226034149
4,0.6007221074101355,-89.23267643913283,5,0.24214485582954032,0.008535719338204427,0.6012097907136699
4,0.6007221074101355,-89.23267643913283,6,0.24208321797646662,0.008526168181947808,0.6554580098562279
4,0.6007221074101355,-89.23267643913283,7,0.24202179041477892,0.008516649611606933,0.6954786697025153
4,0.6007221074101355,-89.23267643913283,8,0.24196053764106604,0.008507158125714596,0.7213394367757718
4,0.6007221074101355,-89.23267643913283,9,0.24189942460127015,0.008497688292433582,0.7330916670131327
4,0.6007221074101355,-89.23267643913283,10,0.2418384191584977,0.008488235131958849,0.7307708180980595
4,0.6007221074101355,-89.23267643913283,11,0.2417775266967886,0.008478799478579772,0.7144045239478302
4,0.6007221074101355,-89.23267643913283,12,0.24171678044670655,0.008469386481572175,0.6840313373604493
4,0.6007221074101355,-89.23267643913283,13,0.24165621395393364,0.008460001339041377,0.6397053251341647
4,0.6007221074101355,-89.23267643913283,14,0.2415958603192132,0.008450649180146734,0.5814958582811817
4,0.6007221074101355,-89.23267643913283,15,0.2415357521094275,0.008441335051322633,0.5094873077635915
4,0.6007221074101355,-89.23267643913283,16,0.24147592127209372,0.008432063903029129,0.4237786768099028
4,0.6007221074101355,-89.23267643913283,17,0.24141639905378587,0.008422840577110898,0.3244831731903925
4,0.6007221074101355,-89.23267643913283,18,0.2407747086789298,-0.000407321037244125,0.3068962368819085
4,0.6007221074101355,-89.23267643913283,19,0.23736756046975746,-0.014877548466691473,0.32000330367400714
4,0.6007221074101355,-89.23267643913283,20,0.2334956251092282,-0.025991577067862,0.3272175650718202
4,0.6007221074101355,-89.23267643913283,21,0.229775216970873,-0.03331124937566805,0.3306417037255238
4,0.6007221074101355,-89.23267643913283,22,0.22651613133347143,-0.03750485650804822,0.33095398614244836
4,0.6007221074101355,-89.23267643913283,23,0.2232551630744818,-0.03861100377973476,0.3287374497969858
4,0.6007221074101355,-89.23267643913283,24,0.21799983383590338,-0.03596422961633922,0.3251216937760216
4,0.6007221074101355,-89.23267643913283,25,0.21219888262384473,-0.030486418015894967,0.320005993659553
4,0.6007221074101355,-89.23267643913283,26,0.20648134415591332,-0.022496840634795234,0.3127195222430382
4,0.6007221074101355,-89.23267643913283,27,0.20129340005584523,-0.012042892199533388,0.30286484725455054
4,0.6007221074101355,-89.23267643913283,28,0.1982336960489433,-0.0027979785868242294,0.30097158671115914
4,0.6007221074101355,-89.23267643913283,29,0.19628570495129805,0.003584167739411331,0.30016813523522096
4,0.6007221074101355,-89.23267643913283,30,0.1955934895848883,0.007279287842551484,0.29996390802525497
5,0.6315833496209952,-93.8677832820556,1,0.26635267728701006,0.007853205457425903,0.43627164438887056
5,0.6315833496209952,-93.8677832820556,2,0.24234784403128173,0.00855880928803625,0.355190152462739
5,0.6315833496209952,-93.8677832820556,3,0.2423148402080813,0.008538707835980925,0.45808711716707995
5,0.6315833496209952,-93.8677832820556,4,0.24228201274931147,0.008518713801212479,0.5464038090762169
5,0.6315833496209952,-93.8677832820556,5,0.2422493417270346,0.008498815046334634,0.6202656088085753
5,0.6315833496209952,-93.8677832820556,6,0.24221680764396622,0.008478999696246508,0.679780210056333
5,0.6315833496209952,-93.8677832820556,7,0.24218439137312867,0.008459256101387905,0.7250381263476214
5,0.6315833496209952,-93.8677832820556,8,0.24215207410007164,0.008439572802547963,0.756113113007332
5,0.6315833496209952,-93.8677832820556,9,0.24211983726722577,0.008419938496972755,0.7730625085362672
5,0.6315833496209952,-93.8677832820556,10,0.24208766259468859,0.008400342051025434,0.7759275022107835
5,0.6315833496209952,-93.8677832820556,11,0.24205554310392624,0.008380779214329812,0.7647364025851375
5,0.6315833496209952,-93.8677832820556,12,0.24202349411008728,0.008361259314796834,0.7395223862847481
5,0.6315833496209952,-93.8677832820556,13,0.24199153336901083,0.008341793166875123,0.7003338134603269
5,0.6315833496209952,-93.8677832820556,14,0.24195967841967317,0.008322391452929841,0.6472344440813415
5,0.6315833496209952,-93.8677832820556,15,0.24192794653673808,0.008303064694342758,0.5803031577993438
5,0.6315833496209952,-93.8677832820556,16,0.241896354684798,0.008283823223642354,0.4996336092838438
5,0.6315833496209952,-93.8677832820556,17,0.24186491947458358,0.008264677157832434,0.4053338222099312
5,0.6315833496209952,-93.8677832820556,18,0.24183365712140348,0.008245636373079387,0.2975257255996875
5,0.6315833496209952,-93.8677832820556,19,0.242005141306046,0.008340524742904585,0.3318806024589673
5,0.6315833496209952,-93.8677832820556,20,0.2421761762386874,0.008435164525432248,0.35209805048882364
5,0.6315833496209952,-93.8677832820556,21,0.24234685946653756,0.008529609697043654,0.3582229778741681
5,0.6315833496209952,-93.8677832820556,22,0.2425172550635255,0.008623895712149285,0.3502856424882724
5,0.6315833496209952,-93.8677832820556,23,0.24268729876790954,0.008717987012415131,0.32831640911213694
5,0.6315833496209952,-93.8677832820556,24,0.24278391925955767,0.008773453739979961,0.29882183624990366
5,0.6315833496209952,-93.8677832820556,25,0.24229703377904585,0.008522050924831192,0.3069950772113165
5,0.6315833496209952,-93.8677832820556,26,0.2418109750474203,0.008271075000616232,0.30110220811633265
5,0.6315833496209952,-93.8677832820556,27,0.2423098972776266,0.008502131329953885,0.2999771908875356
5,0.6315833496209952,-93.8677832820556,28,0.24232671283868365,0.008492777849072241,0.29997229218297433
5,0.6315833496209952,-93.8677832820556,29,0.24231590335412917,0.008497111750159842,0.2999718514662241
5,0.6315833496209952,-93.8677832820556,30,0.24231455993962223,0.00850041536144478,0.2999730948661847
6,0.6066362308639548,-94.62054966473121,1,0.26635267728701006,0.007853205457425903,0.43627164438887056
6,0.6066362308639548,-94.62054966473121,2,0.24234775278841586,0.008558494577238453,0.3527464044923612
6,0.6066362308639548,-94.62054966473121,3,0.24231458095113112,0.008537826401702647,0.45127882981165796
6,0.6066362308639548,-94.62054966473121,4,0.24228158063533908,0.008517265095023345,0.5352702773550752
6,0.6066362308639548,-94.62054966473121,5,0.24224873191427534,0.008496798241552316,0.6048407921859216
6,0.6066362308639548,-94.62054966473121,6,0.2422160152763149,0.00847641368429962,0.6600928928075848
6,0.6066362308639548,-94.62054966473121,7,0.24218341156503664,0.008456099487590116,0.701112052128951
6,0.6066362308639548,-94.62054966473121,8,0.24215090192173835,0.008435843901246532,0.7279670949796272
6,0.6066362308639548,-94.62054966473121,9,0.2421184677299764,0.008415635326034234,0.7407105161365999
6,0.6066362308639548,-94.62054966473121,10,0.2420860914873698,0.008395462856850817,0.7393788288615489
6,0.6066362308639548,-94.62054966473121,11,0.24205377414609594,0.008375327086963707,0.7239995484354588
6,0.6066362308639548,-94.62054966473121,12,0.24202153313195665,0.008355238873761535,0.6946101547297747
6,0.6066362308639548,-94.62054966473121,13,0.24198938626077757,0.008335209317642788,0.6512636281471562
6,0.6066362308639548,-94.62054966473121,14,0.24195735111563949,0.00831524937399102,0.5940282722446814
6,0.6066362308639548,-94.62054966473121,15,0.24192544499958762,0.008295369823709703,0.5229874140443577
6,0.6066362308639548,-94.62054966473121,16,0.2418936848901258,0.00827558124486919,0.438239040706913
6,0.6066362308639548,-94.62054966473121,17,0.24186208739577295,0.008255893985638708,0.3398953759096608
6,0.6066362308639548,-94.62054966473121,18,0.2419385385150071,0.00830720988434232,0.31347376288649637
6,0.6066362308639548,-94.62054966473121,19,0.24210032743609788,0.008418779086362215,0.34137279604030146
6,0.6066362308639548,-94.62054966473121,20,0.24226173412344218,0.008530084701025275,0.35515688284643065
6,0.6066362308639548,-94.62054966473121,21,0.24242284734025346,0.008641187939203163,0.35486366949347714
6,0.6066362308639548,-94.62054966473121,22,0.24258367242561726,0.008752092482714868,0.3405206741868366
6,0.6066362308639548,-94.62054966473121,23,0.24274412431127504,0.008862739668719543,0.31216426826405785
6,0.6066362308639548,-94.62054966473121,24,0.24374664181713038,0.00713358400735322,0.3011627500187382
6,0.6066362308639548,-94.62054966473121,25,0.2464136398551767,0.005416925155090024,0.30321844623980676
6,0.6066362308639548,-94.62054966473121,26,0.24577249243703708,0.007131434950025466,0.3012985098009503
6,0.6066362308639548,-94.62054966473121,27,0.24453244459833354,0.009904078753917928,0.30027919621173327
6,0.6066362308639548,-94.62054966473121,28,0.244280116836882,0.010463493131923938,0.299965563623091
6,0.6066362308639548,-94.62054966473121,29,0.24427056318995113,0.010464330759242248,0.29997165094609823
6,0.6066362308639548,-94.62054966473121,30,0.2442618509666892,0.010461637490908877,0.2999741706528871
7,0.6083842593132697,-93.94602144508569,1,0.26635267728701006,0.007853205457425903,0.43627164438887056
7,0.6083842593132697,-93.94602144508569,2,0.2423487793642706,0.008558676809724518,0.35291731549750727
7,0.6083842593132697,-93.94602144508569,3,0.24231744751614306,0.008538335400602134,0.4517550269836022
7,0.6083842593132697,-93.94602144508569,4,0.2422862780548125,0.008518099416996305,0.5360490611090629
7,0.6083842593132697,-93.94602144508569,5,0.24225525215216032,0.008497956635227717,0.6059198349619958
7,0.6083842593132697,-93.94602144508569,6,0.2422243513733456,0.008477895086942704,0.661470228095989
7,0.6083842593132697,-93.94602144508569,7,0.24219355762014827,0.008457903022330012,0.7027860652879999
7,0.6083842593132697,-93.94602144508569,8,0.24216285307663402,0.008437968874845415,0.7299365157540103
7,0.6083842593132697,-93.94602144508569,9,0.24213222015673974,0.008418081227182678,0.7429744128019603
7,0.6083842593132697,-93.94602144508569,10,0.24210164223877303,0.008398229288128854,0.741936587992523
7,0.6083842593132697,-93.94602144508569,11,0.24207111968053463,0.008378413289977016,0.7268505439288293
7,0.6083842593132697,-93.94602144508569,12,0.24204066885373754,0.008358643861647284,0.6977534446540854
7,0.6083842593132697,-93.94602144508569,13,0.24201030658816106,0.00833893192944782,0.6546979476245776
7,0.6083842593132697,-93.94602144508569,14,0.2419800494947234,0.008319288277596738,0.5977520390140562
7,0.6083842593132697,-93.94602144508569,15,0.2419499139207877,0.008299723519205588,0.5269987353858293
7,0.6083842593132697,-93.94602144508569,16,0.24191991590714718,0.008280248068353245,0.44253572166411304
7,0.6083842593132697,-93.94602144508569,17,0.24189007114695313,0.008260872113420884,0.3444749287342623
7,0.6083842593132697,-93.94602144508569,18,0.24196222711064355,0.008284790989656435,0.31630794895896625
7,0.6083842593132697,-93.94602144508569,19,0.2421155640450269,0.008343160279595203,0.3408521562593631
7,0.6083842593132697,-93.94602144508569,20,0.24226855922027546,0.008401399475384711,0.35129178990948207
7,0.6083842593132697,-93.94602144508569,21,0.24242128959123663,0.008459537870683527,0.34766095667758445
7,0.6083842593132697,-93.94602144508569,22,0.242573730066599,0.00851756591422445,0.3299876259199703
7,0.6083842593132697,-93.94602144508569,23,0.24272579656610827,0.00857545159998914,0.29831178767233735
7,0.6083842593132697,-93.94602144508569,24,0.24230094700337437,0.0083728456964213,0.30573020174369975
7,0.6083842593132697,-93.94602144508569,25,0.2418768159503275,0.008170582441915944,0.29908392893743957
7,0.6083842593132697,-93.94602144508569,26,0.24219663052889176,0.008308411958825705,0.2999315933945382
7,0.6083842593132697,-93.94602144508569,27,0.24216873777954248,0.008277716284708239,0.29994892522044353
7,0.6083842593132697,-93.94602144508569,28,0.2421659500434753,0.008263336406423386,0.2999631435942135
7,0.6083842593132697,-93.94602144508569,29,0.2421643959665491,0.008256269409778154,0.29996980274267043
7,0.6083842593132697,-93.94602144508569,30,0.2421635297093004,0.008252780342241157,0.2999729120216876
8,0.5988290448001328,-94.9136451621776,1,0.26635267728701006,0.007853205457425903,0.43627164438887056
8,0.5988290448001328,-94.9136451621776,2,0.2423619560696108,0.008559731596739473,0.35197882633725414
8,0.5988290448001328,-94.9136451621776,3,0.24235423710007103,0.00854127944973388,0.4491401096201081
8,0.5988290448001328,-94.9136451621776,4,0.2423465576232247,0.008522921709757896,0.5317724490288918
8,0.5988290448001328,-94.9136451621776,5,0.2423389130094985,0.008504647309846002,0.5999942208889697
8,0.5988290448001328,-94.9136451621776,6,0.24233129872463202,0.00848644541087822,0.653906323808257
8,0.5988290448001328,-94.9136451621776,7,0.2423237103157823,0.00846830536836187,0.6935926516137151
8,0.5988290448001328,-94.9136451621776,8,0.24231614339818783,0.008450216700553043,0.7191204832464385
8,0.5988290448001328,-94.9136451621776,9,0.2423085936422946,0.008432169057680445,0.7305407934970078
8,0.5988290448001328,-94.9136451621776,10,0.24230105711548808,0.00841415303885459,0.727888693062663
8,0.5988290448001328,-94.9136451621776,11,0.24229353463089184,0.00839617058784215,0.7111918814019832
8,0.5988290448001328,-94.9136451621776,12,0.2422860303079451,0.008378231552135797,0.6804892731140468
8,0.5988290448001328,-94.9136451621776,13,0.24227854828983975,0.008360345836009175,0.6358352985793603
8,0.5988290448001328,-94.9136451621776,14,0.2422710926645294,0.008342523211689141,0.577299685975942
8,0.5988290448001328,-94.9136451621776,15,0.24226366745375685,0.008324773293126052,0.5049671554862903
8,0.5988290448001328,-94.9136451621776,16,0.24225627660250246,0.008307105510769845,0.41893705015835186
8,0.5988290448001328,-94.9136451621776,17,0.24224892396891792,0.00828952908750757,0.3193229068111803
8,0.5988290448001328,-94.9136451621776,18,0.2422728092046174,0.008319037315981666,0.3216472458557323
8,0.5988290448001328,-94.9136451621776,19,0.24230553601812915,0.00836188120816185,0.3428862846522716
8,0.5988290448001328,-94.9136451621776,20,0.24233819420342825,0.008404635256589242,0.3500300921861963
8,0.5988290448001328,-94.9136451621776,21,0.2423707972635026,0.008447317138528915,0.34310972912991566
8,0.5988290448001328,-94.9136451621776,22,0.2424033343177945,0.008489912609837032,0.3221548331303558
8,0.5988290448001328,-94.9136451621776,23,0.2424043932976661,0.00847980365234638,0.2993552520171496
8,0.5988290448001328,-94.9136451621776,24,0.2422956623843833,0.008285790917144611,0.3050335756379686
8,0.5988290448001328,-94.9136451621776,25,0.24223547963080377,0.00816843737255125,0.3004226846997317
8,0.5988290448001328,-94.9136451621776,26,0.2422910061063684,0.008274315280164417,0.2999774303474354
8,0.5988290448001328,-94.9136451621776,27,0.24229028890662835,0.008271341362774198,0.29997629742500026
8,0.5988290448001328,-94.9136451621776,28,0.24229000097224473,0.00827010110911918,0.29997553853038506
8,0.5988290448001328,-94.9136451621776,29,0.24228996152615964,0.008269269250925759,0.29997516421238457
8,0.5988290448001328,-94.9136451621776,30,0.24228973460942077,0.008269116919596439,0.29997500176909225
9,0.6350470036197757,-93.88710351738331,1,0.26635267728701006,0.007853205457425903,0.43627164438887056
9,0.6350470036197757,-93.88710351738331,2,0.24234798445163686,0.008558159411239972,0.3555293648679303
9,0.6350470036197757,-93.88710351738331,3,0.2423152328563969,0.008536893899256206,0.45903206959796383
9,0.6350470036197757,-93.88710351738331,4,0.2422826570642524,0.008515742535691966,0.5479489289320483
9,0.6350470036197757,-93.88710351738331,5,0.2422502372851969,0.00849469247095574,0.6224060669046046
9,0.6350470036197757,-93.88710351738331,6,0.24221795415902242,0.008473731134522882,0.6825118977761021
9,0.6350470036197757,-93.88710351738331,7,0.2421857886953333,0.008452846195986833,0.7283576364050472
9,0.6350470036197757,-93.88710351738331,8,0.24215372221612566,0.008432025527775958,0.7600177236249945
9,0.6350470036197757,-93.88710351738331,9,0.24212173630049927,0.008411257169255337,0.777550170882579
9,0.6350470036197757,-93.88710351738331,10,0.2420898127703795,0.008390529317455986,0.7809968290745374
9,0.6350470036197757,-93.88710351738331,11,0.24205794370547604,0.008369836829757251,0.7703862765202131
9,0.6350470036197757,-93.88710351738331,12,0.2420261438501411,0.008349189279622577,0.745751142840188
9,0.6350470036197757,-93.88710351738331,13,0.24199443082824837,0.008328598110179991,0.707139146472588
9,0.6350470036197757,-93.88710351738331,14,0.24196282205049596,0.008308074626143197,0.6546134158264079
9,0.6350470036197757,-93.88710351738331,15,0.24193133466726557,0.008287629963203317,0.5882522118727314
9,0.6350470036197757,-93.88710351738331,16,0.24189998552314956,0.00826727505850339,0.5081485860890759
9,0.6350470036197757,-93.88710351738331,17,0.24186879111341902,0.008247020622373187,0.4144099769133197
9,0.6350470036197757,-93.88710351738331,18,0.2418377675426948,0.008226877111494342,0.30715774838872795
9,0.6350470036197757,-93.88710351738331,19,0.24198285910027542,0.00828179002859343,0.32811335374409517
9,0.6350470036197757,-93.88710351738331,20,0.24214951494422654,0.0083459084851797,0.3526610139318808
9,0.6350470036197757,-93.88710351738331,21,0.24231579931974329,0.008409884024589387,0.36310409015573614
9,0.6350470036197757,-93.88710351738331,22,0.24248179587251312,0.008473748828306496,0.3594766926946538
9,0.6350470036197757,-93.88710351738331,23,0.24264747736675635,0.008537492417753631,0.34180678990789454
9,0.6350470036197757,-93.88710351738331,24,0.24281275242341993,0.008601079636144775,0.31013436805173195
9,0.6350470036197757,-93.88710351738331,25,0.2425331461260657,0.00846569271504762,0.3052940066541027
9,0.6350470036197757,-93.88710351738331,26,0.24203201898391105,0.008231235845259971,0.30679226163929635
9,0.6350470036197757,-93.88710351738331,27,0.24232910537174907,0.008635418358340795,0.3002257939801203
9,0.6350470036197757,-93.88710351738331,28,0.2437292708740016,0.00940136347883361,0.2997777953648202
9,0.6350470036197757,-93.88710351738331,29,0.2436871577278309,0.009311295253961188,0.29988018976637293
9,0.6350470036197757,-93.88710351738331,30,0.24366162019090457,0.009262355971726428,0.2999304770873281
10,0.6356121732609706,-93.99316473127443,1,0.26635267728701006,0.007853205457425903,0.43627164438887056
10,0.6356121732609706,-93.99316473127443,2,0.2423630694430318,0.008558911189037887,0.3555821620595958
10,0.6356121732609706,-93.99316473127443,3,0.24235734694691627,0.008538992760956873,0.459179146001948
10,0.6356121732609706,-93.99316473127443,4,0.24235165518924212,0.008519181324898416,0.548189414626155
10,0.6356121732609706,-93.99316473127443,5,0.24234599071182433,0.008499464843875936,0.6227392077386196
10,0.6356121732609706,-93.99316473127443,6,0.24234035013164032,0.00847983154252243,0.6829370518027877
10,0.6356121732609706,-93.99316473127443,7,0.24233473013034607,0.008460269870599094,0.728874270873635
10,0.6356121732609706,-93.99316473127443,8,0.24232912744424087,0.008440768468065352,0.7606254125069081
10,0.6356121732609706,-93.99316473127443,9,0.2423235388546047,0.008421316131446024,0.7782485929047814
10,0.6356121732609706,-93.99316473127443,10,0.24231796118468724,0.008401901803350811,0.7817857660265942
10,0.6356121732609706,-93.99316473127443,11,0.242312393024651,0.008382520576524749,0.7712655553274116
10,0.6356121732609706,-93.99316473127443,12,0.2423068369368378,0.00836318136977231,0.7467205068833064
10,0.6356121732609706,-93.99316473127443,13,0.24230129600066846,0.008343894901706114,0.7081982392455073
10,0.6356121732609706,-93.99316473127443,14,0.2422957732583689,0.008324671761474497,0.6557617825055793
10,0.6356121732609706,-93.99316473127443,15,0.2422902717067348,0.008305522380095095,0.5894893013115184
10,0.6356121732609706,-93.99316473127443,16,0.24228479428918473,0.008286457002794923,0.5094737532184744
10,0.6356121732609706,-93.99316473127443,17,0.24227934388815223,0.00826748566252897,0.4158224855270155
10,0.6356121732609706,-93.99316473127443,18,0.2422739233178624,0.008248618154837236,0.3086567742872491
10,0.6356121732609706,-93.99316473127443,19,0.24237213171645508,0.008269609950158381,0.3286696714683304
10,0.6356121732609706,-93.99316473127443,20,0.24248300498207206,0.008295509542317383,0.3521500804716709
10,0.6356121732609706,-93.99316473127443,21,0.24259363583611943,0.008321352508014159,0.36152901789407893
10,0.6356121732609706,-93.99316473127443,22,0.24270407743959124,0.008347151265463844,0.35683954819148056
10,0.6356121732609706,-93.99316473127443,23,0.24281430509387336,0.008372900045159865,0.3381100535273589
10,0.6356121732609706,-93.99316473127443,24,0.24292425769307852,0.008398584572988914,0.30538169341615023
10,0.6356121732609706,-93.99316473127443,25,0.24272222956089246,0.008245588529341664,0.30591683995076674
10,0.6356121732609706,-93.99316473127443,26,0.2424315824573919,0.00804187810463572,0.3058816771121858
10,0.6356121732609706,-93.99316473127443,27,0.24246236570760177,0.008045974095970836,0.3009614783482068
10,0.6356121732609706,-93.99316473127443,28,0.24265079946883786,0.008176220738435228,0.2999777131056833
10,0.6356121732609706,-93.99316473127443,29,0.24265524283245418,0.008172518994760222,0.2999762558005609
10,0.6356121732609706,-93.99316473127443,30,0.24265763938268659,0.00817147165823541,0.29997554494766415
11,0.6099995919531905,-94.21701692227276,1,0.26635267728701006,0.007853205457425903,0.43627164438887056
11,0.6099995919531905,-94.21701692227276,2,0.24234833265395544,0.008558950273690968,0.35307564815037346
11,0.6099995919531905,-94.21701692227276,3,0.24231620056360595,0.008539099100409061,0.45219617278790997
11,0.6099995919531905,-94.21701692227276,4,0.24228423536792565,0.00851935103448689,0.5367705126268837
11,0.6099995919531905,-94.21701692227276,5,0.24225241775156584,0.00849969414292129,0.6069194295509808
11,0.6099995919531905,-94.21701692227276,6,0.24222072880360823,0.008480116742565873,0.6627461377101621
11,0.6099995919531905,-94.21701692227276,7,0.24218914995941654,0.008460607364206962,0.7043367879406478
11,0.6099995919531905,-94.21701692227276,8,0.24215766294487828,0.008441154718116071,0.7317608685570786
11,0.6099995919531905,-94.21701692227276,9,0.24212624972262217,0.008421747660823306,0.7450715265129507
11,0.6099995919531905,-94.21701692227276,10,0.24209489316092186,0.008402375608365223,0.7443058897678609
11,0.6099995919531905,-94.21701692227276,11,0.24206359311233758,0.008383038469653731,0.72949145847225
11,0.6099995919531905,-94.21701692227276,12,0.2420323662835005,0.008363746566028825,0.700665105606806
11,0.6099995919531905,-94.21701692227276,13,0.24200122993607992,0.008344510561732526,0.657879189421374
11,0.6099995919531905,-94.21701692227276,14,0.24197020110822048,0.008325340982913595,0.6012014020098859
11,0.6099995919531905,-94.21701692227276,15,0.24193929656868082,0.008306248189294287,0.5307144722446441
11,0.6099995919531905,-94.21701692227276,16,0.2419085327726888,0.008287242346897965,0.44651580495078425
11,0.6099995919531905,-94.21701692227276,17,0.2418779258197841,0.008268333402004118,0.34871705964016997
11,0.6099995919531905,-94.21701692227276,18,0.24193176303081176,0.00828326292827754,0.30748482646858166
11,0.6099995919531905,-94.21701692227276,19,0.24209064479637857,0.008340264461168504,0.3398420213095084
11,0.6099995919531905,-94.21701692227276,20,0.24224912297197093,0.008397121199298889,0.3580690990209112
11,0.6099995919531905,-94.21701692227276,21,0.24240728775590178,0.008453865502846008,0.36220870010941236
11,0.6099995919531905,-94.21701692227276,22,0.24256518400147753,0.008510513463695612,0.35228977080595253
11,0.6099995919531905,-94.21701692227276,23,0.2427227416944999,0.008567039963064493,0.3283443130588788
11,0.6099995919531905,-94.21701692227276,24,0.24247971987992198,0.008006389697252167,0.298512734308703
11,0.6099995919531905,-94.21701692227276,25,0.24540552568887503,0.005493624089815335,0.30285894669984603
11,0.6099995919531905,-94.21701692227276,26,0.2459506391112819,0.006239836290912182,0.30261259876133373
11,0.6099995919531905,-94.21701692227276,27,0.24405959862240648,0.008565245206328058,0.2998601228594821
11,0.6099995919531905,-94.21701692227276,28,0.24360908302156137,0.009233007151538755,0.2999496308634815
11,0.6099995919531905,-94.21701692227276,29,0.24359529705904517,0.009256107625730682,0.2999603890842241
11,0.6099995919531905,-94.21701692227276,30,0.24358898968802867,0.009255080792367792,0.2999695864363715
12,0.596003271098068,-28.73524709929129,1,0.26635267728701006,0.007853205457425903,0.43627164438887056
12,0.596003271098068,-28.73524709929129,2,0.24237320601639378,0.008561428799428868,0.351701828542531
12,0.596003271098068,-28.73524709929129,3,0.24238564873497628,0.008546018041455251,0.44836827560826376
12,0.596003271098068,-28.73524709929129,4,0.2423980280368743,0.008530685827344082,0.5305100852442196
12,0.596003271098068,-28.73524709929129,5,0.24241035138058423,0.008515422919477152,0.5982450323968282
12,0.596003271098068,-28.73524709929129,6,0.2424226260717091,0.008500220269600334,0.6516734317421636
12,0.596003271098068,-28.73524709929129,7,0.24243485928532904,0.008485068991116807,0.6908786077334739
12,0.596003271098068,-28.73524709929129,8,0.24244705808747394,0.00846996033249246,0.7159272817530027
12,0.596003271098068,-28.73524709929129,9,0.2424592294558577,0.008454885651575615,0.7268698802210475
12,0.596003271098068,-28.73524709929129,10,0.2424713796422424,0.008439837205332465,0.7237410203019932
12,0.596003271098068,-28.73524709929129,11,0.2424835069929134,0.008424817041948413,0.7065685187582453
12,0.596003271098068,-28.73524709929129,12,0.24249560483441168,0.008409833426744444,0.6753918130768802
12,0.596003271098068,-28.73524709929129,13,0.2425076664895406,0.00839489462967051,0.6302658567228387
12,0.596003271098068,-28.73524709929129,14,0.2425196853707723,0.008380008809618731,0.5712608916582604
12,0.596003271098068,-28.73524709929129,15,0.24253165499791673,0.008365183992539273,0.49846214035153347
12,0.596003271098068,-28.73524709929129,16,0.2425435690151093,0.008350428050400913,0.411969434546532
12,0.596003271098068,-28.73524709929129,17,0.24255542120701118,0.008335748681126007,0.3118967842006344
12,0.596003271098068,-28.73524709929129,18,0.22114924840618255,0.005072974083510801,0.3221120149272943
12,0.596003271098068,-28.73524709929129,19,0.19762321138821706,0.0016199962435950721,0.3368191235552929
12,0.596003271098068,-28.73524709929129,20,0.1742158785555521,-0.001439507647932533,0.3414712084799683
12,0.596003271098068,-28.73524709929129,21,0.15060564168253793,-0.004036734928322901,0.3361495049408307
12,0.596003271098068,-28.73524709929129,22,0.126208964783021,-0.00645538463989521,0.3216433120248674
12,0.596003271098068,-28.73524709929129,23,0.1001658033569673,-0.008185228279837514,0.3031881600934399
12,0.596003271098068,-28.73524709929129,24,0.0719214974427677,-0.00825821375762197,0.29373578076338996
12,0.596003271098068,-28.73524709929129,25,0.04317010820625337,-0.0074303491090632065,0.2856311910293744
12,0.596003271098068,-28.73524709929129,26,0.01425849652336911,-0.005899607032593974,0.27255625264907724
12,0.596003271098068,-28.73524709929129,27,-0.014987767821793492,-0.003922859974642277,0.25002604103984044
12,0.596003271098068,-28.73524709929129,28,-0.044413403017210785,-0.001787942767711267,0.2149239450625392
12,0.596003271098068,-28.73524709929129,29,-0.07394247137100785,0.0004309781349330564,0.166553051098754
12,0.596003271098068,-28.73524709929129,30,-0.09340065687699521,0.014502765600525777,0.16628298839664937
13,0.6054179153073991,-95.01767595304617,1,0.26635267728701006,0.007853205457425903,0.43627164438887056
13,0.6054179153073991,-95.01767595304617,2,0.2423273283327257,0.008563894373262207,0.3526319865142699
13,0.6054179153073991,-95.01767595304617,3,0.24225755410455685,0.008552902911215104,0.45096003183359007
13,0.6054179153073991,-95.01767595304617,4,0.24218814009223325,0.008541968193597795,0.534748902484093
13,0.6054179153073991,-95.01767595304617,5,0.24211904439136253,0.008531083619254667,0.6041183945685028
13,0.6054179153073991,-95.01767595304617,6,0.2420502259690307,0.008520242724313173,0.6591707849562188
13,0.6054179153073991,-95.01767595304617,7,0.24198164453780582,0.008509439162335819,0.6999913110497277
13,0.6054179153073991,-95.01767595304617,8,0.2419132604348901,0.008498666685283054,0.7266485671622205
13,0.6054179153073991,-95.01767595304617,9,0.24184503450555755,0.008487919125151365,0.7391948214561012
13,0.6054179153073991,-95.01767595304617,10,0.2417769300766196,0.008477190704851251,0.7376663750780245
13,0.6054179153073991,-95.01767595304617,11,0.24170894995707284,0.008466481866881061,0.722090757711761
13,0.6054179153073991,-95.01767595304617,12,0.2416411309252888,0.008455798404899625,0.6925056616299848
13,0.6054179153073991,-95.01767595304617,13,0.24157351045203354,0.008445146221638005,0.6489642834171493
13,0.6054179153073991,-95.01767595304617,14,0.24150612551711742,0.00843453114248751,0.5915351390707718
13,0.6054179153073991,-95.01767595304617,15,0.24143901250992386,0.008423958899830091,0.5203017634009385
13,0.6054179153073991,-95.01767595304617,16,0.2413722071337314,0.008413435117966316,0.43536234583609745
13,0.6054179153073991,-95.01767595304617,17,0.24130574431438817,0.008402965298728948,0.33682930598339583
13,0.6054179153073991,-95.01767595304617,18,0.24147654799087886,0.008421285986666095,0.31157961828109154
13,0.6054179153073991,-95.01767595304617,19,0.24183612845291094,0.008462511080792467,0.3417319930191852
13,0.6054179153073991,-95.01767595304617,20,0.24219482706981016,0.008503635073350639,0.3577619493460132
13,0.6054179153073991,-95.01767595304617,21,0.24255284600107105,0.008544681141473599,0.3597096376687372
13,0.6054179153073991,-95.01767595304617,22,0.24291024423394383,0.00858565604791739,0.34760302145264116
13,0.6054179153073991,-95.01767595304617,23,0.24326684493523093,0.008626539519152205,0.32147617051041494
13,0.6054179153073991,-95.01767595304617,24,0.24367875194898012,0.008518158333629582,0.3014876505375774
13,0.6054179153073991,-95.01767595304617,25,0.24609829135241185,0.008952456833143824,0.30325414704108633
13,0.6054179153073991,-95.01767595304617,26,0.2472532007067317,0.009013833442964667,0.2999273695819814
13,0.6054179153073991,-95.01767595304617,27,0.2480785514373277,0.008806183655925077,0.2999784364431212
13,0.6054179153073991,-95.01767595304617,28,0.2480789426608815,0.008807291550080098,0.2999772040927839
13,0.6054179153073991,-95.01767595304617,29,0.2480792849521769,0.008807158778695333,0.2999766521045762
13,0.6054179153073991,-95.01767595304617,30,0.24807939576003346,0.00880689729739607,0.29997640629771843
14,0.6388862854276668,-93.82341765321729,1,0.26635267728701006,0.007853205457425903,0.43627164438887056
14,0.6388862854276668,-93.82341765321729,2,0.24234539557725668,0.0085585567074528,0.355906208185609
14,0.6388862854276668,-93.82341765321729,3,0.2423080060583392,0.008538003497594421,0.46008182450156365
14,0.6388862854276668,-93.82341765321729,4,0.24227081823524602,0.008517561160962682,0.549665370865857
14,0.6388862854276668,-93.82341765321729,5,0.24223380949720805,0.008497217268302113,0.6247837980146896
14,0.6388862854276668,-93.82341765321729,6,0.2421969577272119,0.008476959661777264,0.6855463213594457
14,0.6388862854276668,-93.82341765321729,7,0.24216024123339022,0.008456776417257696,0.7320449353773973
14,0.6388862854276668,-93.82341765321729,8,0.24212363868336384,0.008436655808225424,0.7643548427906274
14,0.6388862854276668,-93.82341765321729,9,0.24208712904104068,0.00841658627103298,0.782534802829598
14,0.6388862854276668,-93.82341765321729,10,0.24205069152698708,0.008396556383119393,0.7866274023835081
14,0.6388862854276668,-93.82341765321729,11,0.24201431589039307,0.00837656050956191,0.7766615605319529
14,0.6388862854276668,-93.82341765321729,12,0.2419780183151002,0.008356607546701084,0.7526693206268505
14,0.6388862854276668,-93.82341765321729,13,0.24194181892526073,0.008336708556886348,0.7146976881198785
14,0.6388862854276668,-93.82341765321729,14,0.24190573760424436,0.008316874470107798,0.662809089571851
14,0.6388862854276668,-93.82341765321729,15,0.2418697939407509,0.008297116054373945,0.5970810982782004
14,0.6388862854276668,-93.82341765321729,16,0.24183400717681636,0.008277443887130455,0.5176060951161245
14,0.6388862854276668,-93.82341765321729,17,0.24179839615802096,0.008257868327889158,0.4244908677445121
14,0.6388862854276668,-93.82341765321729,18,0.24176297928619792,0.00823839949223195,0.31785615181525023
14,0.6388862854276668,-93.82341765321729,19,0.24190821706436638,0.008283068954035824,0.32401737337680336
14,0.6388862854276668,-93.82341765321729,20,0.24210452775095503,0.008345881673222996,0.3521585372756349
14,0.6388862854276668,-93.82341765321729,21,0.24230037274939967,0.008408545388099051,0.36618397143755843
14,0.6388862854276668,-93.82341765321729,22,0.24249586020054772,0.008471094700044085,0.36613158789332007
14,0.6388862854276668,-93.82341765321729,23,0.24269099940848113,0.008533532586046744,0.35202892394850993
14,0.6388862854276668,-93.82341765321729,24,0.24288568765832572,0.008595826180853194,0.32391209680867583
14,0.6388862854276668,-93.82341765321729,25,0.24280904576216725,0.008557839574277944,0.30253195825988205
14,0.6388862854276668,-93.82341765321729,26,0.2421914492897423,0.008319890227160202,0.30851849262174563
14,0.6388862854276668,-93.82341765321729,27,0.24157489615313646,0.008082342859470864,0.30044302358075453
14,0.6388862854276668,-93.82341765321729,28,0.24333160099568643,0.008215191125170803,0.3004275636104265
14,0.6388862854276668,-93.82341765321729,29,0.2437099791209761,0.008512574473154415,0.29993654549851595
14,0.6388862854276668,-93.82341765321729,30,0.24372089367119604,0.008530236408776736,0.29995598768761517
15,0.6108820669781664,-94.03176749468707,1,0.26635267728701006,0.007853205457425903,0.43627164438887056
15,0.6108820669781664,-94.03176749468707,2,0.24237328215780685,0.00856074888186891,0.3531595525313935
15,0.6108820669781664,-94.03176749468707,3,0.24238586031138892,0.00854412094938619,0.45242994482818566
15,0.6108820669781664,-94.03176749468707,4,0.2423983730590585,0.008527579481509824,0.537152821047808
15,0.6108820669781664,-94.03176749468707,5,0.24241082796315577,0.008511114481058282,0.6074491258480332
15,0.6108820669781664,-94.03176749468707,6,0.2424232324274766,0.008494716160441191,0.6634222507355757
15,0.6108820669781664,-94.03176749468707,7,0.24243559372004359,0.00847837491155586,0.7051585193674645
15,0.6108820669781664,-94.03176749468707,8,0.24244791899494134,0.008462081276922388,0.7327275891791114
15,0.6108820669781664,-94.03176749468707,9,0.2424602153133775,0.008445825921841238,0.7461827733439605
15,0.6108820669781664,-94.03176749468707,10,0.24247248939937732,0.008429599957357673,0.7455613574803143
15,0.6108820669781664,-94.03176749468707,11,0.24248474141733745,0.008413403166144345,0.7308908440295998
15,0.6108820669781664,-94.03176749468707,12,0.24249696484463132,0.008397244170913164,0.7022079523195507
15,0.6108820669781664,-94.03176749468707,13,0.2425091529237265,0.00838113190491436,0.6595648820325609
15,0.6108820669781664,-94.03176749468707,14,0.24252129898440064,0.008365075185976853,0.6030291694013724
15,0.6108820669781664,-94.03176749468707,15,0.24253339646169716,0.008349082692771523,0.5326833908125419
15,0.6108820669781664,-94.03176749468707,16,0.2425454389132115,0.008333162941959177,0.44862480261886584
15,0.6108820669781664,-94.03176749468707,17,0.24255742003560124,0.008317324266364773,0.35096492047452
15,0.6108820669781664,-94.03176749468707,18,0.24254926075760536,0.008306293110257424,0.3090681122710882
15,0.6108820669781664,-94.03176749468707,19,0.2425160612266733,0.008301196603272866,0.3397630736847702
15,0.6108820669781664,-94.03176749468707,20,0.2424829438291984,0.008296112704711586,0.3563337600951715
15,0.6108820669781664,-94.03176749468707,21,0.24244988982659083,0.008291038537986108,0.35882093210834426
15,0.6108820669781664,-94.03176749468707,22,0.2424168927532179,0.008285973110548024,0.3472527431501777
15,0.6108820669781664,-94.03176749468707,23,0.2423839685990221,0.008280918877036022,0.3216627330304641
15,0.6108820669781664,-94.03176749468707,24,0.24247956657279385,0.008228232424725684,0.3016013099865392
15,0.6108820669781664,-94.03176749468707,25,0.24283161763352362,0.008080444523770415,0.3065089367548564
15,0.6108820669781664,-94.03176749468707,26,0.24310700722537337,0.007961870765114721,0.29964816670094246
15,0.6108820669781664,-94.03176749468707,27,0.2428570026927887,0.008045238137398032,0.299977975486881
15,0.6108820669781664,-94.03176749468707,28,0.24286073597426217,0.008039812935786718,0.299977529342587
15,0.6108820669781664,-94.03176749468707,29,0.24286155808831886,0.008039621023593794,0.2999771188274307
15,0.6108820669781664,-94.03176749468707,30,0.24286192125837705,0.008039570706968978,0.29997692563389666
16,0.6309760692762939,-93.5697756133177,1,0.26635267728701006,0.007853205457425903,0.43627164438887056
16,0.6309760692762939,-93.5697756133177,2,0.24233061335639533,0.008564073889598192,0.3551348971811619
16,0.6309760692762939,-93.5697756133177,3,0.24226673506315424,0.008553405624626401,0.45793318894098217
16,0.6309760692762939,-93.5697756133177,4,0.24220319787017347,0.00854279432654859,0.5461521128629607
16,0.6309760692762939,-93.5697756133177,5,0.24213996321185213,0.008532233554553207,0.6199169285347189
16,0.6309760692762939,-93.5697756133177,6,0.24207699335533922,0.008521717006905629,0.6793352123255655
16,0.6309760692762939,-93.5697756133177,7,0.2420142512837688,0.008511238501447345,0.724497363561376
16,0.6309760692762939,-93.5697756133177,8,0.24195170058446078,0.008500791956924457,0.7554770259294705
16,0.6309760692762939,-93.5697756133177,9,0.2418893053412588,0.008490371375007112,0.7723314283273313
16,0.6309760692762939,-93.5697756133177,10,0.2418270301926711,0.008479970849999591,0.7751016524214867
16,0.6309760692762939,-93.5697756133177,11,0.24176486196487443,0.008469588181751723,0.7638159664174409
16,0.6309760692762939,-93.5697756133177,12,0.2417028304206324,0.008459228340919934,0.7385076375171007
16,0.6309760692762939,-93.5697756133177,13,0.2416409699247243,0.008448897066739769,0.6992251303939877
16,0.6309760692762939,-93.5697756133177,14,0.2415793144216215,0.008438600028251482,0.6460323078751904
16,0.6309760692762939,-93.5697756133177,15,0.24151789734361234,0.008428342808955994,0.5790081503606509
16,0.6309760692762939,-93.5697756133177,16,0.24145675152224774,0.008418130892025559,0.49824641073454634
16,0.6309760692762939,-93.5697756133177,17,0.24139590910360603,0.008407969646152178,0.4038552079516686
16,0.6309760692762939,-93.5697756133177,18,0.24133540146788068,0.008397864312117993,0.2959565630041796
16,0.6309760692762939,-93.5697756133177,19,0.24167529602120927,0.008437670990725423,0.33143474185401767
16,0.6309760692762939,-93.5697756133177,20,0.24201428489472812,0.008477371600833802,0.3527712394911311
16,0.6309760692762939,-93.5697756133177,21,0.24235256152702928,0.008516988796962855,0.3600122405967691
16,0.6309760692762939,-93.5697756133177,22,0.24269026667810062,0.008556539064188743,0.3531888883933136
16,0.6309760692762939,-93.5697756133177,23,0.24302728935189716,0.008596009403233166,0.3323307585126275
16,0.6309760692762939,-93.5697756133177,24,0.24336344242746133,0.008635377899464832,0.29748137599652974
16,0.6309760692762939,-93.5697756133177,25,0.24236612401873056,0.00848328440404587,0.3070471491053451
16,0.6309760692762939,-93.5697756133177,26,0.24137052242070725,0.008331452726456794,0.302544146999473
16,0.6309760692762939,-93.5697756133177,27,0.2405329059639695,0.0071789888058288,0.2999386470607653
16,0.6309760692762939,-93.5697756133177,28,0.24015023127857751,0.007197225375789708,0.29990905956251335
16,0.6309760692762939,-93.5697756133177,29,0.24016683499041344,0.007230435645460319,0.29994429167822934
16,0.6309760692762939,-93.5697756133177,30,0.24017422940462382,0.007245973239649979,0.29996084460433675
17,0.6635388205457625,-95.09195122537459,1,0.26635267728701006,0.007853205457425903,0.43627164438887056
17,0.6635388205457625,-95.09195122537459,2,0.24234159850667955,0.008559192674883812,0.358322199145149
17,0.6635388205457625,-95.09195122537459,3,0.2422974115481397,0.008539781575599262,0.4668112658490413
17,0.6635388205457625,-95.09195122537459,4,0.24225347050840482,0.008520478507156794,0.5606675128088537
17,0.6635388205457625,-95.09195122537459,5,0.24220974852435886,0.008501271668730302,0.6400232115656166
17,0.6635388205457625,-95.09195122537459,6,0.2421662193399469,0.008482149526172468,0.7049927302979448
17,0.6635388205457625,-95.09195122537459,7,0.24212285722408922,0.008463100775954876,0.755673074193464
17,0.6635388205457625,-95.09195122537459,8,0.24207963689225895,0.008444114310717371,0.7921443391748254
17,0.6635388205457625,-95.09195122537459,9,0.24203653343112508,0.008425179186164228,0.8144700835391631
17,0.6635388205457625,-95.09195122537459,10,0.24199352222573306,0.008406284589074924,0.8226976212020435
17,0.6635388205457625,-95.09195122537459,11,0.24195058396777303,0.008387422037410152,0.8168589477404706
17,0.6635388205457625,-95.09195122537459,12,0.24190773080425626,0.008368596867288292,0.7969830297608365
17,0.6635388205457625,-95.09195122537459,13,0.24186498653113223,0.00834981953214522,0.7631123002453578
17,0.6635388205457625,-95.09195122537459,14,0.24182237469679882,0.008331100376668685,0.7153046810248119
17,0.6635388205457625,-95.09195122537459,15,0.24177991852046724,0.00831244960093651,0.6536333281123171
17,0.6635388205457625,-95.09195122537459,16,0.24173764083012583,0.008293877233164288,0.5781863112803919
17,0.6635388205457625,-95.09195122537459,17,0.24169556400299377,0.008275393103547118,0.4890662310138961
17,0.6635388205457625,-95.09195122537459,18,0.24165370990882556,0.008257006819353539,0.3863897763480699
17,0.6635388205457625,-95.09195122537459,19,0.2416762131832548,0.008256689575008512,0.3070056056141864
17,0.6635388205457625,-95.09195122537459,20,0.2419227485108971,0.008319164892178982,0.34227827283211226
17,0.6635388205457625,-95.09195122537459,21,0.24216862895024538,0.008381474251982332,0.363410045088297
17,0.6635388205457625,-95.09195122537459,22,0.2424139948039177,0.00844365320896014,0.37044687345369476
17,0.6635388205457625,-95.09195122537459,23,0.24265894647850364,0.008505727207472016,0.36341973182125115
17,0.6635388205457625,-95.09195122537459,24,0.24290340116528572,0.00856767526269222,0.34235833117394904
17,0.6635388205457625,-95.09195122537459,25,0.24314722313105167,0.008629462978027119,0.3073064225128478
17,0.6635388205457625,-95.09195122537459,26,0.24260393687641957,0.008461151169774776,0.3076797835024475
17,0.6635388205457625,-95.09195122537459,27,0.2418371223936675,0.008227504421134041,0.30809784034086934
17,0.6635388205457625,-95.09195122537459,28,0.24188617578946414,0.008345783474539204,0.3002871387978842
17,0.6635388205457625,-95.09195122537459,29,0.2437332465310088,0.008411892839268175,0.29992459265750465
17,0.6635388205457625,-95.09195122537459,30,0.2438571072668992,0.008597137971007033,0.29991582350200485
18,0.6054179153073991,-93.76018074409345,1,0.26635267728701006,0.007853205457425903,0.43627164438887056
18,0.6054179153073991,-93.76018074409345,2,0.24234320519544775,0.008559354883969838,0.3526282951782564
18,0.6054179153073991,-93.76018074409345,3,0.24230188350512524,0.008540228307664497,0.4509497468236951
18,0.6054179153073991,-93.76018074409345,4,0.24226077513098324,0.00852120046904804,0.5347320819769126
18,0.6054179153073991,-93.76018074409345,5,0.24221985525658918,0.008502259881335038,0.604095088708994
18,0.6054179153073991,-93.76018074409345,6,0.24217909958158204,0.008483395296614132,0.6591410360940153
18,0.6054179153073991,-93.76018074409345,7,0.24213848424705428,0.008464595671309626,0.6999551539367771
18,0.6054179153073991,-93.76018074409345,8,0.24209798576397892,0.008445850133052463,0.7266060291137257
18,0.6054179153073991,-93.76018074409345,9,0.24205758094415555,0.008427147948717207,0.7391459224763584
18,0.6054179153073991,-93.76018074409345,10,0.2420172480693972,0.00840847906560379,0.7376111283250337
18,0.6054179153073991,-93.76018074409345,11,0.24197698881910043,0.008389844261054701,0.7220291767992983
18,0.6054179153073991,-93.76018074409345,12,0.24193682497840427,0.008371253618760174,0.6924377670240132
18,0.6054179153073991,-93.76018074409345,13,0.24189677873823187,0.008352717410235744,0.6488901025579674
18,0.6054179153073991,-93.76018074409345,14,0.24185687199869632,0.008334245772389679,0.591454706252279
18,0.6054179153073991,-93.76018074409345,15,0.24181712631021254,0.008315848680265428,0.5202151196205103
18,0.6054179153073991,-93.76018074409345,16,0.24177756281684076,0.008297535920816933,0.43526953861646106
18,0.6054179153073991,-93.76018074409345,17,0.24173820220220438,0.008279317067875727,0.33673038916813525
18,0.6054179153073991,-93.76018074409345,18,0.24183884111392065,0.008298155224316647,0.311519442280462
18,0.6054179153073991,-93.76018074409345,19,0.24205086748739202,0.00834646970891413,0.3417461519643265
18,0.6054179153073991,-93.76018074409345,20,0.24226237326921715,0.008394665566207557,0.3578501915812623
18,0.6054179153073991,-93.76018074409345,21,0.2424734777790075,0.00844276998557642,0.35987179490728954
18,0.6054179153073991,-93.76018074409345,22,0.24268421673806923,0.008490791106840624,0.3478389476464279
18,0.6054179153073991,-93.76018074409345,23,0.24289448607579137,0.008538705215412945,0.3217856456413851
18,0.6054179153073991,-93.76018074409345,24,0.24281958417795768,0.008508141408143193,0.30147032405818125
18,0.6054179153073991,-93.76018074409345,25,0.24217610729259342,0.008321075560737416,0.30653955108316866
18,0.6054179153073991,-93.76018074409345,26,0.2416305777679234,0.007971189267161054,0.300045764375885
18,0.6054179153073991,-93.76018074409345,27,0.24097132973182078,0.007567187546087176,0.2999705592161062
18,0.6054179153073991,-93.76018074409345,28,0.24093956649987888,0.007669797382648059,0.2999722316834988
18,0.6054179153073991,-93.76018074409345,29,0.24093292451896098,0.007688667025847534,0.2999739825214474
18,0.6054179153073991,-93.76018074409345,30,0.24093783623531456,0.007689872920802508,0.29997537726204265
19,0.5830846608783792,-96.40714604313246,1,0.26635267728701006,0.007853205457425903,0.43627164438887056
19,0.5830846608783792,-96.40714604313246,2,0.24236783930374228,0.008556142538705694,0.3504365243649191
19,0.5830846608783792,-96.40714604313246,3,0.24237066416500644,0.008531256150039829,0.444842403829491
19,0.5830846608783792,-96.40714604313246,4,0.24237347488212738,0.008506494368075735,0.5247430727635651
19,0.5830846608783792,-96.40714604313246,5,0.2423762731440798,0.00848184231332804,0.5902535645317377
19,0.5830846608783792,-96.40714604313246,6,0.24237906060590148,0.008457285405289398,0.6414715307221882
19,0.5830846608783792,-96.40714604313246,7,0.24238183889374176,0.008432809317951196,0.6784776980536817
19,0.5830846608783792,-96.40714604313246,8,0.2423846096097125,0.008408399937070852,0.7013362430401937
19,0.5830846608783792,-96.40714604313246,9,0.24238737433657584,0.0083840433188718,0.7100950881357075
19,0.5830846608783792,-96.40714604313246,10,0.24239013435634196,0.008359728169134318,0.7047867128922836
19,0.5830846608783792,-96.40714604313246,11,0.24239288896328912,0.008335460705107524,0.6854397972136628
19,0.5830846608783792,-96.40714604313246,12,0.24239563662881827,0.008311254393402414,0.6520961862414383
19,0.5830846608783792,-96.40714604313246,13,0.2423983758386443,0.008287122574528948,0.6048132215577723
19,0.5830846608783792,-96.40714604313246,14,0.24240110509948787,0.008263078403940426,0.5436634897505777
19,0.5830846608783792,-96.40714604313246,15,0.2424038229430679,0.008239134816860866,0.4687345044152504
19,0.5830846608783792,-96.40714604313246,16,0.2424065279299352,0.008215304494511556,0.38012832541017455
19,0.5830846608783792,-96.40714604313246,17,0.24240807954584007,0.00819537564010412,0.2945185327935964
19,0.5830846608783792,-96.40714604313246,18,0.2424005240381844,0.00820569548593752,0.3275030332021486
19,0.5830846608783792,-96.40714604313246,19,0.24239298791162867,0.008215988859696221,0.3463551553301786
19,0.5830846608783792,-96.40714604313246,20,0.24238546687096996,0.008226261628071588,0.35111825126967033
19,0.5830846608783792,-96.40714604313246,21,0.24237795854468483,0.008236517030257734,0.34182163914755453
19,0.5830846608783792,-96.40714604313246,22,0.2423704661307093,0.008246750698287864,0.31849677794973863
19,0.5830846608783792,-96.40714604313246,23,0.24241369425362624,0.00815240413578074,0.3038399518257786
19,0.5830846608783792,-96.40714604313246,24,0.24252017175902463,0.007927637551212046,0.3034572530501638
19,0.5830846608783792,-96.40714604313246,25,0.24253363321278795,0.007899763439176899,0.29992187817823335
19,0.5830846608783792,-96.40714604313246,26,0.24251747543148713,0.007927797369925596,0.29995049217624037
19,0.5830846608783792,-96.40714604313246,27,0.24251201423531443,0.007938095442219956,0.2999632093484808
19,0.5830846608783792,-96.40714604313246,28,0.24250919917458738,0.007939301557985556,0.299970357860568
19,0.5830846608783792,-96.40714604313246,29,0.24250730911177465,0.007941774732044198,0.2999735537397857
19,0.5830846608783792,-96.40714604313246,30,0.24250618480658293,0.007942957094103644,0.29997491937804865
20,0.6866877532823572,-99.20369413405135,1,0.26635267728701006,0.007853205457425903,0.43627164438887056
20,0.6866877532823572,-99.20369413405135,2,0.24232686234954326,0.008564319428915708,0.3605928295780463
20,0.6866877532823572,-99.20369413405135,3,0.24225628440016772,0.008554094241760417,0.47313476349617345
20,0.6866877532823572,-99.20369413405135,4,0.24218611058070405,0.008543927604109897,0.571004250632977
20,0.6866877532823572,-99.20369413405135,5,0.2421162977638335,0.008533813267767526,0.6543385967868193
20,0.6866877532823572,-99.20369413405135,6,0.24204680382747046,0.008523745130172747,0.7232570397607345
20,0.6866877532823572,-99.20369413405135,7,0.24197758752208032,0.008513717215178417,0.7778613145040562
20,0.6866877532823572,-99.20369413405135,8,0.24190860834411768,0.008503723654714752,0.8182361301915104
20,0.6866877532823572,-99.20369413405135,9,0.2418398264146129,0.008493758671199208,0.8444495640506886
20,0.6866877532823572,-99.20369413405135,10,0.24177120236204727,0.008483816560567679,0.856553375860806
20,0.6866877532823572,-99.20369413405135,11,0.2417026997379653,0.008473892042243412,0.8545833944451501
20,0.6866877532823572,-99.20369413405135,12,0.24163432316366557,0.008463985785750583,0.8385671984022728
20,0.6866877532823572,-99.20369413405135,13,0.24156610981735163,0.008454103177390326,0.8085429586308208
20,0.6866877532823572,-99.20369413405135,14,0.24149809737685005,0.00844424967584813,0.764564356689378
20,0.6866877532823572,-99.20369413405135,15,0.2414303230229411,0.008434430667798459,0.7067003851066411
20,0.6866877532823572,-99.20369413405135,16,0.2413628233394128,0.00842465145342476,0.6350350447384856
20,0.6866877532823572,-99.20369413405135,17,0.24129563421694733,0.008414917232494738,0.5496669786282314
20,0.6866877532823572,-99.20369413405135,18,0.24122879076140322,0.00840523309107249,0.45070904573507403
20,0.6866877532823572,-99.20369413405135,19,0.24116232720703248,0.00839560398894556,0.3382878383995648
20,0.6866877532823572,-99.20369413405135,20,0.2414132291878644,0.008421760214626534,0.3266625131260427
20,0.6866877532823572,-99.20369413405135,21,0.2418216533061419,0.008465679245291152,0.35807314318043393
20,0.6866877532823572,-99.20369413405135,22,0.2422290553051722,0.008509488364506986,0.37535700679052575
20,0.6866877532823572,-99.20369413405135,23,0.24263566633232708,0.008553212428221692,0.37855567276969715
20,0.6866877532823572,-99.20369413405135,24,0.2430415815843127,0.008596861673213338,0.36769760442295907
20,0.6866877532823572,-99.20369413405135,25,0.24344661121957167,0.008640415685268354,0.3428156645963971
20,0.6866877532823572,-99.20369413405135,26,0.24385053084510833,0.008683850334756743,0.3039578453284415
20,0.6866877532823572,-99.20369413405135,27,0.24576793319544388,0.008181801752250896,0.3050338717013812
20,0.6866877532823572,-99.20369413405135,28,0.24928253742303488,0.007809831517049781,0.30664063035122163
20,0.6866877532823572,-99.20369413405135,29,0.25149840041487864,0.00742115084415412,0.3032429416660548
20,0.6866877532823572,-99.20369413405135,30,0.25308058664809296,0.007138926219559032,0.3006106028827028
