particle,elasticity,weight,frame,x,y,z
1,0.8342595758402646,-25.396451240543772,1,-0.25410630641999576,-0.1936938102114581,0.18150991748236023
1,0.8342595758402646,-25.396451240543772,2,-0.3502648958247622,-0.3508899918372534,0.10460780301529762
1,0.8342595758402646,-25.396451240543772,3,-0.3276874733166038,-0.29895454549510786,0.16271188870494016
1,0.8342595758402646,-25.396451240543772,4,-0.3003543880291411,-0.24759177537687826,0.20534721185649313
1,0.8342595758402646,-25.396451240543772,5,-0.2731371545564056,-0.1964467073608825,0.23376512369805078
1,0.8342595758402646,-25.396451240543772,6,-0.24602821754126933,-0.1455051438522554,0.24803186514200948
1,0.8342595758402646,-25.396451240543772,7,-0.21902312946901387,-0.09475872733578473,0.24820521562899153
1,0.8342595758402646,-25.396451240543772,8,-0.19212100931359552,-0.044205802237733814,0.23433936767859223
1,0.8342595758402646,-25.396451240543772,9,-0.1653245149646083,0.006148636887832968,0.20649042362317793
1,0.8342595758402646,-25.396451240543772,10,-0.13863930465283056,0.05629395741735008,0.16472124773608268
1,0.8342595758402646,-25.396451240543772,11,-0.11604244843184347,0.09800069832536507,0.14567160223665124
1,0.8342595758402646,-25.396451240543772,12,-0.09670182305782928,0.13322696522796748,0.14109742362722055
1,0.8342595758402646,-25.396451240543772,13,-0.07762077168081255,0.1672801163762991,0.12685173847228376
1,0.8342595758402646,-25.396451240543772,14,-0.06304040867647946,0.19778781148035354,0.12210079926096082
1,0.8342595758402646,-25.396451240543772,15,-0.04843087477130217,0.22681493748044815,0.11135127247595254
1,0.8342595758402646,-25.396451240543772,16,-0.03204924528081418,0.2506043735292873,0.11176133908265197
1,0.8342595758402646,-25.396451240543772,17,-0.016444203988111063,0.27350032956419973,0.1025668450195903
1,0.8342595758402646,-25.396451240543772,18,-0.010833990436133421,0.289555303889814,0.10041211426962231
1,0.8342595758402646,-25.396451240543772,19,-0.013614238595047947,0.3002485396395721,0.0993346556473357
1,0.8342595758402646,-25.396451240543772,20,-0.01532580477474964,0.30814699095131703,0.09928597903518291
1,0.8342595758402646,-25.396451240543772,21,-0.01615987552724377,0.31298270952877555,0.09934624147095042
1,0.8342595758402646,-25.396451240543772,22,-0.016529676023266413,0.31435273345297843,0.09948875616894974
1,0.8342595758402646,-25.396451240543772,23,-0.01662553819522537,0.3142993690727299,0.09975333754689185
1,0.8342595758402646,-25.396451240543772,24,-0.0166271322729103,0.3143380216427091,0.09987826441094916
1,0.8342595758402646,-25.396451240543772,25,-0.016627883150544222,0.31435627285625145,0.09993724439434418
1,0.8342595758402646,-25.396451240543772,26,-0.016628237638640242,0.31436489018959374,0.09996509120300097
1,0.8342595758402646,-25.396451240543772,27,-0.016628404799668768,0.3143689590602682,0.09997823910909175
1,0.8342595758402646,-25.396451240543772,28,-0.01662848372597276,0.3143708803087057,0.09998444697969221
1,0.8342595758402646,-25.396451240543772,29,-0.01662852099784159,0.3143717874661758,0.09998737808236872
1,0.8342595758402646,-25.396451240543772,30,-0.016628538597696512,0.31437221579485325,0.09998876203269022
2,0.8259145534816683,-34.00859288257328,1,-0.25410630641999576,-0.1936938102114581,0.18150991748236023
2,0.8259145534816683,-34.00859288257328,2,-0.35041340681597033,-0.3510168618911911,0.10428615079198622
2,0.8259145534816683,-34.00859288257328,3,-0.32859120008414,-0.2998957335331744,0.16208994616504444
2,0.8259145534816683,-34.00859288257328,4,-0.3018576644800244,-0.24933708250131617,0.20438777506551373
2,0.8259145534816683,-34.00859288257328,5,-0.2752363591941099,-0.19899068223857266,0.23247107628806082
2,0.8259145534816683,-34.00859288257328,6,-0.24871988349194693,-0.14884253642377016,0.24640543673449383
2,0.8259145534816683,-34.00859288257328,7,-0.22230392283960496,-0.09888448537991776,0.2462479925531042
2,0.8259145534816683,-34.00859288257328,8,-0.19598771060006295,-0.04911507923767573,0.23205238500135547
2,0.8259145534816683,-34.00859288257328,9,-0.16977398890153236,0.00046049607074782455,0.20387434039025373
2,0.8259145534816683,-34.00859288257328,10,-0.14366845163713976,0.04983147221452441,0.16177655156086693
2,0.8259145534816683,-34.00859288257328,11,-0.12135808104885697,0.09101546958901686,0.1410296738582833
2,0.8259145534816683,-34.00859288257328,12,-0.10122118887389057,0.12699755814229735,0.12858716690836258
2,0.8259145534816683,-34.00859288257328,13,-0.08120215044431471,0.16098421036402702,0.11001214395959534
2,0.8259145534816683,-34.00859288257328,14,-0.06694306064230042,0.1899195338103083,0.11041591517331699
2,0.8259145534816683,-34.00859288257328,15,-0.05589918076050535,0.21509009882522126,0.11911140971254787
2,0.8259145534816683,-34.00859288257328,16,-0.044570214505202266,0.23881442442481368,0.11946324344106171
2,0.8259145534816683,-34.00859288257328,17,-0.03262700739675322,0.2614380591063252,0.11069837095519387
2,0.8259145534816683,-34.00859288257328,18,-0.02197628264444521,0.28161978559950324,0.10236629170258771
2,0.8259145534816683,-34.00859288257328,19,-0.023360947316538774,0.29218817587836277,0.10568575839838514
2,0.8259145534816683,-34.00859288257328,20,-0.028337293766905,0.29899565762525404,0.10371844733786523
2,0.8259145534816683,-34.00859288257328,21,-0.03203925560090907,0.3049494015757718,0.10049237346787454
2,0.8259145534816683,-34.00859288257328,22,-0.03375165154506472,0.3098056741453892,0.09941045957548972
2,0.8259145534816683,-34.00859288257328,23,-0.03342807810907086,0.31328599258569806,0.09969147342348302
2,0.8259145534816683,-34.00859288257328,24,-0.03335574785038924,0.31398136723519326,0.09968879441156742
2,0.8259145534816683,-34.00859288257328,25,-0.03328643717377089,0.31388200371582303,0.09984785055839031
2,0.8259145534816683,-34.00859288257328,26,-0.03326649357613721,0.3138155308118438,0.09992288956695977
2,0.8259145534816683,-34.00859288257328,27,-0.0332365575942607,0.3138155506223103,0.09995830611791658
2,0.8259145534816683,-34.00859288257328,28,-0.03322020033586717,0.31381898352371174,0.09997503665336104
2,0.8259145534816683,-34.00859288257328,29,-0.033212475686136556,0.3138206052469857,0.0999829351741237
2,0.8259145534816683,-34.00859288257328,30,-0.033208828108573875,0.3138213711588115,0.0999866643264906
3,0.8342595758402646,-25.59532991664224,1,-0.25410630641999576,-0.1936938102114581,0.18150991748236023
3,0.8342595758402646,-25.59532991664224,2,-0.3502648958247622,-0.3508899918372534,0.10460780301529762
3,0.8342595758402646,-25.59532991664224,3,-0.3276874733166038,-0.29895454549510786,0.16271188870494016
3,0.8342595758402646,-25.59532991664224,4,-0.3003543880291411,-0.24759177537687826,0.20534721185649313
3,0.8342595758402646,-25.59532991664224,5,-0.2731371545564056,-0.1964467073608825,0.23376512369805078
3,0.8342595758402646,-25.59532991664224,6,-0.24602821754126933,-0.1455051438522554,0.24803186514200948
3,0.8342595758402646,-25.59532991664224,7,-0.21902312946901387,-0.09475872733578473,0.24820521562899153
3,0.8342595758402646,-25.59532991664224,8,-0.19212100931359552,-0.044205802237733814,0.23433936767859223
3,0.8342595758402646,-25.59532991664224,9,-0.1653245149646083,0.006148636887832968,0.20649042362317793
3,0.8342595758402646,-25.59532991664224,10,-0.13863930465283056,0.05629395741735008,0.16472124773608268
3,0.8342595758402646,-25.59532991664224,11,-0.11604244843184347,0.09800069832536507,0.14567160223665124
3,0.8342595758402646,-25.59532991664224,12,-0.09670182305782928,0.13322696522796748,0.14109742362722055
3,0.8342595758402646,-25.59532991664224,13,-0.07762077168081255,0.1672801163762991,0.12685173847228376
3,0.8342595758402646,-25.59532991664224,14,-0.06304040867647946,0.19778781148035354,0.12210079926096082
3,0.8342595758402646,-25.59532991664224,15,-0.04843087477130217,0.22681493748044815,0.11135127247595254
3,0.8342595758402646,-25.59532991664224,16,-0.03204924528081418,0.2506043735292873,0.11176133908265197
3,0.8342595758402646,-25.59532991664224,17,-0.016444203988111063,0.27350032956419973,0.1025668450195903
3,0.8342595758402646,-25.59532991664224,18,-0.010978155354431286,0.28952515624060915,0.10046721150087089
3,0.8342595758402646,-25.59532991664224,19,-0.013999101342456816,0.30018372021134815,0.09920607698691612
3,0.8342595758402646,-25.59532991664224,20,-0.01594924901022332,0.3080645466121169,0.09833291538641149
3,0.8342595758402646,-25.59532991664224,21,-0.01679192894731301,0.3127474328186941,0.09924595182651527
3,0.8342595758402646,-25.59532991664224,22,-0.01702555448986776,0.3142407700584172,0.09963877144079632
3,0.8342595758402646,-25.59532991664224,23,-0.016966656070564717,0.31422361966606377,0.0998241818603838
3,0.8342595758402646,-25.59532991664224,24,-0.016938835023771807,0.31421550939289905,0.0999117112088133
3,0.8342595758402646,-25.59532991664224,25,-0.01692569319492735,0.3142116893715944,0.09995303609027487
3,0.8342595758402646,-25.59532991664224,26,-0.016919490215701927,0.31420987494638514,0.09997254731033409
3,0.8342595758402646,-25.59532991664224,27,-0.016916560617053083,0.3142090218976019,0.099981759625056
3,0.8342595758402646,-25.59532991664224,28,-0.016915176897147083,0.31420862442853875,0.09998610932226373
3,0.8342595758402646,-25.59532991664224,29,-0.016914522494207503,0.3142084425168674,0.09998816311527883
3,0.8342595758402646,-25.59532991664224,30,-0.01691421524025068,0.3142083532016707,0.09998913279626168
4,0.8342595758402646,-25.614401437962467,1,-0.25410630641999576,-0.1936938102114581,0.18150991748236023
4,0.8342595758402646,-25.614401437962467,2,-0.3502648958247622,-0.3508899918372534,0.10460780301529762
4,0.8342595758402646,-25.614401437962467,3,-0.3276874733166038,-0.29895454549510786,0.16271188870494016
4,0.8342595758402646,-25.614401437962467,4,-0.3003543880291411,-0.24759177537687826,0.20534721185649313
4,0.8342595758402646,-25.614401437962467,5,-0.2731371545564056,-0.1964467073608825,0.23376512369805078
4,0.8342595758402646,-25.614401437962467,6,-0.24602821754126933,-0.1455051438522554,0.24803186514200948
4,0.8342595758402646,-25.614401437962467,7,-0.21902312946901387,-0.09475872733578473,0.24820521562899153
4,0.8342595758402646,-25.614401437962467,8,-0.19212100931359552,-0.044205802237733814,0.23433936767859223
4,0.8342595758402646,-25.614401437962467,9,-0.1653245149646083,0.006148636887832968,0.20649042362317793
4,0.8342595758402646,-25.614401437962467,10,-0.13863930465283056,0.05629395741735008,0.16472124773608268
4,0.8342595758402646,-25.614401437962467,11,-0.11604244843184347,0.09800069832536507,0.14567160223665124
4,0.8342595758402646,-25.614401437962467,12,-0.09670182305782928,0.13322696522796748,0.14109742362722055
4,0.8342595758402646,-25.614401437962467,13,-0.07762077168081255,0.1672801163762991,0.12685173847228373
4,0.8342595758402646,-25.614401437962467,14,-0.06304040867647945,0.19778781148035351,0.12210079926096083
4,0.8342595758402646,-25.614401437962467,15,-0.04843087477130214,0.2268149374804481,0.1113512724759526
4,0.8342595758402646,-25.614401437962467,16,-0.03204924528081416,0.2506043735292872,0.11176133908265212
4,0.8342595758402646,-25.614401437962467,17,-0.01644420398811109,0.2735003295641997,0.10256684501959039
4,0.8342595758402646,-25.614401437962467,18,-0.011039751409270484,0.2895086674322902,0.1004888592526785
4,0.8342595758402646,-25.614401437962467,19,-0.014176671680211195,0.30014206066764054,0.0992418999201363
4,0.8342595758402646,-25.614401437962467,20,-0.016224471493198625,0.30798559883585536,0.09840684625788174
4,0.8342595758402646,-25.614401437962467,21,-0.016831047105922745,0.3129569182401658,0.09924543649051516
4,0.8342595758402646,-25.614401437962467,22,-0.017014115774944324,0.3146694963975548,0.0992887352150789
4,0.8342595758402646,-25.614401437962467,23,-0.017041525185192336,0.31476530040421985,0.09965875103803346
4,0.8342595758402646,-25.614401437962467,24,-0.01705477963068678,0.31481045869445945,0.09983340040074919
4,0.8342595758402646,-25.614401437962467,25,-0.017061277566587787,0.3148317279982367,0.09991585684704613
4,0.8342595758402646,-25.614401437962467,26,-0.017064550121384862,0.31484173664117426,0.09995479562257016
4,0.8342595758402646,-25.614401437962467,27,-0.017066164491634728,0.3148464778212198,0.09997318642700087
4,0.8342595758402646,-25.614401437962467,28,-0.017066988449742814,0.3148486972894229,0.09998199772488071
4,0.8342595758402646,-25.614401437962467,29,-0.017067373742009236,0.31484960827643865,0.09998633804683914
4,0.8342595758402646,-25.614401437962467,30,-0.017067475866836965,0.31485039366773304,0.0999883990036838
5,0.8342595758402646,-25.492110511684245,1,-0.25410630641999576,-0.1936938102114581,0.18150991748236023
5,0.8342595758402646,-25.492110511684245,2,-0.3502648958247622,-0.3508899918372534,0.10460780301529762
5,0.8342595758402646,-25.492110511684245,3,-0.3276874733166038,-0.29895454549510786,0.16271188870494016
5,0.8342595758402646,-25.492110511684245,4,-0.3003543880291411,-0.24759177537687826,0.20534721185649313
5,0.8342595758402646,-25.492110511684245,5,-0.2731371545564056,-0.1964467073608825,0.23376512369805078
5,0.8342595758402646,-25.492110511684245,6,-0.24602821754126933,-0.1455051438522554,0.24803186514200948
5,0.8342595758402646,-25.492110511684245,7,-0.21902312946901387,-0.09475872733578473,0.24820521562899153
5,0.8342595758402646,-25.492110511684245,8,-0.19212100931359552,-0.044205802237733814,0.23433936767859223
5,0.8342595758402646,-25.492110511684245,9,-0.1653245149646083,0.006148636887832968,0.20649042362317793
5,0.8342595758402646,-25.492110511684245,10,-0.13863930465283056,0.05629395741735008,0.16472124773608268
5,0.8342595758402646,-25.492110511684245,11,-0.11604244843184347,0.09800069832536507,0.14567160223665124
5,0.8342595758402646,-25.492110511684245,12,-0.09670182305782928,0.13322696522796748,0.14109742362722055
5,0.8342595758402646,-25.492110511684245,13,-0.07762077168081255,0.1672801163762991,0.12685173847228376
5,0.8342595758402646,-25.492110511684245,14,-0.06304040867647946,0.19778781148035354,0.12210079926096082
5,0.8342595758402646,-25.492110511684245,15,-0.04843087477130217,0.22681493748044815,0.11135127247595254
5,0.8342595758402646,-25.492110511684245,16,-0.03204924528081418,0.2506043735292873,0.11176133908265197
5,0.8342595758402646,-25.492110511684245,17,-0.016444203988111063,0.27350032956419973,0.1025668450195903
5,0.8342595758402646,-25.492110511684245,18,-0.011019614315447304,0.2895119006006516,0.10049696102289185
5,0.8342595758402646,-25.492110511684245,19,-0.013968764994631785,0.3001743732829589,0.09960985985690889
5,0.8342595758402646,-25.492110511684245,20,-0.0159170904656171,0.30813285183794065,0.0990640317716862
5,0.8342595758402646,-25.492110511684245,21,-0.016631143719473013,0.31302465862217554,0.09914411403890457
5,0.8342595758402646,-25.492110511684245,22,-0.016631560702591374,0.3145968098726964,0.0995219418668471
5,0.8342595758402646,-25.492110511684245,23,-0.016716009037937074,0.3145725773133837,0.09976904139390598
5,0.8342595758402646,-25.492110511684245,24,-0.01675686883976024,0.31455923700320004,0.0998856808807818
5,0.8342595758402646,-25.492110511684245,25,-0.016776169275096103,0.31455293271465773,0.09994074654831571
5,0.8342595758402646,-25.492110511684245,26,-0.01678528407663546,0.3145499548057019,0.0999667448702994
5,0.8342595758402646,-25.492110511684245,27,-0.016789588154639764,0.3145485484687521,0.09997901992595218
5,0.8342595758402646,-25.492110511684245,28,-0.016791620456583407,0.31454788437879955,0.09998481565549379
5,0.8342595758402646,-25.492110511684245,29,-0.01679258004784351,0.3145475708042319,0.09998755215778499
5,0.8342595758402646,-25.492110511684245,30,-0.016793033133402968,0.31454742274260844,0.09998884422458726
6,0.8342595758402646,-25.67296790001823,1,-0.25410630641999576,-0.1936938102114581,0.18150991748236023
6,0.8342595758402646,-25.67296790001823,2,-0.3502648958247622,-0.3508899918372534,0.10460780301529762
6,0.8342595758402646,-25.67296790001823,3,-0.3276874733166038,-0.29895454549510786,0.16271188870494016
6,0.8342595758402646,-25.67296790001823,4,-0.3003543880291411,-0.24759177537687826,0.20534721185649313
6,0.8342595758402646,-25.67296790001823,5,-0.2731371545564056,-0.1964467073608825,0.23376512369805078
6,0.8342595758402646,-25.67296790001823,6,-0.24602821754126933,-0.1455051438522554,0.24803186514200948
6,0.8342595758402646,-25.67296790001823,7,-0.21902312946901387,-0.09475872733578473,0.24820521562899153
6,0.8342595758402646,-25.67296790001823,8,-0.19212100931359552,-0.044205802237733814,0.23433936767859223
6,0.8342595758402646,-25.67296790001823,9,-0.1653245149646083,0.006148636887832968,0.20649042362317793
6,0.8342595758402646,-25.67296790001823,10,-0.13863930465283056,0.05629395741735008,0.16472124773608268
6,0.8342595758402646,-25.67296790001823,11,-0.11604244843184347,0.09800069832536507,0.14567160223665124
6,0.8342595758402646,-25.67296790001823,12,-0.09670182305782928,0.13322696522796748,0.14109742362722055
6,0.8342595758402646,-25.67296790001823,13,-0.07762077168081255,0.1672801163762991,0.12685173847228376
6,0.8342595758402646,-25.67296790001823,14,-0.06304040867647946,0.19778781148035354,0.12210079926096082
6,0.8342595758402646,-25.67296790001823,15,-0.04843087477130217,0.22681493748044815,0.11135127247595254
6,0.8342595758402646,-25.67296790001823,16,-0.03204924528081418,0.2506043735292873,0.11176133908265197
6,0.8342595758402646,-25.67296790001823,17,-0.016444203988111063,0.27350032956419973,0.1025668450195903
6,0.8342595758402646,-25.67296790001823,18,-0.01106939014057602,0.289501280399844,0.1004962683609433
6,0.8342595758402646,-25.67296790001823,19,-0.014275235562385637,0.30011889354782556,0.09925256146863107
6,0.8342595758402646,-25.67296790001823,20,-0.016376767829558454,0.30795377800080104,0.09838909065964153
6,0.8342595758402646,-25.67296790001823,21,-0.01701269602493173,0.31291623760143045,0.09924980562717668
6,0.8342595758402646,-25.67296790001823,22,-0.017145181481454243,0.31468859540365174,0.09929735863947094
6,0.8342595758402646,-25.67296790001823,23,-0.01716629155152857,0.3147768656586804,0.09966300160157937
6,0.8342595758402646,-25.67296790001823,24,-0.01717625798058134,0.31481855417231724,0.09983561292823095
6,0.8342595758402646,-25.67296790001823,25,-0.01718096855569722,0.3148382387397261,0.09991710638220742
6,0.8342595758402646,-25.67296790001823,26,-0.017183193379413476,0.3148475337645391,0.09995558289424687
6,0.8342595758402646,-25.67296790001823,27,-0.017184243914152686,0.314851922812261,0.09997374967145531
6,0.8342595758402646,-25.67296790001823,28,-0.01718473994928627,0.3148539952172518,0.09998232724479743
6,0.8342595758402646,-25.67296790001823,29,-0.017184974160848507,0.31485497374159066,0.09998637722636516
6,0.8342595758402646,-25.67296790001823,30,-0.017185084747152128,0.31485543576626973,0.09998828946735894
7,0.8421814931653889,-36.458304009191686,1,-0.25410630641999576,-0.1936938102114581,0.18150991748236023
7,0.8421814931653889,-36.458304009191686,2,-0.35012213931761993,-0.35077061668299087,0.10491224448173585
7,0.8421814931653889,-36.458304009191686,3,-0.3268250477890455,-0.29806112928682665,0.16329450145379618
7,0.8421814931653889,-36.458304009191686,4,-0.2989250507968108,-0.24593247258885198,0.2062443224439968
7,0.8421814931653889,-36.458304009191686,5,-0.2711443776044812,-0.19402676177158387,0.23497399613595724
7,0.8421814931653889,-36.458304009191686,6,-0.2434753275058631,-0.14232960875212736,0.24955038168054236
7,0.8421814931653889,-36.458304009191686,7,-0.21591332764586232,-0.09083246955847431,0.25003186830244506
7,0.8421814931653889,-36.458304009191686,8,-0.18845738842557458,-0.039533495213308754,0.23647317550319877
7,0.8421814931653889,-36.458304009191686,9,-0.16111008610622254,0.011562500768985165,0.20893077234396532
7,0.8421814931653889,-36.458304009191686,10,-0.13387704133994555,0.06244501670104606,0.16746769977350884
7,0.8421814931653889,-36.458304009191686,11,-0.1089062450967803,0.10570175347162113,0.14319433710440327
7,0.8421814931653889,-36.458304009191686,12,-0.08520527062597467,0.14124217460732294,0.13595027006132795
7,0.8421814931653889,-36.458304009191686,13,-0.06158245430054604,0.17666539493318856,0.11468858631953235
7,0.8421814931653889,-36.458304009191686,14,-0.04402640169535468,0.20782338304947373,0.11223402058377246
7,0.8421814931653889,-36.458304009191686,15,-0.027101498536167265,0.23448260679506946,0.11766880941261897
7,0.8421814931653889,-36.458304009191686,16,-0.010338377204367307,0.2601597429936677,0.11270737940213413
7,0.8421814931653889,-36.458304009191686,17,-0.015766312246676396,0.275902642210315,0.10565223595665596
7,0.8421814931653889,-36.458304009191686,18,-0.025573656493041833,0.28681297868887334,0.10084726451067004
7,0.8421814931653889,-36.458304009191686,19,-0.03266730998754706,0.29471807888483165,0.09976765845256988
7,0.8421814931653889,-36.458304009191686,20,-0.037111803357180215,0.30023411686572893,0.0993104169739143
7,0.8421814931653889,-36.458304009191686,21,-0.03946426617746754,0.30296243616480234,0.09917814957687869
7,0.8421814931653889,-36.458304009191686,22,-0.039737886294204015,0.3033859346885583,0.0996068352643876
7,0.8421814931653889,-36.458304009191686,23,-0.03974124324563791,0.3034714278949452,0.09980912001161481
7,0.8421814931653889,-36.458304009191686,24,-0.03974282217058932,0.3035117959575611,0.09990460339347121
7,0.8421814931653889,-36.458304009191686,25,-0.03974356570272455,0.30353085676912944,0.0999496807909154
7,0.8421814931653889,-36.458304009191686,26,-0.03974391663347684,0.303539856097634,0.0999709632216587
7,0.8421814931653889,-36.458304009191686,27,-0.03974408204911831,0.3035441052643497,0.0999810116567222
7,0.8421814931653889,-36.458304009191686,28,-0.03974416015837191,0.30354611164898854,0.09998575607118589
7,0.8421814931653889,-36.458304009191686,29,-0.03974419704531121,0.3035470590059634,0.09998799618515537
7,0.8421814931653889,-36.458304009191686,30,-0.03974421446340945,0.30354750631570937,0.0999890538770254
8,0.8342595758402646,-25.516766882084227,1,-0.25410630641999576,-0.1936938102114581,0.18150991748236023
8,0.8342595758402646,-25.516766882084227,2,-0.3502648958247622,-0.3508899918372534,0.10460780301529762
8,0.8342595758402646,-25.516766882084227,3,-0.3276874733166038,-0.29895454549510786,0.16271188870494016
8,0.8342595758402646,-25.516766882084227,4,-0.3003543880291411,-0.24759177537687826,0.20534721185649313
8,0.8342595758402646,-25.516766882084227,5,-0.2731371545564056,-0.1964467073608825,0.23376512369805078
8,0.8342595758402646,-25.516766882084227,6,-0.24602821754126933,-0.1455051438522554,0.24803186514200948
8,0.8342595758402646,-25.516766882084227,7,-0.21902312946901387,-0.09475872733578473,0.24820521562899153
8,0.8342595758402646,-25.516766882084227,8,-0.19212100931359552,-0.044205802237733814,0.23433936767859223
8,0.8342595758402646,-25.516766882084227,9,-0.1653245149646083,0.006148636887832968,0.20649042362317793
8,0.8342595758402646,-25.516766882084227,10,-0.13863930465283056,0.05629395741735008,0.16472124773608268
8,0.8342595758402646,-25.516766882084227,11,-0.11604244843184347,0.09800069832536507,0.14567160223665124
8,0.8342595758402646,-25.516766882084227,12,-0.09670182305782928,0.13322696522796748,0.14109742362722055
8,0.8342595758402646,-25.516766882084227,13,-0.07762077168081255,0.1672801163762991,0.12685173847228376
8,0.8342595758402646,-25.516766882084227,14,-0.06304040867647946,0.19778781148035354,0.12210079926096082
8,0.8342595758402646,-25.516766882084227,15,-0.04843087477130217,0.22681493748044815,0.11135127247595254
8,0.8342595758402646,-25.516766882084227,16,-0.03204924528081418,0.2506043735292873,0.11176133908265197
8,0.8342595758402646,-25.516766882084227,17,-0.016444203988111063,0.27350032956419973,0.1025668450195903
8,0.8342595758402646,-25.516766882084227,18,-0.01103133821441731,0.28950785146715624,0.10050476156837004
8,0.8342595758402646,-25.516766882084227,19,-0.013994768418939544,0.3001683022682768,0.0996184980935742
8,0.8342595758402646,-25.516766882084227,20,-0.015958353539890585,0.30812688084373174,0.09906830621888195
8,0.8342595758402646,-25.516766882084227,21,-0.016683645989735103,0.3130194639097072,0.09914599220150096
8,0.8342595758402646,-25.516766882084227,22,-0.016688564005950774,0.314591795273347,0.0995228261266824
8,0.8342595758402646,-25.516766882084227,23,-0.016773322873172077,0.3145663647673774,0.09976945946069382
8,0.8342595758402646,-25.516766882084227,24,-0.016814313512397382,0.3145524875873983,0.09988587839909084
8,0.8342595758402646,-25.516766882084227,25,-0.016833675756606582,0.31454592975444906,0.09994083983632315
8,0.8342595758402646,-25.516766882084227,26,-0.016842819743352347,0.3145428321201867,0.09996678892342148
8,0.8342595758402646,-25.516766882084227,27,-0.016847137602322298,0.31454136925123677,0.09997904072750086
8,0.8342595758402646,-25.516766882084227,28,-0.01684917641132088,0.31454067846849415,0.09998482547748602
8,0.8342595758402646,-25.516766882084227,29,-0.016850139074990174,0.31454035229047794,0.09998755679541815
8,0.8342595758402646,-25.516766882084227,30,-0.01685059361122742,0.31454019827795965,0.09998884641431359
9,0.8342595758402646,-26.34935270433709,1,-0.25410630641999576,-0.1936938102114581,0.18150991748236023
9,0.8342595758402646,-26.34935270433709,2,-0.3502648958247622,-0.3508899918372534,0.10460780301529762
9,0.8342595758402646,-26.34935270433709,3,-0.3276874733166038,-0.29895454549510786,0.16271188870494016
9,0.8342595758402646,-26.34935270433709,4,-0.3003543880291411,-0.24759177537687826,0.20534721185649313
9,0.8342595758402646,-26.34935270433709,5,-0.2731371545564056,-0.1964467073608825,0.23376512369805078
9,0.8342595758402646,-26.34935270433709,6,-0.24602821754126933,-0.1455051438522554,0.24803186514200948
9,0.8342595758402646,-26.34935270433709,7,-0.21902312946901387,-0.09475872733578473,0.24820521562899153
9,0.8342595758402646,-26.34935270433709,8,-0.19212100931359552,-0.044205802237733814,0.23433936767859223
9,0.8342595758402646,-26.34935270433709,9,-0.1653245149646083,0.006148636887832968,0.20649042362317793
9,0.8342595758402646,-26.34935270433709,10,-0.13863930465283056,0.05629395741735008,0.16472124773608268
9,0.8342595758402646,-26.34935270433709,11,-0.11604244843184347,0.09800069832536507,0.14567160223665124
9,0.8342595758402646,-26.34935270433709,12,-0.09670182305782928,0.13322696522796748,0.14109742362722055
9,0.8342595758402646,-26.34935270433709,13,-0.07762077168081255,0.1672801163762991,0.12685173847228376
9,0.8342595758402646,-26.34935270433709,14,-0.06304040867647946,0.19778781148035354,0.12210079926096082
9,0.8342595758402646,-26.34935270433709,15,-0.04843087477130217,0.22681493748044815,0.11135127247595254
9,0.8342595758402646,-26.34935270433709,16,-0.03204924528081418,0.2506043735292873,0.11176133908265197
9,0.8342595758402646,-26.34935270433709,17,-0.016444203988111063,0.27350032956419973,0.1025668450195903
9,0.8342595758402646,-26.34935270433709,18,-0.01093226536375049,0.28953384910172686,0.10046675156787555
9,0.8342595758402646,-26.34935270433709,19,-0.01438523671925579,0.30051620193658246,0.09919148704396427
9,0.8342595758402646,-26.34935270433709,20,-0.017118877499226685,0.30884652918605704,0.09901238414582919
9,0.8342595758402646,-26.34935270433709,21,-0.018688986935974216,0.3140395925737408,0.0990619291942008
9,0.8342595758402646,-26.34935270433709,22,-0.019091309500640023,0.3159845281366293,0.09955189068336918
9,0.8342595758402646,-26.34935270433709,23,-0.019216632963869974,0.315999676810091,0.09978316715351203
9,0.8342595758402646,-26.34935270433709,24,-0.01920898331541965,0.3159606641333275,0.09989234921585029
9,0.8342595758402646,-26.34935270433709,25,-0.01920537116020704,0.3159422265846119,0.09994389478852579
9,0.8342595758402646,-26.34935270433709,26,-0.019203666580425504,0.3159335229599546,0.09996823128288435
9,0.8342595758402646,-26.34935270433709,27,-0.01920286212046758,0.315929413765445,0.09997972173808517
9,0.8342595758402646,-26.34935270433709,28,-0.01920248229405838,0.31592747356073375,0.09998514702084413
9,0.8342595758402646,-26.34935270433709,29,-0.01920230295659955,0.3159265574706314,0.099987708614982
9,0.8342595758402646,-26.34935270433709,30,-0.01920221828080337,0.3159261249281912,0.09998891809747049
10,0.8203782953192326,-37.107357255902194,1,-0.25410630641999576,-0.1936938102114581,0.18150991748236023
10,0.8203782953192326,-37.107357255902194,2,-0.3505108848471997,-0.35110165588469006,0.10407222250655225
10,0.8203782953192326,-37.107357255902194,3,-0.32918799318578945,-0.30052018510054535,0.16167268562877946
10,0.8203782953192326,-37.107357255902194,4,-0.30285339993282495,-0.25049351899777217,0.20374310041034996
10,0.8203782953192326,-37.107357255902194,5,-0.2766286555966194,-0.20067552804056385,0.231600900999752
10,0.8203782953192326,-37.107357255902194,6,-0.25050646284377176,-0.151052349806289,0.24531123886997575
10,0.8203782953192326,-37.107357255902194,7,-0.22448259586322203,-0.10161595670792999,0.24493082293251714
10,0.8203782953192326,-37.107357255902194,8,-0.19855636386326525,-0.05236503647893171,0.23051293110907053
10,0.8203782953192326,-37.107357255902194,9,-0.17273056377885831,-0.0033049023333565023,0.2021130463714035
10,0.8203782953192326,-37.107357255902194,10,-0.1470109108366424,0.045553588764644465,0.15979375639758037
10,0.8203782953192326,-37.107357255902194,11,-0.1272550569884004,0.0848734348673011,0.14775221960353196
10,0.8203782953192326,-37.107357255902194,12,-0.11068328152653703,0.11911564433839707,0.14521306953076038
10,0.8203782953192326,-37.107357255902194,13,-0.09446884960257292,0.15197164765207496,0.1339493927843619
10,0.8203782953192326,-37.107357255902194,14,-0.07832913042326627,0.18360123604769096,0.11320759470455136
10,0.8203782953192326,-37.107357255902194,15,-0.06775326039389296,0.2112854159647758,0.11034307269667121
10,0.8203782953192326,-37.107357255902194,16,-0.05747444604634645,0.23499302711741785,0.11413050976583151
10,0.8203782953192326,-37.107357255902194,17,-0.0463868455445519,0.25747911768600057,0.10991586139156466
10,0.8203782953192326,-37.107357255902194,18,-0.03505373368264565,0.27785412136069,0.10038321099454042
10,0.8203782953192326,-37.107357255902194,19,-0.025613500800420946,0.2946251363940681,0.10102648417905115
10,0.8203782953192326,-37.107357255902194,20,-0.026699903071488174,0.3043255800206734,0.1013380250126473
10,0.8203782953192326,-37.107357255902194,21,-0.033163976274298346,0.309582280961124,0.10050777443632031
10,0.8203782953192326,-37.107357255902194,22,-0.037552237581603455,0.3130812069195622,0.09974755211595894
10,0.8203782953192326,-37.107357255902194,23,-0.03919820823239405,0.3145473213768344,0.09968557496569147
10,0.8203782953192326,-37.107357255902194,24,-0.03907988062059095,0.3146495724959308,0.09984636457674978
10,0.8203782953192326,-37.107357255902194,25,-0.03901599117497392,0.3146766781671273,0.09992220371168778
10,0.8203782953192326,-37.107357255902194,26,-0.03898580547252075,0.3146894877220553,0.09995799417778488
10,0.8203782953192326,-37.107357255902194,27,-0.03897154963871826,0.31469553864829986,0.09997488922483408
10,0.8203782953192326,-37.107357255902194,28,-0.03896481755827515,0.31469839646499587,0.09998286553599166
10,0.8203782953192326,-37.107357255902194,29,-0.03896163869319627,0.3146997457901418,0.09998663143750967
10,0.8203782953192326,-37.107357255902194,30,-0.038960137727821996,0.3147003828683247,0.0999884095061652
11,0.8342595758402646,-25.656019363902505,1,-0.25410630641999576,-0.1936938102114581,0.18150991748236023
11,0.8342595758402646,-25.656019363902505,2,-0.3502648958247622,-0.3508899918372534,0.10460780301529762
11,0.8342595758402646,-25.656019363902505,3,-0.3276874733166038,-0.29895454549510786,0.16271188870494016
11,0.8342595758402646,-25.656019363902505,4,-0.3003543880291411,-0.24759177537687826,0.20534721185649313
11,0.8342595758402646,-25.656019363902505,5,-0.2731371545564056,-0.1964467073608825,0.23376512369805078
11,0.8342595758402646,-25.656019363902505,6,-0.24602821754126933,-0.1455051438522554,0.24803186514200948
11,0.8342595758402646,-25.656019363902505,7,-0.21902312946901387,-0.09475872733578473,0.24820521562899153
11,0.8342595758402646,-25.656019363902505,8,-0.19212100931359552,-0.044205802237733814,0.23433936767859223
11,0.8342595758402646,-25.656019363902505,9,-0.1653245149646083,0.006148636887832968,0.20649042362317793
11,0.8342595758402646,-25.656019363902505,10,-0.13863930465283056,0.05629395741735008,0.16472124773608268
11,0.8342595758402646,-25.656019363902505,11,-0.11604244843184347,0.09800069832536507,0.14567160223665124
11,0.8342595758402646,-25.656019363902505,12,-0.09670182305782928,0.13322696522796748,0.14109742362722055
11,0.8342595758402646,-25.656019363902505,13,-0.07762077168081255,0.1672801163762991,0.12685173847228373
11,0.8342595758402646,-25.656019363902505,14,-0.063040408674535,0.19778781147924837,0.12210079925681791
11,0.8342595758402646,-25.656019363902505,15,-0.04843087476729788,0.22681493747814194,0.11135127246673927
11,0.8342595758402646,-25.656019363902505,16,-0.03204924527517035,0.25060437352573994,0.11176133906760664
11,0.8342595758402646,-25.656019363902505,17,-0.016444203978409577,0.27350032955481984,0.10256684500721369
11,0.8342595758402646,-25.656019363902505,18,-0.011065231562176269,0.2895029590487421,0.10049119411181806
11,0.8342595758402646,-25.656019363902505,19,-0.014255064090155204,0.3001250417901664,0.09924465336648239
11,0.8342595758402646,-25.656019363902505,20,-0.016346245032982508,0.3079595446112294,0.09841275741595044
11,0.8342595758402646,-25.656019363902505,21,-0.016980695403271493,0.31292773991089484,0.09924807985393208
11,0.8342595758402646,-25.656019363902505,22,-0.01710855092228661,0.31470272476574684,0.09929136919620564
11,0.8342595758402646,-25.656019363902505,23,-0.01713009676767288,0.31479520506626407,0.0996601775971033
11,0.8342595758402646,-25.656019363902505,24,-0.01714028032326655,0.31483888355231987,0.09983428051716411
11,0.8342595758402646,-25.656019363902505,25,-0.017145092383655434,0.31485950674213353,0.09991647753045334
11,0.8342595758402646,-25.656019363902505,26,-0.017147364415248965,0.3148692408799905,0.09995528604205609
11,0.8342595758402646,-25.656019363902505,27,-0.017148437081216165,0.3148738362835337,0.09997360953394503
11,0.8342595758402646,-25.656019363902505,28,-0.017148943348978846,0.31487600493551593,0.09998226107931399
11,0.8342595758402646,-25.656019363902505,29,-0.01714918239220422,0.3148770289053276,0.09998634598603388
11,0.8342595758402646,-25.656019363902505,30,-0.01714929525987929,0.31487751238791173,0.09998827471698274
12,0.8342595758402646,-25.545589292445992,1,-0.25410630641999576,-0.1936938102114581,0.18150991748236023
12,0.8342595758402646,-25.545589292445992,2,-0.3502648958247622,-0.3508899918372534,0.10460780301529762
12,0.8342595758402646,-25.545589292445992,3,-0.3276874733166038,-0.29895454549510786,0.16271188870494016
12,0.8342595758402646,-25.545589292445992,4,-0.3003543880291411,-0.24759177537687826,0.20534721185649313
12,0.8342595758402646,-25.545589292445992,5,-0.2731371545564056,-0.1964467073608825,0.23376512369805078
12,0.8342595758402646,-25.545589292445992,6,-0.24602821754126933,-0.1455051438522554,0.24803186514200948
12,0.8342595758402646,-25.545589292445992,7,-0.21902312946901387,-0.09475872733578473,0.24820521562899153
12,0.8342595758402646,-25.545589292445992,8,-0.19212100931359552,-0.044205802237733814,0.23433936767859223
12,0.8342595758402646,-25.545589292445992,9,-0.1653245149646083,0.006148636887832968,0.20649042362317793
12,0.8342595758402646,-25.545589292445992,10,-0.13863930465283056,0.05629395741735008,0.16472124773608268
12,0.8342595758402646,-25.545589292445992,11,-0.11604244843184347,0.09800069832536507,0.14567160223665124
12,0.8342595758402646,-25.545589292445992,12,-0.09670182305782928,0.13322696522796748,0.14109742362722055
12,0.8342595758402646,-25.545589292445992,13,-0.07762077168081255,0.1672801163762991,0.12685173847228376
12,0.8342595758402646,-25.545589292445992,14,-0.06304040867647946,0.19778781148035354,0.12210079926096082
12,0.8342595758402646,-25.545589292445992,15,-0.04843087477130217,0.22681493748044815,0.11135127247595254
12,0.8342595758402646,-25.545589292445992,16,-0.03204924528081418,0.2506043735292873,0.11176133908265197
12,0.8342595758402646,-25.545589292445992,17,-0.016444203988111063,0.27350032956419973,0.1025668450195903
12,0.8342595758402646,-25.545589292445992,18,-0.011037151028627555,0.28950832722498426,0.10049973877500731
12,0.8342595758402646,-25.545589292445992,19,-0.014026193476168432,0.3001635494180171,0.09961301871630822
12,0.8342595758402646,-25.545589292445992,20,-0.016008538095763362,0.30811570017924095,0.09906576650428195
12,0.8342595758402646,-25.545589292445992,21,-0.016745917637863466,0.3130038082997416,0.09914477466513255
12,0.8342595758402646,-25.545589292445992,22,-0.01675414993646978,0.3145735599674786,0.09952228412906539
12,0.8342595758402646,-25.545589292445992,23,-0.016838294952866702,0.314549136620753,0.09976920246053156
12,0.8342595758402646,-25.545589292445992,24,-0.016878895862645946,0.31453592382980766,0.09988575681092918
12,0.8342595758402646,-25.545589292445992,25,-0.01689807396375986,0.31452967981643454,0.09994078237300366
12,0.8342595758402646,-25.545589292445992,26,-0.016907130981543363,0.3145267303840078,0.09996676177940408
12,0.8342595758402646,-25.545589292445992,27,-0.016911407770881796,0.31452533749599737,0.09997902790845631
12,0.8342595758402646,-25.545589292445992,28,-0.016913427187045398,0.3145246797569724,0.09998481942422917
12,0.8342595758402646,-25.545589292445992,29,-0.016914380693917843,0.3145243691812793,0.09998755393717053
12,0.8342595758402646,-25.545589292445992,30,-0.01691483090661781,0.31452422253565715,0.0999888450647297
13,0.8342595758402646,-25.638032841373732,1,-0.25410630641999576,-0.1936938102114581,0.18150991748236023
13,0.8342595758402646,-25.638032841373732,2,-0.3502648958247622,-0.3508899918372534,0.10460780301529762
13,0.8342595758402646,-25.638032841373732,3,-0.3276874733166038,-0.29895454549510786,0.16271188870494016
13,0.8342595758402646,-25.638032841373732,4,-0.3003543880291411,-0.24759177537687826,0.20534721185649313
13,0.8342595758402646,-25.638032841373732,5,-0.2731371545564056,-0.1964467073608825,0.23376512369805078
13,0.8342595758402646,-25.638032841373732,6,-0.24602821754126933,-0.1455051438522554,0.24803186514200948
13,0.8342595758402646,-25.638032841373732,7,-0.21902312946901387,-0.09475872733578473,0.24820521562899153
13,0.8342595758402646,-25.638032841373732,8,-0.19212100931359552,-0.044205802237733814,0.23433936767859223
13,0.8342595758402646,-25.638032841373732,9,-0.1653245149646083,0.006148636887832968,0.20649042362317793
13,0.8342595758402646,-25.638032841373732,10,-0.13863930465283056,0.05629395741735008,0.16472124773608268
13,0.8342595758402646,-25.638032841373732,11,-0.11604244843184347,0.09800069832536507,0.14567160223665124
13,0.8342595758402646,-25.638032841373732,12,-0.09670182305782928,0.13322696522796748,0.14109742362722055
13,0.8342595758402646,-25.638032841373732,13,-0.07762077168081255,0.1672801163762991,0.12685173847228376
13,0.8342595758402646,-25.638032841373732,14,-0.06304040867647946,0.19778781148035354,0.12210079926096082
13,0.8342595758402646,-25.638032841373732,15,-0.04843087477130217,0.22681493748044815,0.11135127247595254
13,0.8342595758402646,-25.638032841373732,16,-0.03204924528081418,0.2506043735292873,0.11176133908265197
13,0.8342595758402646,-25.638032841373732,17,-0.016444203988111063,0.27350032956419973,0.1025668450195903
13,0.8342595758402646,-25.638032841373732,18,-0.011058016621678724,0.289503792329709,0.10049711352303561
13,0.8342595758402646,-25.638032841373732,19,-0.014236693128039957,0.3001282943765635,0.09925491301494456
13,0.8342595758402646,-25.638032841373732,20,-0.016315922866243032,0.30797162206314294,0.09837799896167489
13,0.8342595758402646,-25.638032841373732,21,-0.01693614177397145,0.3129371777368945,0.09924892202448925
13,0.8342595758402646,-25.638032841373732,22,-0.01706612165395569,0.3147098519504842,0.0992977400711811
13,0.8342595758402646,-25.638032841373732,23,-0.0170880163237539,0.3147977730865665,0.09966318156304577
13,0.8342595758402646,-25.638032841373732,24,-0.01709835337430912,0.31483929648488285,0.09983569786882089
13,0.8342595758402646,-25.638032841373732,25,-0.017103238878947217,0.3148589030726109,0.09991714648111122
13,0.8342595758402646,-25.638032841373732,26,-0.01710554629138181,0.31486816123724215,0.09995560182589462
13,0.8342595758402646,-25.638032841373732,27,-0.017106635823038983,0.31487253288016803,0.09997375860991231
13,0.8342595758402646,-25.638032841373732,28,-0.017107150271415624,0.3148745970671011,0.09998233146511668
13,0.8342595758402646,-25.638032841373732,29,-0.01710739317709105,0.31487557171114916,0.09998637921902016
13,0.8342595758402646,-25.638032841373732,30,-0.017107507868439353,0.3148760319036954,0.09998829040820993
14,0.8342595758402646,-25.681595615512933,1,-0.25410630641999576,-0.1936938102114581,0.18150991748236023
14,0.8342595758402646,-25.681595615512933,2,-0.3502648958247622,-0.3508899918372534,0.10460780301529762
14,0.8342595758402646,-25.681595615512933,3,-0.3276874733166038,-0.29895454549510786,0.16271188870494016
14,0.8342595758402646,-25.681595615512933,4,-0.3003543880291411,-0.24759177537687826,0.20534721185649313
14,0.8342595758402646,-25.681595615512933,5,-0.2731371545564056,-0.1964467073608825,0.23376512369805078
14,0.8342595758402646,-25.681595615512933,6,-0.24602821754126933,-0.1455051438522554,0.24803186514200948
14,0.8342595758402646,-25.681595615512933,7,-0.21902312946901387,-0.09475872733578473,0.24820521562899153
14,0.8342595758402646,-25.681595615512933,8,-0.19212100931359552,-0.044205802237733814,0.23433936767859223
14,0.8342595758402646,-25.681595615512933,9,-0.1653245149646083,0.006148636887832968,0.20649042362317793
14,0.8342595758402646,-25.681595615512933,10,-0.13863930465283056,0.05629395741735008,0.16472124773608268
14,0.8342595758402646,-25.681595615512933,11,-0.11604244843184347,0.09800069832536507,0.14567160223665124
14,0.8342595758402646,-25.681595615512933,12,-0.09670182305782928,0.13322696522796748,0.14109742362722055
14,0.8342595758402646,-25.681595615512933,13,-0.07762077168081255,0.1672801163762991,0.12685173847228376
14,0.8342595758402646,-25.681595615512933,14,-0.06304040867647946,0.19778781148035354,0.12210079926096082
14,0.8342595758402646,-25.681595615512933,15,-0.04843087477130217,0.22681493748044815,0.11135127247595254
14,0.8342595758402646,-25.681595615512933,16,-0.03204924528081418,0.2506043735292873,0.11176133908265197
14,0.8342595758402646,-25.681595615512933,17,-0.016444203988111063,0.27350032956419973,0.1025668450195903
14,0.8342595758402646,-25.681595615512933,18,-0.011047411178135751,0.28950601307266377,0.10049663712034569
14,0.8342595758402646,-25.681595615512933,19,-0.014055578260191406,0.30015592160384125,0.09960987951034295
14,0.8342595758402646,-25.681595615512933,20,-0.016046715711627923,0.3081052773873486,0.09913817706137389
14,0.8342595758402646,-25.681595615512933,21,-0.01698639067527256,0.31298278198222873,0.0991455584821741
14,0.8342595758402646,-25.681595615512933,22,-0.01711911943375059,0.31455842232513254,0.0995330096857003
14,0.8342595758402646,-25.681595615512933,23,-0.017207134449884687,0.3145318111780444,0.09977426800203675
14,0.8342595758402646,-25.681595615512933,24,-0.017248686531731974,0.3145192412800976,0.09988814886416897
14,0.8342595758402646,-25.681595615512933,25,-0.017268314126024767,0.31451330063365196,0.09994191187506016
14,0.8342595758402646,-25.681595615512933,26,-0.017277583482404883,0.31451049438351897,0.09996729510155784
14,0.8342595758402646,-25.681595615512933,27,-0.017281960554049715,0.31450916908935816,0.09997927972589846
14,0.8342595758402646,-25.681595615512933,28,-0.017284027324728307,0.3145085432627756,0.09998493832343765
14,0.8342595758402646,-25.681595615512933,29,-0.017285003191619956,0.31450824775424,0.09998761007694824
14,0.8342595758402646,-25.681595615512933,30,-0.017285463962084018,0.3145081082225964,0.09998887157180054
15,0.8259145534816683,-34.3497417843195,1,-0.25410630641999576,-0.1936938102114581,0.18150991748236023
15,0.8259145534816683,-34.3497417843195,2,-0.35041340681597033,-0.3510168618911911,0.10428615079198622
15,0.8259145534816683,-34.3497417843195,3,-0.32859120008414,-0.2998957335331744,0.16208994616504444
15,0.8259145534816683,-34.3497417843195,4,-0.3018576644800244,-0.24933708250131617,0.20438777506551373
15,0.8259145534816683,-34.3497417843195,5,-0.2752363591941099,-0.19899068223857266,0.23247107628806082
15,0.8259145534816683,-34.3497417843195,6,-0.24871988349194693,-0.14884253642377016,0.24640543673449383
15,0.8259145534816683,-34.3497417843195,7,-0.22230392283960496,-0.09888448537991776,0.2462479925531042
15,0.8259145534816683,-34.3497417843195,8,-0.19598771060006295,-0.04911507923767573,0.23205238500135547
15,0.8259145534816683,-34.3497417843195,9,-0.16977398890153236,0.00046049607074782455,0.20387434039025373
15,0.8259145534816683,-34.3497417843195,10,-0.14366845163713976,0.04983147221452441,0.16177655156086693
15,0.8259145534816683,-34.3497417843195,11,-0.12135808104885697,0.09101546958901686,0.1410296738582833
15,0.8259145534816683,-34.3497417843195,12,-0.10122118887389057,0.12699755814229735,0.12858716690836258
15,0.8259145534816683,-34.3497417843195,13,-0.08120215044431471,0.16098421036402702,0.11001214395959534
15,0.8259145534816683,-34.3497417843195,14,-0.06694306064230042,0.1899195338103083,0.11041591517331699
15,0.8259145534816683,-34.3497417843195,15,-0.05589918076050535,0.21509009882522126,0.11911140971254787
15,0.8259145534816683,-34.3497417843195,16,-0.044570214505202266,0.23881442442481368,0.11946324344106171
15,0.8259145534816683,-34.3497417843195,17,-0.03262700739675322,0.2614380591063252,0.11069837095519387
15,0.8259145534816683,-34.3497417843195,18,-0.02197628264444521,0.28161978559950324,0.10236629170258771
15,0.8259145534816683,-34.3497417843195,19,-0.02354599667951353,0.29217535710098813,0.10576645764697437
15,0.8259145534816683,-34.3497417843195,20,-0.02875647982811641,0.2990060882487032,0.1039244913331892
15,0.8259145534816683,-34.3497417843195,21,-0.032638580935912,0.30496764289945477,0.10067745187128355
15,0.8259145534816683,-34.3497417843195,22,-0.034539791986383205,0.3098043182000303,0.09937694800203087
15,0.8259145534816683,-34.3497417843195,23,-0.03435880888324499,0.31338566033102583,0.09962582654369044
15,0.8259145534816683,-34.3497417843195,24,-0.03431146533478605,0.31416571726501585,0.09963822166209248
15,0.8259145534816683,-34.3497417843195,25,-0.03419565758560779,0.3141030713676312,0.09982398811699257
15,0.8259145534816683,-34.3497417843195,26,-0.03414098561513365,0.31407343480755734,0.0999116343770034
15,0.8259145534816683,-34.3497417843195,27,-0.034115180253941474,0.3140594435404491,0.09995300296711468
15,0.8259145534816683,-34.3497417843195,28,-0.034102997451631215,0.3140528389040952,0.09997253236382249
15,0.8259145534816683,-34.3497417843195,29,-0.03409724554824076,0.31404972077920085,0.0999817526651181
15,0.8259145534816683,-34.3497417843195,30,-0.034094529799946864,0.31404824859310776,0.09998610597346512
16,0.8342595758402646,-25.634216078966222,1,-0.25410630641999576,-0.1936938102114581,0.18150991748236023
16,0.8342595758402646,-25.634216078966222,2,-0.3502648958247622,-0.3508899918372534,0.10460780301529762
16,0.8342595758402646,-25.634216078966222,3,-0.3276874733166038,-0.29895454549510786,0.16271188870494016
16,0.8342595758402646,-25.634216078966222,4,-0.3003543880291411,-0.24759177537687826,0.20534721185649313
16,0.8342595758402646,-25.634216078966222,5,-0.2731371545564056,-0.1964467073608825,0.23376512369805078
16,0.8342595758402646,-25.634216078966222,6,-0.24602821754126933,-0.1455051438522554,0.24803186514200948
16,0.8342595758402646,-25.634216078966222,7,-0.21902312946901387,-0.09475872733578473,0.24820521562899153
16,0.8342595758402646,-25.634216078966222,8,-0.19212100931359552,-0.044205802237733814,0.23433936767859223
16,0.8342595758402646,-25.634216078966222,9,-0.1653245149646083,0.006148636887832968,0.20649042362317793
16,0.8342595758402646,-25.634216078966222,10,-0.13863930465283056,0.05629395741735008,0.16472124773608268
16,0.8342595758402646,-25.634216078966222,11,-0.11604244843184347,0.09800069832536507,0.14567160223665124
16,0.8342595758402646,-25.634216078966222,12,-0.09670182305782928,0.13322696522796748,0.14109742362722055
16,0.8342595758402646,-25.634216078966222,13,-0.07762077168081255,0.1672801163762991,0.12685173847228376
16,0.8342595758402646,-25.634216078966222,14,-0.06304040867647946,0.19778781148035354,0.12210079926096082
16,0.8342595758402646,-25.634216078966222,15,-0.04843087477130217,0.22681493748044815,0.11135127247595254
16,0.8342595758402646,-25.634216078966222,16,-0.03204924528081418,0.2506043735292873,0.11176133908265197
16,0.8342595758402646,-25.634216078966222,17,-0.016444203988111063,0.27350032956419973,0.1025668450195903
16,0.8342595758402646,-25.634216078966222,18,-0.011056686416282857,0.28950371248438195,0.1004961055734206
16,0.8342595758402646,-25.634216078966222,19,-0.014222651338630413,0.3001309050153361,0.09925410928329753
16,0.8342595758402646,-25.634216078966222,20,-0.01629326613171947,0.30797684320449925,0.09838492275779462
16,0.8342595758402646,-25.634216078966222,21,-0.016909682696957237,0.31294638344219916,0.09924831151232864
16,0.8342595758402646,-25.634216078966222,22,-0.01706089320600527,0.31470098336652813,0.0992956356731725
16,0.8342595758402646,-25.634216078966222,23,-0.017083193802122337,0.3147905584177363,0.09966218946449665
16,0.8342595758402646,-25.634216078966222,24,-0.01709372239312205,0.3148328632894233,0.09983522977625249
16,0.8342595758402646,-25.634216078966222,25,-0.017098698534422533,0.31485283886252363,0.09991692554127415
16,0.8342595758402646,-25.634216078966222,26,-0.017101048754666212,0.3148622712571522,0.09995549752344697
16,0.8342595758402646,-25.634216078966222,27,-0.017102158500817668,0.314866725175931,0.09997370936607333
16,0.8342595758402646,-25.634216078966222,28,-0.017102682494222865,0.3148688282128536,0.09998230821491384
16,0.8342595758402646,-25.634216078966222,29,-0.017102929906808846,0.31486982120092627,0.09998636824135892
16,0.8342595758402646,-25.634216078966222,30,-0.017103046726172157,0.31487029005493716,0.09998828522502395
17,0.8342595758402646,-29.862482959670384,1,-0.25410630641999576,-0.1936938102114581,0.18150991748236023
17,0.8342595758402646,-29.862482959670384,2,-0.3502648958247622,-0.3508899918372534,0.10460780301529762
17,0.8342595758402646,-29.862482959670384,3,-0.3276874733166038,-0.29895454549510786,0.16271188870494016
17,0.8342595758402646,-29.862482959670384,4,-0.3003543880291411,-0.24759177537687826,0.20534721185649313
17,0.8342595758402646,-29.862482959670384,5,-0.2731371545564056,-0.1964467073608825,0.23376512369805078
17,0.8342595758402646,-29.862482959670384,6,-0.24602821754126933,-0.1455051438522554,0.24803186514200948
17,0.8342595758402646,-29.862482959670384,7,-0.21902312946901387,-0.09475872733578473,0.24820521562899153
17,0.8342595758402646,-29.862482959670384,8,-0.19212100931359552,-0.044205802237733814,0.23433936767859223
17,0.8342595758402646,-29.862482959670384,9,-0.1653245149646083,0.006148636887832968,0.20649042362317793
17,0.8342595758402646,-29.862482959670384,10,-0.13863930465283056,0.05629395741735008,0.16472124773608268
17,0.8342595758402646,-29.862482959670384,11,-0.11604244843184347,0.09800069832536507,0.14567160223665124
17,0.8342595758402646,-29.862482959670384,12,-0.09670182305782928,0.13322696522796748,0.14109742362722055
17,0.8342595758402646,-29.862482959670384,13,-0.07762077168081255,0.1672801163762991,0.12685173847228376
17,0.8342595758402646,-29.862482959670384,14,-0.06304040867647946,0.19778781148035354,0.12210079926096082
17,0.8342595758402646,-29.862482959670384,15,-0.04843087477130217,0.22681493748044815,0.11135127247595254
17,0.8342595758402646,-29.862482959670384,16,-0.03204924528081418,0.2506043735292873,0.11176133908265197
17,0.8342595758402646,-29.862482959670384,17,-0.016444203988111063,0.27350032956419973,0.1025668450195903
17,0.8342595758402646,-29.862482959670384,18,-0.01201600014320587,0.28935868385543095,0.09995093642009219
17,0.8342595758402646,-29.862482959670384,19,-0.01825279123498293,0.299317698759552,0.09935822864009126
17,0.8342595758402646,-29.862482959670384,20,-0.022871864306504886,0.3065120664219611,0.09948301776340157
17,0.8342595758402646,-29.862482959670384,21,-0.02564392051665108,0.3111622877947922,0.09941987682279592
17,0.8342595758402646,-29.862482959670384,22,-0.02685568653592709,0.3128659786510675,0.09946614724637746
17,0.8342595758402646,-29.862482959670384,23,-0.026835687813663942,0.3128992776790125,0.09974266494225198
17,0.8342595758402646,-29.862482959670384,24,-0.02681584928898575,0.3129078395091869,0.09987321960699987
17,0.8342595758402646,-29.862482959670384,25,-0.026808261208197,0.31291310466151595,0.09993486093489982
17,0.8342595758402646,-29.862482959670384,26,-0.02680949063640581,0.31291890228469155,0.09996396563463382
17,0.8342595758402646,-29.862482959670384,27,-0.026810071142669752,0.3129216398116083,0.09997770761662991
17,0.8342595758402646,-29.862482959670384,28,-0.02681034523925266,0.3129229323913001,0.09998419601999792
17,0.8342595758402646,-29.862482959670384,29,-0.026810474657945935,0.3129235427031182,0.099987259586782
17,0.8342595758402646,-29.862482959670384,30,-0.02681053576464745,0.31292383087003295,0.09998870608318088
18,0.8342595758402646,-25.592230285909828,1,-0.25410630641999576,-0.1936938102114581,0.18150991748236023
18,0.8342595758402646,-25.592230285909828,2,-0.3502648958247622,-0.3508899918372534,0.10460780301529762
18,0.8342595758402646,-25.592230285909828,3,-0.3276874733166038,-0.29895454549510786,0.16271188870494016
18,0.8342595758402646,-25.592230285909828,4,-0.3003543880291411,-0.24759177537687826,0.20534721185649313
18,0.8342595758402646,-25.592230285909828,5,-0.2731371545564056,-0.1964467073608825,0.23376512369805078
18,0.8342595758402646,-25.592230285909828,6,-0.24602821754126933,-0.1455051438522554,0.24803186514200948
18,0.8342595758402646,-25.592230285909828,7,-0.21902312946901387,-0.09475872733578473,0.24820521562899153
18,0.8342595758402646,-25.592230285909828,8,-0.19212100931359552,-0.044205802237733814,0.23433936767859223
18,0.8342595758402646,-25.592230285909828,9,-0.1653245149646083,0.006148636887832968,0.20649042362317793
18,0.8342595758402646,-25.592230285909828,10,-0.13863930465283056,0.05629395741735008,0.16472124773608268
18,0.8342595758402646,-25.592230285909828,11,-0.11604244843184347,0.09800069832536507,0.14567160223665124
18,0.8342595758402646,-25.592230285909828,12,-0.09670182305782928,0.13322696522796748,0.14109742362722055
18,0.8342595758402646,-25.592230285909828,13,-0.07762077168081255,0.1672801163762991,0.12685173847228376
18,0.8342595758402646,-25.592230285909828,14,-0.06304040867647946,0.19778781148035354,0.12210079926096082
18,0.8342595758402646,-25.592230285909828,15,-0.04843087477130217,0.22681493748044815,0.11135127247595254
18,0.8342595758402646,-25.592230285909828,16,-0.03204924528081418,0.2506043735292873,0.11176133908265197
18,0.8342595758402646,-25.592230285909828,17,-0.016444203988111063,0.27350032956419973,0.1025668450195903
18,0.8342595758402646,-25.592230285909828,18,-0.011011261400641913,0.2895146859005734,0.1004902282329634
18,0.8342595758402646,-25.592230285909828,19,-0.013956153688626422,0.30017628190368334,0.09960217805059127
18,0.8342595758402646,-25.592230285909828,20,-0.01589253682895965,0.30813221422446235,0.09913477655761482
18,0.8342595758402646,-25.592230285909828,21,-0.01679466974420595,0.3130118961151983,0.09914359466292887
18,0.8342595758402646,-25.592230285909828,22,-0.016911916550797584,0.31458584477765766,0.09953178500851748
18,0.8342595758402646,-25.592230285909828,23,-0.017001470099066465,0.3145595913542477,0.09977369099434746
18,0.8342595758402646,-25.592230285909828,24,-0.01704374770282469,0.31454719063189523,0.09988787669936958
18,0.8342595758402646,-25.592230285909828,25,-0.017063718147389106,0.3145413297059114,0.09994178343087395
18,0.8342595758402646,-25.592230285909828,26,-0.01707314945946983,0.3145385610519039,0.09996723446889028
18,0.8342595758402646,-25.592230285909828,27,-0.01707760301801204,0.31453725350031597,0.09997925110055303
18,0.8342595758402646,-25.592230285909828,28,-0.017079705906424474,0.31453663604881194,0.09998492480833714
18,0.8342595758402646,-25.592230285909828,29,-0.01708069882741494,0.31453634449410334,0.09998760369579192
18,0.8342595758402646,-25.592230285909828,30,-0.017081167650314564,0.3145362068291758,0.09998886855889898
19,0.8342595758402646,-25.801339802787915,1,-0.25410630641999576,-0.1936938102114581,0.18150991748236023
19,0.8342595758402646,-25.801339802787915,2,-0.3502648958247622,-0.3508899918372534,0.10460780301529762
19,0.8342595758402646,-25.801339802787915,3,-0.3276874733166038,-0.29895454549510786,0.16271188870494016
19,0.8342595758402646,-25.801339802787915,4,-0.3003543880291411,-0.24759177537687826,0.20534721185649313
19,0.8342595758402646,-25.801339802787915,5,-0.2731371545564056,-0.1964467073608825,0.23376512369805078
19,0.8342595758402646,-25.801339802787915,6,-0.24602821754126933,-0.1455051438522554,0.24803186514200948
19,0.8342595758402646,-25.801339802787915,7,-0.21902312946901387,-0.09475872733578473,0.24820521562899153
19,0.8342595758402646,-25.801339802787915,8,-0.19212100931359552,-0.044205802237733814,0.23433936767859223
19,0.8342595758402646,-25.801339802787915,9,-0.1653245149646083,0.006148636887832968,0.20649042362317793
19,0.8342595758402646,-25.801339802787915,10,-0.13863930465283056,0.05629395741735008,0.16472124773608268
19,0.8342595758402646,-25.801339802787915,11,-0.11604244843184347,0.09800069832536507,0.14567160223665124
19,0.8342595758402646,-25.801339802787915,12,-0.09670182305782928,0.13322696522796748,0.14109742362722055
19,0.8342595758402646,-25.801339802787915,13,-0.07762077168081255,0.1672801163762991,0.12685173847228376
19,0.8342595758402646,-25.801339802787915,14,-0.06304040867647946,0.19778781148035354,0.12210079926096082
19,0.8342595758402646,-25.801339802787915,15,-0.04843087477130217,0.22681493748044815,0.11135127247595254
19,0.8342595758402646,-25.801339802787915,16,-0.03204924528081418,0.2506043735292873,0.11176133908265197
19,0.8342595758402646,-25.801339802787915,17,-0.016444203988111063,0.27350032956419973,0.1025668450195903
19,0.8342595758402646,-25.801339802787915,18,-0.01105282062390134,0.2895075831381297,0.10048189777061188
19,0.8342595758402646,-25.801339802787915,19,-0.01422868827589448,0.3001327596980937,0.09922765964933464
19,0.8342595758402646,-25.801339802787915,20,-0.01630431975307447,0.3079961145188859,0.09830975231925973
19,0.8342595758402646,-25.801339802787915,21,-0.01723056180975102,0.31265958263900545,0.09923670807813005
19,0.8342595758402646,-25.801339802787915,22,-0.017493249734705056,0.31414675715220775,0.09963440486732858
19,0.8342595758402646,-25.801339802787915,23,-0.017434008989658002,0.31413400852060974,0.09982211960050918
19,0.8342595758402646,-25.801339802787915,24,-0.017406029305525077,0.31412798200808406,0.09991073734812635
19,0.8342595758402646,-25.801339802787915,25,-0.01739281520408495,0.31412513453920654,0.09995257612700613
19,0.8342595758402646,-25.801339802787915,26,-0.017386575141322275,0.3141237897546121,0.09997233009126179
19,0.8342595758402646,-25.801339802787915,27,-0.01738362865873857,0.3141231546644278,0.09998165699597222
19,0.8342595758402646,-25.801339802787915,28,-0.017382237427595627,0.3141228547608087,0.09998606076569141
19,0.8342595758402646,-25.801339802787915,29,-0.017381580540351712,0.3141227131493865,0.09998814004795384
19,0.8342595758402646,-25.801339802787915,30,-0.017381270383315786,0.31412264628406555,0.09998912180299567
20,0.8342595758402646,-25.71849406051359,1,-0.25410630641999576,-0.1936938102114581,0.18150991748236023
20,0.8342595758402646,-25.71849406051359,2,-0.3502648958247622,-0.3508899918372534,0.10460780301529762
20,0.8342595758402646,-25.71849406051359,3,-0.3276874733166038,-0.29895454549510786,0.16271188870494016
20,0.8342595758402646,-25.71849406051359,4,-0.3003543880291411,-0.24759177537687826,0.20534721185649313
20,0.8342595758402646,-25.71849406051359,5,-0.2731371545564056,-0.1964467073608825,0.23376512369805078
20,0.8342595758402646,-25.71849406051359,6,-0.24602821754126933,-0.1455051438522554,0.24803186514200948
20,0.8342595758402646,-25.71849406051359,7,-0.21902312946901387,-0.09475872733578473,0.24820521562899153
20,0.8342595758402646,-25.71849406051359,8,-0.19212100931359552,-0.044205802237733814,0.23433936767859223
20,0.8342595758402646,-25.71849406051359,9,-0.1653245149646083,0.006148636887832968,0.20649042362317793
20,0.8342595758402646,-25.71849406051359,10,-0.13863930465283056,0.05629395741735008,0.16472124773608268
20,0.8342595758402646,-25.71849406051359,11,-0.11604244843184347,0.09800069832536507,0.14567160223665124
20,0.8342595758402646,-25.71849406051359,12,-0.09670182305782928,0.13322696522796748,0.14109742362722055
20,0.8342595758402646,-25.71849406051359,13,-0.07762077168081255,0.1672801163762991,0.12685173847228376
20,0.8342595758402646,-25.71849406051359,14,-0.06304040867647946,0.19778781148035354,0.12210079926096082
20,0.8342595758402646,-25.71849406051359,15,-0.04843087477130217,0.22681493748044815,0.11135127247595254
20,0.8342595758402646,-25.71849406051359,16,-0.03204924528081418,0.2506043735292873,0.11176133908265197
20,0.8342595758402646,-25.71849406051359,17,-0.016444203988111063,0.27350032956419973,0.1025668450195903
20,0.8342595758402646,-25.71849406051359,18,-0.011091435358791214,0.28949674754169047,0.10050003540861414
20,0.8342595758402646,-25.71849406051359,19,-0.014328930963861283,0.3001096495890469,0.09925906277383892
20,0.8342595758402646,-25.71849406051359,20,-0.01645798832021654,0.30794517796332016,0.09838957040426215
20,0.8342595758402646,-25.71849406051359,21,-0.017111273537840945,0.31291132641278296,0.09925203398418292
20,0.8342595758402646,-25.71849406051359,22,-0.017252206364142868,0.3146884278245457,0.09929984574107135
20,0.8342595758402646,-25.71849406051359,23,-0.017272734934708295,0.31477556601902396,0.09966417483026695
20,0.8342595758402646,-25.71849406051359,24,-0.01728242684509782,0.3148167197134536,0.09983616663968378
20,0.8342595758402646,-25.71849406051359,25,-0.017287007673305935,0.3148361517652552,0.09991736776950605
20,0.8342595758402646,-25.71849406051359,26,-0.01728917122679512,0.3148453275744954,0.0999557062992133
20,0.8342595758402646,-25.71849406051359,27,-0.017290192830008714,0.3148496603252243,0.09997380793583348
20,0.8342595758402646,-25.71849406051359,28,-0.01729067520430541,0.31485170614715785,0.09998235475438844
20,0.8342595758402646,-25.71849406051359,29,-0.017290902965639156,0.3148526721196043,0.09998639021519799
20,0.8342595758402646,-25.71849406051359,30,-0.017291010506369844,0.3148531282176755,0.09998829560015426
