particle,elasticity,weight,frame,x,y,z
1,0.8992091224167466,40.19970196099213,1,-0.14000423645869928,0.054499752158375665,0.8694522432642674
1,0.8992091224167466,40.19970196099213,2,-0.34547673197762135,0.07710099216086068,0.8286424227882055
1,0.8992091224167466,40.19970196099213,3,-0.20955968936549949,0.1520778813103634,0.8192863468903842
1,0.8992091224167466,40.19970196099213,4,-0.07468875542661126,0.22647769805949608,0.7959879736244785
1,0.8992091224167466,40.19970196099213,5,0.05913970847028702,0.30030244961240454,0.7588556932154772
1,0.8992091224167466,40.19970196099213,6,0.19192301571755155,0.3735506539365222,0.7080000248716745
1,0.8992091224167466,40.19970196099213,7,0.3041144511709981,0.36361344275978424,0.6500062060945117
1,0.8992091224167466,40.19970196099213,8,0.3552932293643225,0.3407912469293283,0.593347450498453
1,0.8992091224167466,40.19970196099213,9,0.33771729586346155,0.3143203231971734,0.5394908198369223
1,0.8992091224167466,40.19970196099213,10,0.30367849732226637,0.2879149257664675,0.4759639370037041
1,0.8992091224167466,40.19970196099213,11,0.2698019080247759,0.26163536120091896,0.3987081651881827
1,0.8992091224167466,40.19970196099213,12,0.23158839320099942,0.23255314184022033,0.3241734530402222
1,0.8992091224167466,40.19970196099213,13,0.171936356347915,0.1947793299561323,0.29605511690794684
1,0.8992091224167466,40.19970196099213,14,0.11256061599924373,0.1571804789406504,0.25403402572829614
1,0.8992091224167466,40.19970196099213,15,0.05347567225916791,0.11976577078045209,0.19818756814187052
1,0.8992091224167466,40.19970196099213,16,-0.012834866275724444,0.08913482422211139,0.17350880480509748
1,0.8992091224167466,40.19970196099213,17,-0.08821392000262776,0.06687234332025632,0.19092443277810503
1,0.8992091224167466,40.19970196099213,18,-0.16324116497822697,0.04471376576050725,0.19422525799220094
1,0.8992091224167466,40.19970196099213,19,-0.23792149904796658,0.02265764501116502,0.1834772597935099
1,0.8992091224167466,40.19970196099213,20,-0.3122523628062651,0.0007047369681325359,0.15874657135340212
1,0.8992091224167466,40.19970196099213,21,-0.3336086774018265,-0.02225754135145819,0.11967116453293732
1,0.8992091224167466,40.19970196099213,22,-0.32328816090617973,-0.04488057200832577,0.11561149883191844
1,0.8992091224167466,40.19970196099213,23,-0.31838905305225357,-0.06335251856412895,0.13056483901542065
1,0.8992091224167466,40.19970196099213,24,-0.31353294004559806,-0.08177776541182571,0.1315609089428509
1,0.8992091224167466,40.19970196099213,25,-0.3100029644127534,-0.10019135710515135,0.12379456691273479
1,0.8992091224167466,40.19970196099213,26,-0.30635107558590513,-0.11844003993400488,0.10972289415384388
1,0.8992091224167466,40.19970196099213,27,-0.303885396586608,-0.13438940773299554,0.10569220623153108
1,0.8992091224167466,40.19970196099213,28,-0.3028538094935095,-0.14818780146686458,0.10659514599483576
1,0.8992091224167466,40.19970196099213,29,-0.3011892468463902,-0.1603158886330022,0.10117236085608138
1,0.8992091224167466,40.19970196099213,30,-0.2993503158669309,-0.1683909526586919,0.10017056353523356
2,0.8627810035203289,37.63598309975258,1,-0.14021579525127822,0.05450652101216284,0.8703001540536771
2,0.8627810035203289,37.63598309975258,2,-0.34705123302140356,0.07696391834161811,0.8306665569030084
2,0.8627810035203289,37.63598309975258,3,-0.21591381010529687,0.1512628170852903,0.8213095544765384
2,0.8627810035203289,37.63598309975258,4,-0.08576252835521125,0.22500299505336785,0.7980075094219868
2,0.8627810035203289,37.63598309975258,5,0.04340515055984535,0.2981858903951842,0.760866511869221
2,0.8627810035203289,37.63598309975258,6,0.171585518778897,0.3708094023375118,0.7099950020215074
2,0.8627810035203289,37.63598309975258,7,0.28095558884311816,0.3669724068675513,0.651887626514678
2,0.8627810035203289,37.63598309975258,8,0.3634794417011433,0.3408557705869568,0.587177222767314
2,0.8627810035203289,37.63598309975258,9,0.346096267314831,0.3112131205283472,0.5333384094344568
2,0.8627810035203289,37.63598309975258,10,0.3206678484859672,0.28144107357815706,0.4677082988312893
2,0.8627810035203289,37.63598309975258,11,0.2888820880299061,0.2516073882478818,0.38996783403338253
2,0.8627810035203289,37.63598309975258,12,0.25057009531121616,0.21521522385903233,0.3355816580407855
2,0.8627810035203289,37.63598309975258,13,0.19098720338241645,0.17133834204510148,0.338797572761646
2,0.8627810035203289,37.63598309975258,14,0.13166983365203783,0.12765699095722224,0.32796455403848135
2,0.8627810035203289,37.63598309975258,15,0.07262045028174027,0.08417298520570361,0.3031464977840411
2,0.8627810035203289,37.63598309975258,16,0.013847200694248055,0.04089232455813632,0.26441172135809277
2,0.8627810035203289,37.63598309975258,17,-0.044637068256682254,-0.0021755305537061553,0.21183629810576482
2,0.8627810035203289,37.63598309975258,18,-0.10281592777975858,-0.04501848195683269,0.14550636841962442
2,0.8627810035203289,37.63598309975258,19,-0.14261509703492828,-0.07575114413822229,0.15217427679020612
2,0.8627810035203289,37.63598309975258,20,-0.1790453992541584,-0.10435123772140285,0.16005833011914702
2,0.8627810035203289,37.63598309975258,21,-0.2145178286294145,-0.13213199416109345,0.15831127601718845
2,0.8627810035203289,37.63598309975258,22,-0.24542978962860187,-0.14574187931754948,0.1497885332310931
2,0.8627810035203289,37.63598309975258,23,-0.2672099896676387,-0.13006712213704222,0.1384906960999226
2,0.8627810035203289,37.63598309975258,24,-0.28929593276541743,-0.1196069755678711,0.137683673627894
2,0.8627810035203289,37.63598309975258,25,-0.31040086506570796,-0.1095888883713541,0.12701419952038073
2,0.8627810035203289,37.63598309975258,26,-0.33067115533457847,-0.09931197157554271,0.10583708694776624
2,0.8627810035203289,37.63598309975258,27,-0.34291184309059436,-0.08950662327923926,0.10675814754235063
2,0.8627810035203289,37.63598309975258,28,-0.34929323729487943,-0.08069920053287535,0.10883119144225087
2,0.8627810035203289,37.63598309975258,29,-0.34695617020588726,-0.07351318133287028,0.10079865905840556
2,0.8627810035203289,37.63598309975258,30,-0.3434230146484661,-0.06831701331380202,0.10213399666654731
3,0.8627810035203289,36.134082239298934,1,-0.14021579525127822,0.05450652101216284,0.8703001540536771
3,0.8627810035203289,36.134082239298934,2,-0.34705123302140356,0.07696391834161811,0.8306665569030084
3,0.8627810035203289,36.134082239298934,3,-0.21591381010529687,0.1512628170852903,0.8213095544765384
3,0.8627810035203289,36.134082239298934,4,-0.08576252835521125,0.22500299505336785,0.7980075094219868
3,0.8627810035203289,36.134082239298934,5,0.04340515055984535,0.2981858903951842,0.760866511869221
3,0.8627810035203289,36.134082239298934,6,0.171585518778897,0.3708094023375118,0.7099950020215074
3,0.8627810035203289,36.134082239298934,7,0.28095558884311816,0.3669724068675513,0.651887626514678
3,0.8627810035203289,36.134082239298934,8,0.3634794417011433,0.3408557705869568,0.587177222767314
3,0.8627810035203289,36.134082239298934,9,0.346096267314831,0.3112131205283472,0.5333384094344568
3,0.8627810035203289,36.134082239298934,10,0.3206678484859672,0.28144107357815706,0.4677082988312893
3,0.8627810035203289,36.134082239298934,11,0.2888820880299061,0.2516073882478818,0.38996783403338253
3,0.8627810035203289,36.134082239298934,12,0.2505789449232304,0.21522097852284228,0.33556210753996146
3,0.8627810035203289,36.134082239298934,13,0.19100137684193944,0.17138176968685478,0.33880555670500256
3,0.8627810035203289,36.134082239298934,14,0.13168924185337322,0.1277378755835543,0.32799994597038
3,0.8627810035203289,36.134082239298934,15,0.07264499464569797,0.0842911024563075,0.3032091519951807
3,0.8627810035203289,36.134082239298934,16,0.013876775958701505,0.04104744053941113,0.26450146743495956
3,0.8627810035203289,36.134082239298934,17,-0.0446025713766928,-0.0019836599736303053,0.21195293804927795
3,0.8627810035203289,36.134082239298934,18,-0.10277662053386792,-0.04479011166290747,0.1456496757329628
3,0.8627810035203289,36.134082239298934,19,-0.14258074710112434,-0.07552977088423989,0.15221580112740107
3,0.8627810035203289,36.134082239298934,20,-0.17902757795684135,-0.10414594509766659,0.15993940710519092
3,0.8627810035203289,36.134082239298934,21,-0.21449470535077242,-0.13192444828130728,0.1581472729976325
3,0.8627810035203289,36.134082239298934,22,-0.24492220452931196,-0.14377075567846942,0.14989282070674123
3,0.8627810035203289,36.134082239298934,23,-0.26926269166246486,-0.1369788352397093,0.13801653210571002
3,0.8627810035203289,36.134082239298934,24,-0.2932271198267742,-0.13542339066535436,0.13682755560306595
3,0.8627810035203289,36.134082239298934,25,-0.3162580223190609,-0.13398034256999108,0.12538167002044598
3,0.8627810035203289,36.134082239298934,26,-0.3387786336826121,-0.13192409489115725,0.1032082466917472
3,0.8627810035203289,36.134082239298934,27,-0.3529844411536396,-0.12650882069410027,0.10670908546436225
3,0.8627810035203289,36.134082239298934,28,-0.3646534039842582,-0.12058074583698952,0.10709201040902022
3,0.8627810035203289,36.134082239298934,29,-0.36739450088999354,-0.11516959321577033,0.10102423201018972
3,0.8627810035203289,36.134082239298934,30,-0.36851275434733693,-0.11349292794694714,0.09998991682949498
4,0.8627810035203289,34.73328139115485,1,-0.14021579525127822,0.05450652101216284,0.8703001540536771
4,0.8627810035203289,34.73328139115485,2,-0.34705123302140356,0.07696391834161811,0.8306665569030084
4,0.8627810035203289,34.73328139115485,3,-0.21591381010529687,0.1512628170852903,0.8213095544765384
4,0.8627810035203289,34.73328139115485,4,-0.08576252835521125,0.22500299505336785,0.7980075094219868
4,0.8627810035203289,34.73328139115485,5,0.04340515055984535,0.2981858903951842,0.760866511869221
4,0.8627810035203289,34.73328139115485,6,0.171585518778897,0.3708094023375118,0.7099950020215074
4,0.8627810035203289,34.73328139115485,7,0.28095558884311816,0.3669724068675513,0.651887626514678
4,0.8627810035203289,34.73328139115485,8,0.3634794417011433,0.3408557705869568,0.587177222767314
4,0.8627810035203289,34.73328139115485,9,0.346096267314831,0.3112131205283472,0.5333384094344568
4,0.8627810035203289,34.73328139115485,10,0.3206678484859672,0.28144107357815706,0.4677082988312893
4,0.8627810035203289,34.73328139115485,11,0.2888820880299061,0.2516073882478818,0.38996783403338253
4,0.8627810035203289,34.73328139115485,12,0.25057775036953833,0.21521879235090577,0.3355683947623391
4,0.8627810035203289,34.73328139115485,13,0.19100048609675574,0.17137379316301463,0.33880585587176243
4,0.8627810035203289,34.73328139115485,14,0.1316886616468186,0.1277241404543409,0.3279942842696782
4,0.8627810035203289,34.73328139115485,15,0.07264473395778173,0.0842716423718066,0.3031975594201925
4,0.8627810035203289,34.73328139115485,16,0.013876845439768701,0.04102229120071745,0.2644839781601378
4,0.8627810035203289,34.73328139115485,17,-0.0446021600069695,-0.002014460782073189,0.21192959131017725
4,0.8627810035203289,34.73328139115485,18,-0.10277585499744739,-0.04482652408756075,0.14562051627676226
4,0.8627810035203289,34.73328139115485,19,-0.1425591256101659,-0.0755654798014823,0.152263124183654
4,0.8627810035203289,34.73328139115485,20,-0.17900357040258652,-0.10419030474777052,0.15998030541404915
4,0.8627810035203289,34.73328139115485,21,-0.2144583475370168,-0.13197200881288706,0.15822671306821628
4,0.8627810035203289,34.73328139115485,22,-0.2457598788841996,-0.14707420367009036,0.14986217590670176
4,0.8627810035203289,34.73328139115485,23,-0.2720803006627273,-0.14915615196975468,0.14004459523649757
4,0.8627810035203289,34.73328139115485,24,-0.2960893616680437,-0.15495247193672035,0.1381855802960857
4,0.8627810035203289,34.73328139115485,25,-0.3192811970874437,-0.16033814024459503,0.12626640846653026
4,0.8627810035203289,34.73328139115485,26,-0.3424412825067327,-0.16489307388909816,0.10373653777194639
4,0.8627810035203289,34.73328139115485,27,-0.35797412696056524,-0.16598665989449674,0.10493080659047685
4,0.8627810035203289,34.73328139115485,28,-0.3702338570962178,-0.16426865332948828,0.10371057145624478
4,0.8627810035203289,34.73328139115485,29,-0.3798283802920876,-0.16285091883975844,0.09994704946366331
4,0.8627810035203289,34.73328139115485,30,-0.3855452855237698,-0.16261591860365143,0.0997408350942691
5,0.8627810035203289,36.944348158687795,1,-0.14021579525127822,0.05450652101216284,0.8703001540536771
5,0.8627810035203289,36.944348158687795,2,-0.34705123302140356,0.07696391834161811,0.8306665569030084
5,0.8627810035203289,36.944348158687795,3,-0.21591381010529687,0.1512628170852903,0.8213095544765384
5,0.8627810035203289,36.944348158687795,4,-0.08576252835521125,0.22500299505336785,0.7980075094219868
5,0.8627810035203289,36.944348158687795,5,0.04340515055984535,0.2981858903951842,0.760866511869221
5,0.8627810035203289,36.944348158687795,6,0.171585518778897,0.3708094023375118,0.7099950020215074
5,0.8627810035203289,36.944348158687795,7,0.28095558884311816,0.3669724068675513,0.651887626514678
5,0.8627810035203289,36.944348158687795,8,0.3634794417011433,0.3408557705869568,0.587177222767314
5,0.8627810035203289,36.944348158687795,9,0.346096267314831,0.3112131205283472,0.5333384094344568
5,0.8627810035203289,36.944348158687795,10,0.3206678484859672,0.28144107357815706,0.4677082988312893
5,0.8627810035203289,36.944348158687795,11,0.2888820880299061,0.2516073882478818,0.38996783403338253
5,0.8627810035203289,36.944348158687795,12,0.25058287620377195,0.21521493397630717,0.335575456680925
5,0.8627810035203289,36.944348158687795,13,0.19100047363798603,0.1713825216681633,0.33883686326417206
5,0.8627810035203289,36.944348158687795,14,0.13168352368133449,0.12774539232463314,0.32804912952910076
5,0.8627810035203289,36.944348158687795,15,0.0726344735324204,0.08430534625274601,0.303276128729907
5,0.8627810035203289,36.944348158687795,16,0.013861457948994313,0.04106836787139742,0.2645861452996187
5,0.8627810035203289,36.944348158687795,17,-0.04462268444496478,-0.001956097952547903,0.21205521321987736
5,0.8627810035203289,36.944348158687795,18,-0.10280152935069542,-0.04475596851338857,0.14576943034295686
5,0.8627810035203289,36.944348158687795,19,-0.1425449217331379,-0.07555081360199399,0.1524361647071227
5,0.8627810035203289,36.944348158687795,20,-0.17894518941722737,-0.10424202703761476,0.16016909572894092
5,0.8627810035203289,36.944348158687795,21,-0.21432069514119045,-0.1320646617565562,0.1586049852493466
5,0.8627810035203289,36.944348158687795,22,-0.24548542455973146,-0.14652984488358797,0.15051157400266602
5,0.8627810035203289,36.944348158687795,23,-0.26836061129316807,-0.13331750989747823,0.13733924052097496
5,0.8627810035203289,36.944348158687795,24,-0.2920998394905858,-0.12466941990314372,0.13332231376615106
5,0.8627810035203289,36.944348158687795,25,-0.3150329630152874,-0.1164040686186517,0.11872055423231771
5,0.8627810035203289,36.944348158687795,26,-0.33500596941925415,-0.1073894985715897,0.10282535351977971
5,0.8627810035203289,36.944348158687795,27,-0.3464033482794563,-0.0980959272998712,0.11049081924749639
5,0.8627810035203289,36.944348158687795,28,-0.3552074456658435,-0.08899104875973124,0.10668824529111882
5,0.8627810035203289,36.944348158687795,29,-0.35553431871365254,-0.08139081045745297,0.10168350730318419
5,0.8627810035203289,36.944348158687795,30,-0.3544735292297883,-0.07606402314302985,0.10191235506973909
6,0.8627810035203289,33.53741596690842,1,-0.14021579525127822,0.05450652101216284,0.8703001540536771
6,0.8627810035203289,33.53741596690842,2,-0.34705123302140356,0.07696391834161811,0.8306665569030084
6,0.8627810035203289,33.53741596690842,3,-0.21591381010529687,0.1512628170852903,0.8213095544765384
6,0.8627810035203289,33.53741596690842,4,-0.08576252835521125,0.22500299505336785,0.7980075094219868
6,0.8627810035203289,33.53741596690842,5,0.04340515055984535,0.2981858903951842,0.760866511869221
6,0.8627810035203289,33.53741596690842,6,0.171585518778897,0.3708094023375118,0.7099950020215074
6,0.8627810035203289,33.53741596690842,7,0.28095558884311816,0.3669724068675513,0.651887626514678
6,0.8627810035203289,33.53741596690842,8,0.3634794417011433,0.3408557705869568,0.587177222767314
6,0.8627810035203289,33.53741596690842,9,0.346096267314831,0.3112131205283472,0.5333384094344568
6,0.8627810035203289,33.53741596690842,10,0.3206678484859672,0.28144107357815706,0.4677082988312893
6,0.8627810035203289,33.53741596690842,11,0.2888820880299061,0.2516073882478818,0.38996783403338253
6,0.8627810035203289,33.53741596690842,12,0.25057190247481204,0.2151993997565101,0.33562266270497415
6,0.8627810035203289,33.53741596690842,13,0.1909710830583668,0.17130818002152567,0.3388601232673219
6,0.8627810035203289,33.53741596690842,14,0.13163591774998296,0.1276125932148229,0.3280485566020024
6,0.8627810035203289,33.53741596690842,15,0.0725688600167059,0.08411444611795706,0.3032518667876978
6,0.8627810035203289,33.53741596690842,16,0.013778048071193755,0.04081973187135009,0.2645383718848213
6,0.8627810035203289,33.53741596690842,17,-0.044723678183110065,-0.0022620939666863687,0.21198413943324282
6,0.8627810035203289,33.53741596690842,18,-0.10291989438232481,-0.04511893617042971,0.1456752990692092
6,0.8627810035203289,33.53741596690842,19,-0.14261100058874226,-0.07597210087182674,0.15254915413447548
6,0.8627810035203289,33.53741596690842,20,-0.17891806491647622,-0.10471081104372584,0.16065084764800527
6,0.8627810035203289,33.53741596690842,21,-0.2142056385430908,-0.13258960325444372,0.15941512152259463
6,0.8627810035203289,33.53741596690842,22,-0.24511278761904262,-0.1458597165862675,0.1523428010386984
6,0.8627810035203289,33.53741596690842,23,-0.2722862449985033,-0.1447854697340108,0.13945201162673085
6,0.8627810035203289,33.53741596690842,24,-0.299306285612744,-0.1479531630040898,0.1353656228799944
6,0.8627810035203289,33.53741596690842,25,-0.3255467657819563,-0.15156444037184705,0.12301512156510865
6,0.8627810035203289,33.53741596690842,26,-0.35037715535716835,-0.1537092498750909,0.10470355147001432
6,0.8627810035203289,33.53741596690842,27,-0.36936555946342586,-0.15163061920082632,0.10821397100028066
6,0.8627810035203289,33.53741596690842,28,-0.3864820664283614,-0.14950942593651234,0.10264524119402668
6,0.8627810035203289,33.53741596690842,29,-0.387577543116823,-0.1496671275722612,0.10030154531693422
6,0.8627810035203289,33.53741596690842,30,-0.3853887017653244,-0.15200890974554065,0.09985893219020289
7,0.8627810035203289,35.796268510910686,1,-0.14021579525127822,0.05450652101216284,0.8703001540536771
7,0.8627810035203289,35.796268510910686,2,-0.34705123302140356,0.07696391834161811,0.8306665569030084
7,0.8627810035203289,35.796268510910686,3,-0.21591381010529687,0.1512628170852903,0.8213095544765384
7,0.8627810035203289,35.796268510910686,4,-0.08576252835521125,0.22500299505336785,0.7980075094219868
7,0.8627810035203289,35.796268510910686,5,0.04340515055984535,0.2981858903951842,0.760866511869221
7,0.8627810035203289,35.796268510910686,6,0.171585518778897,0.3708094023375118,0.7099950020215074
7,0.8627810035203289,35.796268510910686,7,0.28095558884311816,0.3669724068675513,0.651887626514678
7,0.8627810035203289,35.796268510910686,8,0.3634794417011433,0.3408557705869568,0.587177222767314
7,0.8627810035203289,35.796268510910686,9,0.346096267314831,0.3112131205283472,0.5333384094344568
7,0.8627810035203289,35.796268510910686,10,0.3206678484859672,0.28144107357815706,0.4677082988312893
7,0.8627810035203289,35.796268510910686,11,0.2888820880299061,0.2516073882478818,0.38996783403338253
7,0.8627810035203289,35.796268510910686,12,0.2505549715542309,0.2151861130049898,0.33566449199557075
7,0.8627810035203289,35.796268510910686,13,0.19094339770641322,0.17120756788273292,0.3388513059394554
7,0.8627810035203289,35.796268510910686,14,0.13159767338189418,0.12742515372131885,0.3279893267985671
7,0.8627810035203289,35.796268510910686,15,0.0725202683956249,0.08384069263114081,0.303142500177653
7,0.8627810035203289,35.796268510910686,16,0.01371933153661824,0.04046019639585359,0.2643791948363822
7,0.8627810035203289,35.796268510910686,17,-0.044792291937554615,-0.00270685837281729,0.21177553319305698
7,0.8627810035203289,35.796268510910686,18,-0.10299817614335889,-0.045648353449943724,0.14541770032754098
7,0.8627810035203289,35.796268510910686,19,-0.14263653420762643,-0.0765150109262354,0.1526061851808587
7,0.8627810035203289,35.796268510910686,20,-0.17893570868571315,-0.10528687574280048,0.1608272746366775
7,0.8627810035203289,35.796268510910686,21,-0.2142147588980861,-0.1332055790656076,0.15969497547537825
7,0.8627810035203289,35.796268510910686,22,-0.24507768030803612,-0.14758530519769852,0.15242348505670705
7,0.8627810035203289,35.796268510910686,23,-0.2690216934613565,-0.14067260455003733,0.13992741756994784
7,0.8627810035203289,35.796268510910686,24,-0.2934997469853805,-0.13731187243716683,0.13408352559742912
7,0.8627810035203289,35.796268510910686,25,-0.3176507413696573,-0.13544179182915383,0.12205108656814151
7,0.8627810035203289,35.796268510910686,26,-0.34009623939327477,-0.13245523195376394,0.10427389411421051
7,0.8627810035203289,35.796268510910686,27,-0.354493358621154,-0.12663959772469421,0.10904115225536214
7,0.8627810035203289,35.796268510910686,28,-0.36765716458677283,-0.1205862031973616,0.1048407959675341
7,0.8627810035203289,35.796268510910686,29,-0.36959301632056335,-0.1148879677531006,0.10190070254254587
7,0.8627810035203289,35.796268510910686,30,-0.36909062048482805,-0.11043661262536272,0.09936686836304576
8,0.8627810035203289,36.525859052518584,1,-0.14021579525127822,0.05450652101216284,0.8703001540536771
8,0.8627810035203289,36.525859052518584,2,-0.34705123302140356,0.07696391834161811,0.8306665569030084
8,0.8627810035203289,36.525859052518584,3,-0.21591381010529687,0.1512628170852903,0.8213095544765384
8,0.8627810035203289,36.525859052518584,4,-0.08576252835521125,0.22500299505336785,0.7980075094219868
8,0.8627810035203289,36.525859052518584,5,0.04340515055984535,0.2981858903951842,0.760866511869221
8,0.8627810035203289,36.525859052518584,6,0.171585518778897,0.3708094023375118,0.7099950020215074
8,0.8627810035203289,36.525859052518584,7,0.28095558884311816,0.3669724068675513,0.651887626514678
8,0.8627810035203289,36.525859052518584,8,0.3634794417011433,0.3408557705869568,0.587177222767314
8,0.8627810035203289,36.525859052518584,9,0.346096267314831,0.3112131205283472,0.5333384094344568
8,0.8627810035203289,36.525859052518584,10,0.3206678484859672,0.28144107357815706,0.4677082988312893
8,0.8627810035203289,36.525859052518584,11,0.2888820880299061,0.2516073882478818,0.38996783403338253
8,0.8627810035203289,36.525859052518584,12,0.2505525571169197,0.2151912470420469,0.335662868296807
8,0.8627810035203289,36.525859052518584,13,0.19093909004299153,0.17124182637484336,0.33884805490775466
8,0.8627810035203289,36.525859052518584,14,0.13159144391965963,0.12748837949264755,0.3279844538320848
8,0.8627810035203289,36.525859052518584,15,0.07251209085099923,0.0839327289289786,0.3031360026134684
8,0.8627810035203289,36.525859052518584,16,0.013709183009765983,0.04058088479006547,0.2643710635405505
8,0.8627810035203289,36.525859052518584,17,-0.044804430377299295,-0.002557679962712503,0.211765754413618
8,0.8627810035203289,36.525859052518584,18,-0.10301231931979755,-0.04547085248648522,0.1454062574253841
8,0.8627810035203289,36.525859052518584,19,-0.14270900029398118,-0.07625332178713777,0.15252925408202506
8,0.8627810035203289,36.525859052518584,20,-0.17900900814813642,-0.10491154883290381,0.1609465327924289
8,0.8627810035203289,36.525859052518584,21,-0.21433891089360274,-0.1327525248305488,0.15976288613025832
8,0.8627810035203289,36.525859052518584,22,-0.24425941789639005,-0.14433802465643156,0.15242107046018985
8,0.8627810035203289,36.525859052518584,23,-0.2675295734492274,-0.13623771447791283,0.1393775154742795
8,0.8627810035203289,36.525859052518584,24,-0.2911855052112199,-0.1328532572596791,0.13676502507544772
8,0.8627810035203289,36.525859052518584,25,-0.3141410233284474,-0.13038544279351008,0.1262466158308489
8,0.8627810035203289,36.525859052518584,26,-0.3365309181787678,-0.12739889494416365,0.10496559596713989
8,0.8627810035203289,36.525859052518584,27,-0.3508804508743635,-0.12142699045927087,0.10719317116758756
8,0.8627810035203289,36.525859052518584,28,-0.36234250036106497,-0.11511399474410276,0.10773603367657367
8,0.8627810035203289,36.525859052518584,29,-0.3620946249793767,-0.10928713893846041,0.10026118742091834
8,0.8627810035203289,36.525859052518584,30,-0.36003055520662064,-0.10449808473641366,0.10152616697970139
9,0.8627810035203289,34.96797949972557,1,-0.14021579525127822,0.05450652101216284,0.8703001540536771
9,0.8627810035203289,34.96797949972557,2,-0.34705123302140356,0.07696391834161811,0.8306665569030084
9,0.8627810035203289,34.96797949972557,3,-0.21591381010529687,0.1512628170852903,0.8213095544765384
9,0.8627810035203289,34.96797949972557,4,-0.08576252835521125,0.22500299505336785,0.7980075094219868
9,0.8627810035203289,34.96797949972557,5,0.04340515055984535,0.2981858903951842,0.760866511869221
9,0.8627810035203289,34.96797949972557,6,0.171585518778897,0.3708094023375118,0.7099950020215074
9,0.8627810035203289,34.96797949972557,7,0.28095558884311816,0.3669724068675513,0.651887626514678
9,0.8627810035203289,34.96797949972557,8,0.3634794417011433,0.3408557705869568,0.587177222767314
9,0.8627810035203289,34.96797949972557,9,0.346096267314831,0.3112131205283472,0.5333384094344568
9,0.8627810035203289,34.96797949972557,10,0.3206678484859672,0.28144107357815706,0.4677082988312893
9,0.8627810035203289,34.96797949972557,11,0.2888820880299061,0.2516073882478818,0.38996783403338253
9,0.8627810035203289,34.96797949972557,12,0.25055179074395256,0.21519374253596418,0.3356574913765983
9,0.8627810035203289,34.96797949972557,13,0.19094071341862143,0.17124628440575315,0.33884006897392543
9,0.8627810035203289,34.96797949972557,14,0.13159543935888413,0.1274947861274637,0.32797387020511753
9,0.8627810035203289,34.96797949972557,15,0.07251844198398345,0.08394107119588055,0.30312283146242086
9,0.8627810035203289,34.96797949972557,16,0.013717874600917206,0.04059115052598767,0.26435531480904806
9,0.8627810035203289,34.96797949972557,17,-0.04479341270903129,-0.0025455023341009364,0.2117474386370202
9,0.8627810035203289,34.96797949972557,18,-0.10299898941636505,-0.045456774199394756,0.14538538635976228
9,0.8627810035203289,34.96797949972557,19,-0.14271357748377927,-0.07621791053289029,0.15248116541409834
9,0.8627810035203289,34.96797949972557,20,-0.17903725705443202,-0.10485365820534062,0.16085436874123313
9,0.8627810035203289,34.96797949972557,21,-0.2143991874021642,-0.13267776595720301,0.15958660321501245
9,0.8627810035203289,34.96797949972557,22,-0.24532254227588618,-0.14772422593860296,0.15191028285587327
9,0.8627810035203289,34.96797949972557,23,-0.270609653748137,-0.14528540038391213,0.1384350473158981
9,0.8627810035203289,34.96797949972557,24,-0.29428250440064513,-0.14883642164241268,0.1400618243563388
9,0.8627810035203289,34.96797949972557,25,-0.3169480356861847,-0.15225541648357574,0.13183141349737312
9,0.8627810035203289,34.96797949972557,26,-0.3392774023590336,-0.1548194405003196,0.1134224930575279
9,0.8627810035203289,34.96797949972557,27,-0.35745582461307074,-0.1600017662601519,0.10501513400673959
9,0.8627810035203289,34.96797949972557,28,-0.3697492195442212,-0.16918669578407106,0.11244991697667038
9,0.8627810035203289,34.96797949972557,29,-0.3790502614936556,-0.16912422112649111,0.10920327759210219
9,0.8627810035203289,34.96797949972557,30,-0.38701879096912384,-0.16870247228693544,0.09814543284780627
10,0.8627810035203289,36.12954062823837,1,-0.14021579525127822,0.05450652101216284,0.8703001540536771
10,0.8627810035203289,36.12954062823837,2,-0.34705123302140356,0.07696391834161811,0.8306665569030084
10,0.8627810035203289,36.12954062823837,3,-0.21591381010529687,0.1512628170852903,0.8213095544765384
10,0.8627810035203289,36.12954062823837,4,-0.08576252835521125,0.22500299505336785,0.7980075094219868
10,0.8627810035203289,36.12954062823837,5,0.04340515055984535,0.2981858903951842,0.760866511869221
10,0.8627810035203289,36.12954062823837,6,0.171585518778897,0.3708094023375118,0.7099950020215074
10,0.8627810035203289,36.12954062823837,7,0.28095558884311816,0.3669724068675513,0.651887626514678
10,0.8627810035203289,36.12954062823837,8,0.3634794417011433,0.3408557705869568,0.587177222767314
10,0.8627810035203289,36.12954062823837,9,0.346096267314831,0.3112131205283472,0.5333384094344568
10,0.8627810035203289,36.12954062823837,10,0.3206678484859672,0.28144107357815706,0.4677082988312893
10,0.8627810035203289,36.12954062823837,11,0.2888820880299061,0.2516073882478818,0.38996783403338253
10,0.8627810035203289,36.12954062823837,12,0.25055120713097007,0.21519561302788598,0.3356534885560479
10,0.8627810035203289,36.12954062823837,13,0.1909419829590422,0.171249056623951,0.338833336927891
10,0.8627810035203289,36.12954062823837,14,0.13159854927572862,0.12749845272337063,0.3279644209200459
10,0.8627810035203289,36.12954062823837,15,0.07252338078721864,0.0839456257889968,0.3031106763592274
10,0.8627810035203289,36.12954062823837,16,0.013724631882781658,0.040596587597244056,0.2643404656236797
10,0.8627810035203289,36.12954062823837,17,-0.044784846558584814,-0.0025391876155332347,0.21172990815837497
10,0.8627810035203289,36.12954062823837,18,-0.10298862351220954,-0.045449586171250514,0.1453651889711622
10,0.8627810035203289,36.12954062823837,19,-0.14271599448697075,-0.07619470197343348,0.15244307659232484
10,0.8627810035203289,36.12954062823837,20,-0.1790571728507329,-0.10481360953286704,0.16078429385651435
10,0.8627810035203289,36.12954062823837,21,-0.21444302776433383,-0.13262527173930827,0.15945354041721854
10,0.8627810035203289,36.12954062823837,22,-0.24488974894266963,-0.14484440384828223,0.1517606030056234
10,0.8627810035203289,36.12954062823837,23,-0.26929165928009824,-0.1381523927069546,0.13815373092775463
10,0.8627810035203289,36.12954062823837,24,-0.2935761471461021,-0.13717953930753476,0.13821223127041773
10,0.8627810035203289,36.12954062823837,25,-0.3168740874172985,-0.13626539087710207,0.1282107612252177
10,0.8627810035203289,36.12954062823837,26,-0.33962905268487437,-0.13468886089255064,0.10768377463252808
10,0.8627810035203289,36.12954062823837,27,-0.35520358255131756,-0.13032856824550043,0.10700256714386687
10,0.8627810035203289,36.12954062823837,28,-0.36496255437890535,-0.1251218855769556,0.10722010613683622
10,0.8627810035203289,36.12954062823837,29,-0.3651230036168348,-0.120229735725064,0.10042193071613907
10,0.8627810035203289,36.12954062823837,30,-0.36501733658745383,-0.11743742806462672,0.10048466038470484
11,0.8627810035203289,34.88155648939878,1,-0.14021579525127822,0.05450652101216284,0.8703001540536771
11,0.8627810035203289,34.88155648939878,2,-0.34705123302140356,0.07696391834161811,0.8306665569030084
11,0.8627810035203289,34.88155648939878,3,-0.21591381010529687,0.1512628170852903,0.8213095544765384
11,0.8627810035203289,34.88155648939878,4,-0.08576252835521125,0.22500299505336785,0.7980075094219868
11,0.8627810035203289,34.88155648939878,5,0.04340515055984535,0.2981858903951842,0.760866511869221
11,0.8627810035203289,34.88155648939878,6,0.171585518778897,0.3708094023375118,0.7099950020215074
11,0.8627810035203289,34.88155648939878,7,0.28095558884311816,0.3669724068675513,0.651887626514678
11,0.8627810035203289,34.88155648939878,8,0.3634794417011433,0.3408557705869568,0.587177222767314
11,0.8627810035203289,34.88155648939878,9,0.346096267314831,0.3112131205283472,0.5333384094344568
11,0.8627810035203289,34.88155648939878,10,0.3206678484859672,0.28144107357815706,0.4677082988312893
11,0.8627810035203289,34.88155648939878,11,0.2888820880299061,0.2516073882478818,0.38996783403338253
11,0.8627810035203289,34.88155648939878,12,0.25055048558699095,0.21519584454587026,0.3356530859949659
11,0.8627810035203289,34.88155648939878,13,0.19094175101946947,0.17124715963268372,0.3388300088010037
11,0.8627810035203289,34.88155648939878,14,0.13159880709149868,0.12749443843446673,0.32795818044242386
11,0.8627810035203289,34.88155648939878,15,0.0725241296587055,0.08393950636488778,0.30310153775387894
11,0.8627810035203289,34.88155648939878,16,0.013725873988448531,0.04058837618831985,0.26432844484277
11,0.8627810035203289,34.88155648939878,17,-0.04478310845766674,-0.0025494768926368097,0.21171502337884432
11,0.8627810035203289,34.88155648939878,18,-0.10298638633553452,-0.045461938278166476,0.1453474608808712
11,0.8627810035203289,34.88155648939878,19,-0.14271728573466144,-0.07620183387721295,0.15242511617040855
11,0.8627810035203289,34.88155648939878,20,-0.1790645587675894,-0.10481545027074801,0.16075755343611098
11,0.8627810035203289,34.88155648939878,21,-0.21445935039452116,-0.13262386924926245,0.15940400937870147
11,0.8627810035203289,34.88155648939878,22,-0.2452567508541737,-0.14615452483469396,0.15152389107061515
11,0.8627810035203289,34.88155648939878,23,-0.2704584764364482,-0.14298890132071346,0.14006587812742857
11,0.8627810035203289,34.88155648939878,24,-0.2944083294498334,-0.14483877719510826,0.1393045573609496
11,0.8627810035203289,34.88155648939878,25,-0.31737361658427415,-0.14642846298428114,0.1287256844103161
11,0.8627810035203289,34.88155648939878,26,-0.3399972842967711,-0.14718974574765273,0.10775898432722596
11,0.8627810035203289,34.88155648939878,27,-0.35816140885861303,-0.14290833640384648,0.10762964658296077
11,0.8627810035203289,34.88155648939878,28,-0.3728606228780558,-0.13617297997984107,0.11270436152320693
11,0.8627810035203289,34.88155648939878,29,-0.3830474047107524,-0.13028748373477492,0.11234303320820072
11,0.8627810035203289,34.88155648939878,30,-0.38602344402680894,-0.1254076041699087,0.10642283361834133
12,0.8627810035203289,35.47615486374284,1,-0.14021579525127822,0.05450652101216284,0.8703001540536771
12,0.8627810035203289,35.47615486374284,2,-0.34705123302140356,0.07696391834161811,0.8306665569030084
12,0.8627810035203289,35.47615486374284,3,-0.21591381010529687,0.1512628170852903,0.8213095544765384
12,0.8627810035203289,35.47615486374284,4,-0.08576252835521125,0.22500299505336785,0.7980075094219868
12,0.8627810035203289,35.47615486374284,5,0.04340515055984535,0.2981858903951842,0.760866511869221
12,0.8627810035203289,35.47615486374284,6,0.171585518778897,0.3708094023375118,0.7099950020215074
12,0.8627810035203289,35.47615486374284,7,0.28095558884311816,0.3669724068675513,0.651887626514678
12,0.8627810035203289,35.47615486374284,8,0.3634794417011433,0.3408557705869568,0.587177222767314
12,0.8627810035203289,35.47615486374284,9,0.346096267314831,0.3112131205283472,0.5333384094344568
12,0.8627810035203289,35.47615486374284,10,0.3206678484859672,0.28144107357815706,0.4677082988312893
12,0.8627810035203289,35.47615486374284,11,0.2888820880299061,0.2516073882478818,0.38996783403338253
12,0.8627810035203289,35.47615486374284,12,0.2505498674137962,0.21519628055831178,0.33565275498974767
12,0.8627810035203289,35.47615486374284,13,0.19094154354857296,0.1712468401907066,0.33882848511382135
12,0.8627810035203289,35.47615486374284,14,0.13159900888543816,0.12749336719695264,0.32795546943227594
12,0.8627810035203289,35.47615486374284,15,0.07252473976255329,0.0839376873904481,0.3030976450652112
12,0.8627810035203289,35.47615486374284,16,0.013726891814202787,0.0405858139508867,0.26432337671680306
12,0.8627810035203289,35.47615486374284,17,-0.04478168325974434,-0.0025527775152996025,0.21170878687858102
12,0.8627810035203289,35.47615486374284,18,-0.10298455399464496,-0.04546597202770776,0.14534006403062205
12,0.8627810035203289,35.47615486374284,19,-0.14272048843215815,-0.07620009270217128,0.15241278522163143
12,0.8627810035203289,35.47615486374284,20,-0.17907455122237004,-0.10480759410525861,0.16073512919337785
12,0.8627810035203289,35.47615486374284,21,-0.21447866536725899,-0.13261171576993813,0.15935903115109798
12,0.8627810035203289,35.47615486374284,22,-0.2457619867326826,-0.14779386117925722,0.15161891480939196
12,0.8627810035203289,35.47615486374284,23,-0.2706943493749506,-0.14327356072997943,0.138257122400673
12,0.8627810035203289,35.47615486374284,24,-0.29519828897220907,-0.1442856717778112,0.13789158654418632
12,0.8627810035203289,35.47615486374284,25,-0.31875462225716306,-0.14526659590190183,0.12734673611487723
12,0.8627810035203289,35.47615486374284,26,-0.3418796246974475,-0.14553709393816983,0.10618288038529194
12,0.8627810035203289,35.47615486374284,27,-0.35802732952458854,-0.14223689119669153,0.10573719782942338
12,0.8627810035203289,35.47615486374284,28,-0.36946791380519645,-0.13773881399026144,0.10762552005178577
12,0.8627810035203289,35.47615486374284,29,-0.37131203291035303,-0.1333747308985269,0.10140953812863143
12,0.8627810035203289,35.47615486374284,30,-0.37164152133021766,-0.13075574755033526,0.09998995858148653
13,0.8627810035203289,36.46339163800634,1,-0.14021579525127822,0.05450652101216284,0.8703001540536771
13,0.8627810035203289,36.46339163800634,2,-0.34705123302140356,0.07696391834161811,0.8306665569030084
13,0.8627810035203289,36.46339163800634,3,-0.21591381010529687,0.1512628170852903,0.8213095544765384
13,0.8627810035203289,36.46339163800634,4,-0.08576252835521125,0.22500299505336785,0.7980075094219868
13,0.8627810035203289,36.46339163800634,5,0.04340515055984535,0.2981858903951842,0.760866511869221
13,0.8627810035203289,36.46339163800634,6,0.171585518778897,0.3708094023375118,0.7099950020215074
13,0.8627810035203289,36.46339163800634,7,0.28095558884311816,0.3669724068675513,0.651887626514678
13,0.8627810035203289,36.46339163800634,8,0.3634794417011433,0.3408557705869568,0.587177222767314
13,0.8627810035203289,36.46339163800634,9,0.346096267314831,0.3112131205283472,0.5333384094344568
13,0.8627810035203289,36.46339163800634,10,0.3206678484859672,0.28144107357815706,0.4677082988312893
13,0.8627810035203289,36.46339163800634,11,0.2888820880299061,0.2516073882478818,0.38996783403338253
13,0.8627810035203289,36.46339163800634,12,0.250546902376865,0.21519419668651144,0.3356607345841133
13,0.8627810035203289,36.46339163800634,13,0.1909358077642272,0.17123304928573463,0.33883059706815827
13,0.8627810035203289,36.46339163800634,14,0.13159053692393938,0.12746793784294252,0.3279517411507768
13,0.8627810035203289,36.46339163800634,15,0.07251356794070321,0.08390068986101112,0.3030881099193719
13,0.8627810035203289,36.46339163800634,16,0.013713057533201987,0.040537320641532704,0.2643080749472897
13,0.8627810035203289,36.46339163800634,17,-0.044798142076066805,-0.0026126917401225105,0.21168776586710208
13,0.8627810035203289,36.46339163800634,18,-0.10300359927252514,-0.045537229529110525,0.14531337815449114
13,0.8627810035203289,36.46339163800634,19,-0.14273495055932084,-0.07627035491425051,0.15243156233542135
13,0.8627810035203289,36.46339163800634,20,-0.1790859490601563,-0.1048776419608769,0.16079267873894046
13,0.8627810035203289,36.46339163800634,21,-0.21448910988381023,-0.13268433577688174,0.1594414881297763
13,0.8627810035203289,36.46339163800634,22,-0.24505844476662283,-0.14564464307249708,0.15159363764030798
13,0.8627810035203289,36.46339163800634,23,-0.26851694157765854,-0.13659933500350582,0.1381307718242789
13,0.8627810035203289,36.46339163800634,24,-0.2920238702225412,-0.133319133734074,0.1383297705664905
13,0.8627810035203289,36.46339163800634,25,-0.3145533654940264,-0.13025612989005056,0.12849145105427348
13,0.8627810035203289,36.46339163800634,26,-0.3364666767980521,-0.12661017983723905,0.10815026015809631
13,0.8627810035203289,36.46339163800634,27,-0.3511748748099148,-0.12081854845075679,0.1069264157907876
13,0.8627810035203289,36.46339163800634,28,-0.36259330340628476,-0.11452701675448174,0.10589275322823725
13,0.8627810035203289,36.46339163800634,29,-0.3640733743256939,-0.10925858298853806,0.10042588387673695
13,0.8627810035203289,36.46339163800634,30,-0.36449596510324245,-0.10798623272794304,0.10055444446300603
14,0.8627810035203289,36.313172769956346,1,-0.14021579525127822,0.05450652101216284,0.8703001540536771
14,0.8627810035203289,36.313172769956346,2,-0.34705123302140356,0.07696391834161811,0.8306665569030084
14,0.8627810035203289,36.313172769956346,3,-0.21591381010529687,0.1512628170852903,0.8213095544765384
14,0.8627810035203289,36.313172769956346,4,-0.08576252835521125,0.22500299505336785,0.7980075094219868
14,0.8627810035203289,36.313172769956346,5,0.04340515055984535,0.2981858903951842,0.760866511869221
14,0.8627810035203289,36.313172769956346,6,0.171585518778897,0.3708094023375118,0.7099950020215074
14,0.8627810035203289,36.313172769956346,7,0.28095558884311816,0.3669724068675513,0.651887626514678
14,0.8627810035203289,36.313172769956346,8,0.3634794417011433,0.3408557705869568,0.587177222767314
14,0.8627810035203289,36.313172769956346,9,0.346096267314831,0.3112131205283472,0.5333384094344568
14,0.8627810035203289,36.313172769956346,10,0.3206678484859672,0.28144107357815706,0.4677082988312893
14,0.8627810035203289,36.313172769956346,11,0.2888820880299061,0.2516073882478818,0.38996783403338253
14,0.8627810035203289,36.313172769956346,12,0.250545937809522,0.21519284011129738,0.3356648890386255
14,0.8627810035203289,36.313172769956346,13,0.1909330898069407,0.1712264550975979,0.3388333107402013
14,0.8627810035203289,36.313172769956346,14,0.1315860841953724,0.12745613736314887,0.3279530210440791
14,0.8627810035203289,36.313172769956346,15,0.07250739931510129,0.08388371476329999,0.30308796570547936
14,0.8627810035203289,36.313172769956346,16,0.013705191935154721,0.04051520317649932,0.26430651902102087
14,0.8627810035203289,36.313172769956346,17,-0.0448076858057301,-0.0026399185332347005,0.21168481319323323
14,0.8627810035203289,36.313172769956346,18,-0.10301480242522867,-0.045569531621328846,0.14530904601283062
14,0.8627810035203289,36.313172769956346,19,-0.1427408628004017,-0.07630826966965092,0.1524477967251436
14,0.8627810035203289,36.313172769956346,20,-0.17908576015565195,-0.10492177957849401,0.1608309141986652
14,0.8627810035203289,36.313172769956346,21,-0.21279124702244592,-0.12847856829798796,0.15984722316367841
14,0.8627810035203289,36.313172769956346,22,-0.24190683582285813,-0.1422488700369102,0.15211696038872705
14,0.8627810035203289,36.313172769956346,23,-0.26713560152461907,-0.14389070074918056,0.1402541664791856
14,0.8627810035203289,36.313172769956346,24,-0.28841556876552343,-0.14243720715189376,0.13994833664300488
14,0.8627810035203289,36.313172769956346,25,-0.3087026869699525,-0.14111015394699056,0.12978932114088193
14,0.8627810035203289,36.313172769956346,26,-0.329506024810168,-0.1401833742332277,0.11369580815041673
14,0.8627810035203289,36.313172769956346,27,-0.3480212982482401,-0.13797113362012625,0.10374025049650894
14,0.8627810035203289,36.313172769956346,28,-0.3611971112229869,-0.1331012109091416,0.10645816845728524
14,0.8627810035203289,36.313172769956346,29,-0.37314753053582506,-0.12796891372897726,0.10034306472929475
14,0.8627810035203289,36.313172769956346,30,-0.3807749334386868,-0.12194824745266827,0.10309172207194278
15,0.8627810035203289,36.526629317099435,1,-0.14021579525127822,0.05450652101216284,0.8703001540536771
15,0.8627810035203289,36.526629317099435,2,-0.34705123302140356,0.07696391834161811,0.8306665569030084
15,0.8627810035203289,36.526629317099435,3,-0.21591381010529687,0.1512628170852903,0.8213095544765384
15,0.8627810035203289,36.526629317099435,4,-0.08576252835521125,0.22500299505336785,0.7980075094219868
15,0.8627810035203289,36.526629317099435,5,0.04340515055984535,0.2981858903951842,0.760866511869221
15,0.8627810035203289,36.526629317099435,6,0.171585518778897,0.3708094023375118,0.7099950020215074
15,0.8627810035203289,36.526629317099435,7,0.28095558884311816,0.3669724068675513,0.651887626514678
15,0.8627810035203289,36.526629317099435,8,0.3634794417011433,0.3408557705869568,0.587177222767314
15,0.8627810035203289,36.526629317099435,9,0.346096267314831,0.3112131205283472,0.5333384094344568
15,0.8627810035203289,36.526629317099435,10,0.3206678484859672,0.28144107357815706,0.4677082988312893
15,0.8627810035203289,36.526629317099435,11,0.2888820880299061,0.2516073882478818,0.38996783403338253
15,0.8627810035203289,36.526629317099435,12,0.25054414432800964,0.21519093609578058,0.3356711373628255
15,0.8627810035203289,36.526629317099435,13,0.19092890582131627,0.17121591221478646,0.33883607615564915
15,0.8627810035203289,36.526629317099435,14,0.1315795373369097,0.12743700665642538,0.32795232001452546
15,0.8627810035203289,36.526629317099435,15,0.07249851812833373,0.08385604823555286,0.3030838190879977
15,0.8627810035203289,36.526629317099435,16,0.013694005453462355,0.04047905413198397,0.26429895248367935
15,0.8627810035203289,36.526629317099435,17,-0.044821148391846276,-0.0026844951920463804,0.21167385722065898
15,0.8627810035203289,36.526629317099435,18,-0.10303051195970034,-0.045622479122219756,0.14529473566473808
15,0.8627810035203289,36.526629317099435,19,-0.1427496917986788,-0.076366139209317,0.15246818756009461
15,0.8627810035203289,36.526629317099435,20,-0.17908749074412705,-0.10498563498721811,0.16088458153314258
15,0.8627810035203289,36.526629317099435,21,-0.21447595010530596,-0.13280472653808104,0.15959254056929684
15,0.8627810035203289,36.526629317099435,22,-0.24375439566131327,-0.14601993605158825,0.1522000849549083
15,0.8627810035203289,36.526629317099435,23,-0.26644975815661226,-0.1388956874775807,0.13947020168026186
15,0.8627810035203289,36.526629317099435,24,-0.28845419478661816,-0.13725296347202545,0.13941086069567504
15,0.8627810035203289,36.526629317099435,25,-0.30946123998070446,-0.1356587153202339,0.1294886093978504
15,0.8627810035203289,36.526629317099435,26,-0.3302054162704676,-0.1333039458217284,0.10984110988117564
15,0.8627810035203289,36.526629317099435,27,-0.3474903236820407,-0.1288080018393408,0.10410584647665712
15,0.8627810035203289,36.526629317099435,28,-0.35971176586589904,-0.1225684104731552,0.10774452643878522
15,0.8627810035203289,36.526629317099435,29,-0.3704687873578558,-0.11622121142877676,0.1023149344728901
15,0.8627810035203289,36.526629317099435,30,-0.36919800281380183,-0.1107565017086746,0.09998583520794191
16,0.8627810035203289,37.28593122198603,1,-0.14021579525127822,0.05450652101216284,0.8703001540536771
16,0.8627810035203289,37.28593122198603,2,-0.34705123302140356,0.07696391834161811,0.8306665569030084
16,0.8627810035203289,37.28593122198603,3,-0.21591381010529687,0.1512628170852903,0.8213095544765384
16,0.8627810035203289,37.28593122198603,4,-0.08576252835521125,0.22500299505336785,0.7980075094219868
16,0.8627810035203289,37.28593122198603,5,0.04340515055984535,0.2981858903951842,0.760866511869221
16,0.8627810035203289,37.28593122198603,6,0.171585518778897,0.3708094023375118,0.7099950020215074
16,0.8627810035203289,37.28593122198603,7,0.28095558884311816,0.3669724068675513,0.651887626514678
16,0.8627810035203289,37.28593122198603,8,0.3634794417011433,0.3408557705869568,0.587177222767314
16,0.8627810035203289,37.28593122198603,9,0.346096267314831,0.3112131205283472,0.5333384094344568
16,0.8627810035203289,37.28593122198603,10,0.3206678484859672,0.28144107357815706,0.4677082988312893
16,0.8627810035203289,37.28593122198603,11,0.2888820880299061,0.2516073882478818,0.38996783403338253
16,0.8627810035203289,37.28593122198603,12,0.2505430389507473,0.21519032386056472,0.335673485121474
16,0.8627810035203289,37.28593122198603,13,0.19092694504026636,0.17121091527505017,0.33883582803171114
16,0.8627810035203289,37.28593122198603,14,0.13157673298298567,0.12742765048042082,0.3279494880420453
16,0.8627810035203289,37.28593122198603,15,0.07249488286334135,0.08384235906059576,0.30307841753315773
16,0.8627810035203289,37.28593122198603,16,0.013689552491158248,0.04046105911619043,0.26429099829987146
16,0.8627810035203289,37.28593122198603,17,-0.044826405535968124,-0.0027067678587226565,0.211663370243334
16,0.8627810035203289,37.28593122198603,18,-0.10303655964820278,-0.04564900012526275,0.14528173862143445
16,0.8627810035203289,37.28593122198603,19,-0.14275531673583708,-0.07639148158074217,0.1524687177323653
16,0.8627810035203289,37.28593122198603,20,-0.17909379179471974,-0.10501015089126746,0.16089424035025704
16,0.8627810035203289,37.28593122198603,21,-0.2144843272266159,-0.13282978313463076,0.15960343804132832
16,0.8627810035203289,37.28593122198603,22,-0.24638618126998418,-0.1487029490492344,0.15147359502203536
16,0.8627810035203289,37.28593122198603,23,-0.27212586413604606,-0.14729191264311403,0.1422751456346337
16,0.8627810035203289,37.28593122198603,24,-0.293708528147242,-0.14961171092494846,0.1447967156312167
16,0.8627810035203289,37.28593122198603,25,-0.31388163548127734,-0.15179847170969213,0.1407619045469899
16,0.8627810035203289,37.28593122198603,26,-0.3333467546005136,-0.1558410311893196,0.13942353551048617
16,0.8627810035203289,37.28593122198603,27,-0.3414226845138242,-0.15671292583814883,0.1351290748006779
16,0.8627810035203289,37.28593122198603,28,-0.34567607832002556,-0.15724483686208846,0.12604241042217654
16,0.8627810035203289,37.28593122198603,29,-0.35175599186519735,-0.15857263861350618,0.11109363026204812
16,0.8627810035203289,37.28593122198603,30,-0.35610690776167214,-0.1596987847032119,0.10052496232896171
17,0.8627810035203289,37.125460696545844,1,-0.14021579525127822,0.05450652101216284,0.8703001540536771
17,0.8627810035203289,37.125460696545844,2,-0.34705123302140356,0.07696391834161811,0.8306665569030084
17,0.8627810035203289,37.125460696545844,3,-0.21591381010529687,0.1512628170852903,0.8213095544765384
17,0.8627810035203289,37.125460696545844,4,-0.08576252835521125,0.22500299505336785,0.7980075094219868
17,0.8627810035203289,37.125460696545844,5,0.04340515055984535,0.2981858903951842,0.760866511869221
17,0.8627810035203289,37.125460696545844,6,0.171585518778897,0.3708094023375118,0.7099950020215074
17,0.8627810035203289,37.125460696545844,7,0.28095558884311816,0.3669724068675513,0.651887626514678
17,0.8627810035203289,37.125460696545844,8,0.3634794417011433,0.3408557705869568,0.587177222767314
17,0.8627810035203289,37.125460696545844,9,0.346096267314831,0.3112131205283472,0.5333384094344568
17,0.8627810035203289,37.125460696545844,10,0.3206678484859672,0.28144107357815706,0.4677082988312893
17,0.8627810035203289,37.125460696545844,11,0.2888820880299061,0.2516073882478818,0.38996783403338253
17,0.8627810035203289,37.125460696545844,12,0.250549232442555,0.215189437522516,0.33567369737773434
17,0.8627810035203289,37.125460696545844,13,0.19093366018216618,0.17123313160484782,0.3388594131985872
17,0.8627810035203289,37.125460696545844,14,0.13158393184057277,0.12747284018771787,0.3279963396562253
17,0.8627810035203289,37.125460696545844,15,0.07250251882732038,0.08391038551370335,0.3031484172629443
17,0.8627810035203289,37.125460696545844,16,0.013697572482014943,0.040551777804022825,0.26438401071100204
17,0.8627810035203289,37.125460696545844,17,-0.04481805880107702,-0.0025935094442571076,0.21177923953814112
17,0.8627810035203289,37.125460696545844,18,-0.10302794575155305,-0.04551336244931014,0.14542028704834756
17,0.8627810035203289,37.125460696545844,19,-0.14272883950353726,-0.07629863901820519,0.15254488273009448
17,0.8627810035203289,37.125460696545844,20,-0.17903207568224824,-0.10495912546725544,0.16096835752456834
17,0.8627810035203289,37.125460696545844,21,-0.21436542927872593,-0.1328027457323108,0.15978910308717395
17,0.8627810035203289,37.125460696545844,22,-0.2453677883117867,-0.1473267881427797,0.1521244305397324
17,0.8627810035203289,37.125460696545844,23,-0.26792322287741244,-0.13484471410982346,0.13955146745015992
17,0.8627810035203289,37.125460696545844,24,-0.2911329828206255,-0.12700215814348934,0.13716354181384158
17,0.8627810035203289,37.125460696545844,25,-0.3136386317980378,-0.12017597289271119,0.12710401963637794
17,0.8627810035203289,37.125460696545844,26,-0.3353800862988055,-0.1130392671053546,0.10638145968087452
17,0.8627810035203289,37.125460696545844,27,-0.34873520848723294,-0.10492280891519123,0.10860344693170286
17,0.8627810035203289,37.125460696545844,28,-0.35510211192179053,-0.09734810313482385,0.10867196744974453
17,0.8627810035203289,37.125460696545844,29,-0.3526263925876585,-0.0907860857881155,0.10012019120533405
17,0.8627810035203289,37.125460696545844,30,-0.3521485247242426,-0.08675532860893789,0.09923203005157663
18,0.8627810035203289,37.38714099729335,1,-0.14021579525127822,0.05450652101216284,0.8703001540536771
18,0.8627810035203289,37.38714099729335,2,-0.34705123302140356,0.07696391834161811,0.8306665569030084
18,0.8627810035203289,37.38714099729335,3,-0.21591381010529687,0.1512628170852903,0.8213095544765384
18,0.8627810035203289,37.38714099729335,4,-0.08576252835521125,0.22500299505336785,0.7980075094219868
18,0.8627810035203289,37.38714099729335,5,0.04340515055984535,0.2981858903951842,0.760866511869221
18,0.8627810035203289,37.38714099729335,6,0.171585518778897,0.3708094023375118,0.7099950020215074
18,0.8627810035203289,37.38714099729335,7,0.28095558884311816,0.3669724068675513,0.651887626514678
18,0.8627810035203289,37.38714099729335,8,0.3634794417011433,0.3408557705869568,0.587177222767314
18,0.8627810035203289,37.38714099729335,9,0.346096267314831,0.3112131205283472,0.5333384094344568
18,0.8627810035203289,37.38714099729335,10,0.3206678484859672,0.28144107357815706,0.4677082988312893
18,0.8627810035203289,37.38714099729335,11,0.2888820880299061,0.2516073882478818,0.38996783403338253
18,0.8627810035203289,37.38714099729335,12,0.25055224218354016,0.2152021277825735,0.3356385444911971
18,0.8627810035203289,37.38714099729335,13,0.1909488189362987,0.17127409236782262,0.33882601074931074
18,0.8627810035203289,37.38714099729335,14,0.13161112264954808,0.12754189911607425,0.32796467660831696
18,0.8627810035203289,37.38714099729335,15,0.07254162602904836,0.08400737042443722,0.3031184681623271
18,0.8627810035203289,37.38714099729335,16,0.013748482353061598,0.04067651530173561,0.26435573715935323
18,0.8627810035203289,37.38714099729335,17,-0.0447554579210008,-0.002441195397547548,0.21175259242426253
18,0.8627810035203289,37.38714099729335,18,-0.10295376380293392,-0.04533365194748884,0.1453952088956281
18,0.8627810035203289,37.38714099729335,19,-0.14272774244163036,-0.07604595105278202,0.1523398621744334
18,0.8627810035203289,37.38714099729335,20,-0.17912178374505053,-0.10462773582428793,0.160536172853304
18,0.8627810035203289,37.38714099729335,21,-0.21457137832082288,-0.13240744662745366,0.1590141538684442
18,0.8627810035203289,37.38714099729335,22,-0.24545922265738002,-0.14621315178552222,0.15072075321761624
18,0.8627810035203289,37.38714099729335,23,-0.2671135611047127,-0.1308422442094023,0.1396868545103729
18,0.8627810035203289,37.38714099729335,24,-0.2889330320694137,-0.12061852848110034,0.1390966398425471
18,0.8627810035203289,37.38714099729335,25,-0.3096965210982789,-0.1107601237849042,0.12883730843599914
18,0.8627810035203289,37.38714099729335,26,-0.32979816301373555,-0.10052132899292937,0.10905163979488446
18,0.8627810035203289,37.38714099729335,27,-0.34398149006857043,-0.09020293551170641,0.10685800620594409
18,0.8627810035203289,37.38714099729335,28,-0.35170798809618997,-0.08067084683275316,0.10963671570423442
18,0.8627810035203289,37.38714099729335,29,-0.351512007261408,-0.07238721113930303,0.10169479131677868
18,0.8627810035203289,37.38714099729335,30,-0.35045168319121256,-0.06721839809521134,0.09989113296273912
19,0.8627810035203289,34.28555663688565,1,-0.14021579525127822,0.05450652101216284,0.8703001540536771
19,0.8627810035203289,34.28555663688565,2,-0.34705123302140356,0.07696391834161811,0.8306665569030084
19,0.8627810035203289,34.28555663688565,3,-0.21591381010529687,0.1512628170852903,0.8213095544765384
19,0.8627810035203289,34.28555663688565,4,-0.08576252835521125,0.22500299505336785,0.7980075094219868
19,0.8627810035203289,34.28555663688565,5,0.04340515055984535,0.2981858903951842,0.760866511869221
19,0.8627810035203289,34.28555663688565,6,0.171585518778897,0.3708094023375118,0.7099950020215074
19,0.8627810035203289,34.28555663688565,7,0.28095558884311816,0.3669724068675513,0.651887626514678
19,0.8627810035203289,34.28555663688565,8,0.3634794417011433,0.3408557705869568,0.587177222767314
19,0.8627810035203289,34.28555663688565,9,0.346096267314831,0.3112131205283472,0.5333384094344568
19,0.8627810035203289,34.28555663688565,10,0.3206678484859672,0.28144107357815706,0.4677082988312893
19,0.8627810035203289,34.28555663688565,11,0.2888820880299061,0.2516073882478818,0.38996783403338253
19,0.8627810035203289,34.28555663688565,12,0.2505518368426591,0.21519769609578554,0.33565032541332096
19,0.8627810035203289,34.28555663688565,13,0.19094425842160792,0.1712616881403375,0.33883979222561833
19,0.8627810035203289,34.28555663688565,14,0.13160244433326926,0.12752157178366985,0.3279804506448346
19,0.8627810035203289,34.28555663688565,15,0.07252886582320728,0.08397916855028748,0.3031362306766508
19,0.8627810035203289,34.28555663688565,16,0.01373167470438194,0.04064048704058227,0.2643754868527166
19,0.8627810035203289,34.28555663688565,17,-0.04477627983699907,-0.0024850017693988364,0.21177432960060433
19,0.8627810035203289,34.28555663688565,18,-0.10297856775449303,-0.04538518749587014,0.14541893442706297
19,0.8627810035203289,34.28555663688565,19,-0.142724453481502,-0.07612661926188606,0.152425088295842
19,0.8627810035203289,34.28555663688565,20,-0.17908216686408626,-0.10473942495390139,0.16070653999404355
19,0.8627810035203289,34.28555663688565,21,-0.21448458690296557,-0.1325434980070407,0.15931991717525343
19,0.8627810035203289,34.28555663688565,22,-0.24602280738754034,-0.14841784781404765,0.15132653984214192
19,0.8627810035203289,34.28555663688565,23,-0.2722852133578922,-0.14860406034655516,0.14002651685815226
19,0.8627810035203289,34.28555663688565,24,-0.2958547885168458,-0.1539826392623171,0.14160670579652412
19,0.8627810035203289,34.28555663688565,25,-0.31835422730200086,-0.15892693830604784,0.1338692488981741
19,0.8627810035203289,34.28555663688565,26,-0.340505438520387,-0.16290046258791108,0.11627075686763766
19,0.8627810035203289,34.28555663688565,27,-0.36267910436562345,-0.1653731557949507,0.09908255743569175
19,0.8627810035203289,34.28555663688565,28,-0.37754963538465175,-0.16312621930747326,0.10719089760923865
19,0.8627810035203289,34.28555663688565,29,-0.3840891360633267,-0.16011351366735121,0.10456645859976064
19,0.8627810035203289,34.28555663688565,30,-0.38503201576061097,-0.15651708427425,0.10085847987705818
20,0.8627810035203289,37.28342203591932,1,-0.14021579525127822,0.05450652101216284,0.8703001540536771
20,0.8627810035203289,37.28342203591932,2,-0.34705123302140356,0.07696391834161811,0.8306665569030084
20,0.8627810035203289,37.28342203591932,3,-0.21591381010529687,0.1512628170852903,0.8213095544765384
20,0.8627810035203289,37.28342203591932,4,-0.08576252835521125,0.22500299505336785,0.7980075094219868
20,0.8627810035203289,37.28342203591932,5,0.04340515055984535,0.2981858903951842,0.760866511869221
20,0.8627810035203289,37.28342203591932,6,0.171585518778897,0.3708094023375118,0.7099950020215074
20,0.8627810035203289,37.28342203591932,7,0.28095558884311816,0.3669724068675513,0.651887626514678
20,0.8627810035203289,37.28342203591932,8,0.3634794417011433,0.3408557705869568,0.587177222767314
20,0.8627810035203289,37.28342203591932,9,0.346096267314831,0.3112131205283472,0.5333384094344568
20,0.8627810035203289,37.28342203591932,10,0.3206678484859672,0.28144107357815706,0.4677082988312893
20,0.8627810035203289,37.28342203591932,11,0.2888820880299061,0.2516073882478818,0.38996783403338253
20,0.8627810035203289,37.28342203591932,12,0.2505433509258762,0.21518270739666623,0.33569442708024794
20,0.8627810035203289,37.28342203591932,13,0.19091678279345642,0.17119645174792938,0.33887321620345356
20,0.8627810035203289,37.28342203591932,14,0.13155617109374265,0.12740639098356782,0.3280032502155165
20,0.8627810035203289,37.28342203591932,15,0.072463988101962,0.08381434889008432,0.30314848505173947
20,0.8627810035203289,37.28342203591932,16,0.0136483849679261,0.040426338534651454,0.26437730073694293
20,0.8627810035203289,37.28342203591932,17,-0.044877790721410064,-0.0027481624746448015,0.2117658309300012
20,0.8627810035203289,37.28342203591932,18,-0.10309811062888648,-0.04569703502612591,0.14540027135728817
20,0.8627810035203289,37.28342203591932,19,-0.1427774649198027,-0.07650656081357034,0.15263557766002264
20,0.8627810035203289,37.28342203591932,20,-0.17905523421755984,-0.1051946390380055,0.1611763979470514
20,0.8627810035203289,37.28342203591932,21,-0.2143592661853589,-0.13306595653657774,0.1601254646422926
20,0.8627810035203289,37.28342203591932,22,-0.2452739899696083,-0.14767086911632626,0.15264334454435713
20,0.8627810035203289,37.28342203591932,23,-0.2676754633435989,-0.13509338949204808,0.14036649844119092
20,0.8627810035203289,37.28342203591932,24,-0.29063910824404354,-0.1270808916147265,0.13809257018506135
20,0.8627810035203289,37.28342203591932,25,-0.31283927905434417,-0.12002623382095128,0.12824147925232307
20,0.8627810035203289,37.28342203591932,26,-0.3342555101260073,-0.11260240667615612,0.10789801728556957
20,0.8627810035203289,37.28342203591932,27,-0.34796631539114914,-0.1045116375178919,0.10789545023047137
20,0.8627810035203289,37.28342203591932,28,-0.3539654743584437,-0.09682343663708728,0.10836197256128542
20,0.8627810035203289,37.28342203591932,29,-0.3507831951222172,-0.09032356378310606,0.09983330614692246
20,0.8627810035203289,37.28342203591932,30,-0.3485758414851107,-0.08867192795812481,0.10002178225278538
