particle,elasticity,weight,frame,x,y,z
1,0.41600175229862785,69.63410111205188,1,-0.051741226982554664,-0.35330066412760125,0.7053681770008619
1,0.41600175229862785,69.63410111205188,2,0.15263690108606487,-0.3369104424902033,0.7416146140522513
1,0.41600175229862785,69.63410111205188,3,0.35502976556123855,-0.3206794302095635,0.7635069115697871
1,0.41600175229862785,69.63410111205188,4,0.3111738248231005,-0.33308066100748657,0.757882718711994
1,0.41600175229862785,69.63410111205188,5,0.2674665047786389,-0.3454398660389432,0.7382365870309096
1,0.41600175229862785,69.63410111205188,6,0.2239161714115843,-0.3577546796382255,0.7046216033935054
1,0.41600175229862785,69.63410111205188,7,0.18081952510208701,-0.36727795588319534,0.6577245282088621
1,0.41600175229862785,69.63410111205188,8,0.1380747606939822,-0.3751296890074019,0.5973620239364509
1,0.41600175229862785,69.63410111205188,9,0.09552951623316827,-0.38294477255824494,0.5232490250346398
1,0.41600175229862785,69.63410111205188,10,0.054126644711141064,-0.3827089058609214,0.4372594990502445
1,0.41600175229862785,69.63410111205188,11,0.013557343642735009,-0.37732170707463203,0.33885017634723363
1,0.41600175229862785,69.63410111205188,12,-0.026769832367226243,-0.3719666600825967,0.22700416902232237
1,0.41600175229862785,69.63410111205188,13,-0.06791604665403447,-0.36796763063081855,0.10868593554696582
1,0.41600175229862785,69.63410111205188,14,-0.1027359148173318,-0.3785865358665941,0.1110802725541405
1,0.41600175229862785,69.63410111205188,15,-0.13134945373102283,-0.377681721166391,0.11959355892031812
1,0.41600175229862785,69.63410111205188,16,-0.15749404227350658,-0.3722474970342431,0.11886195517943617
1,0.41600175229862785,69.63410111205188,17,-0.18198010597398334,-0.3672003951493897,0.11066683161161806
1,0.41600175229862785,69.63410111205188,18,-0.20462297895270234,-0.3633216682798561,0.09769437018647699
1,0.41600175229862785,69.63410111205188,19,-0.22180467635897635,-0.36220385425907264,0.09767370049751967
1,0.41600175229862785,69.63410111205188,20,-0.23542388485601526,-0.3617670423357159,0.09819609552165236
1,0.41600175229862785,69.63410111205188,21,-0.24572042688369025,-0.3613330695206454,0.09812003311684207
1,0.41600175229862785,69.63410111205188,22,-0.252410267193433,-0.36110670933582695,0.09869767902967277
1,0.41600175229862785,69.63410111205188,23,-0.25565553350506653,-0.36086806522587594,0.09921921268900252
1,0.41600175229862785,69.63410111205188,24,-0.25594722820502697,-0.36085524267165914,0.09962613382933258
1,0.41600175229862785,69.63410111205188,25,-0.25590431626485416,-0.360868618035785,0.09981823050977849
1,0.41600175229862785,69.63410111205188,26,-0.25588431299795117,-0.36087464799910596,0.09990892335093896
1,0.41600175229862785,69.63410111205188,27,-0.2558750773781536,-0.36087722786602217,0.09995174327530684
1,0.41600175229862785,69.63410111205188,28,-0.2558709011843937,-0.3608781886000474,0.09997196080132373
1,0.41600175229862785,69.63410111205188,29,-0.2558691018944595,-0.3608783897857339,0.0999815066476299
1,0.41600175229862785,69.63410111205188,30,-0.255868912158813,-0.36087938038838707,0.09998582337399126
2,0.4547763380266771,70.18912491810296,1,-0.05177403588456326,-0.35316383615141067,0.7053584973179583
2,0.4547763380266771,70.18912491810296,2,0.15231135280578886,-0.33554882084692483,0.7415184744194516
2,0.4547763380266771,70.18912491810296,3,0.3544159314802612,-0.3181047731897013,0.7633253882984603
2,0.4547763380266771,70.18912491810296,4,0.30701491843362105,-0.32970881941707764,0.7577167083220528
2,0.4547763380266771,70.18912491810296,5,0.2597803976116497,-0.3412721073705823,0.7380874819545874
2,0.4547763380266771,70.18912491810296,6,0.21272078650247736,-0.352792576399712,0.7044921886610623
2,0.4547763380266771,70.18912491810296,7,0.1658775511430084,-0.3640024977540618,0.657054650418087
2,0.4547763380266771,70.18912491810296,8,0.119595613966311,-0.37180807969332824,0.5965479827709277
2,0.4547763380266771,70.18912491810296,9,0.07353351713776714,-0.3795765849250118,0.5222969628119777
2,0.4547763380266771,70.18912491810296,10,0.027781539698587515,-0.38664501037990967,0.43455261710626963
2,0.4547763380266771,70.18912491810296,11,-0.016336777830686138,-0.38191218974550256,0.3358690919373403
2,0.4547763380266771,70.18912491810296,12,-0.0601890718047698,-0.37720790695754447,0.22375696757049635
2,0.4547763380266771,70.18912491810296,13,-0.10481126129521136,-0.3738459032834393,0.1050902361829076
2,0.4547763380266771,70.18912491810296,14,-0.13981824243220584,-0.3723938995294261,0.10574408746164363
2,0.4547763380266771,70.18912491810296,15,-0.1707387464336195,-0.3688086292118761,0.1086131958035364
2,0.4547763380266771,70.18912491810296,16,-0.20113159179883844,-0.36535918597048134,0.09946280443677544
2,0.4547763380266771,70.18912491810296,17,-0.226474762921905,-0.36320947719661156,0.0986308275275628
2,0.4547763380266771,70.18912491810296,18,-0.2484214297494483,-0.3615338952941079,0.09761352273148127
2,0.4547763380266771,70.18912491810296,19,-0.26668161073851065,-0.36034820149049024,0.09755534435302336
2,0.4547763380266771,70.18912491810296,20,-0.2812807266832241,-0.35961912693579456,0.09820677223426463
2,0.4547763380266771,70.18912491810296,21,-0.2924846876969096,-0.3592391570200372,0.09846465652727199
2,0.4547763380266771,70.18912491810296,22,-0.30015732871309375,-0.359159457219673,0.09884129740675847
2,0.4547763380266771,70.18912491810296,23,-0.3042893476797394,-0.35912539753177825,0.09937710651448019
2,0.4547763380266771,70.18912491810296,24,-0.30538849211727315,-0.3592562294868354,0.09953613660935284
2,0.4547763380266771,70.18912491810296,25,-0.30534214822064587,-0.3591758545378607,0.09977580636240632
2,0.4547763380266771,70.18912491810296,26,-0.30531968483223193,-0.3591381024972898,0.09988893574735594
2,0.4547763380266771,70.18912491810296,27,-0.3053091793919642,-0.3591204618660079,0.09994234016133616
2,0.4547763380266771,70.18912491810296,28,-0.3053042675656425,-0.3591122212309486,0.0999675523480616
2,0.4547763380266771,70.18912491810296,29,-0.3053019718199695,-0.35910837243905963,0.09997945540954478
2,0.4547763380266771,70.18912491810296,30,-0.30530089949429495,-0.35910657523056727,0.09998507511887217
3,0.503580703933651,70.84114839004496,1,-0.051815332093671486,-0.35299161465910944,0.7053463157204206
3,0.503580703933651,70.84114839004496,2,0.15190153703615958,-0.33383497502879717,0.7413974750971862
3,0.503580703933651,70.84114839004496,3,0.3536431106555503,-0.3148640835126125,0.7630969115249164
3,0.503580703933651,70.84114839004496,4,0.3017978701034185,-0.32545464359241805,0.7575080088774276
3,0.503580703933651,70.84114839004496,5,0.2501429450813128,-0.3360063274314462,0.7379003428135813
3,0.503580703933651,70.84114839004496,6,0.19868674864762279,-0.34651741647271145,0.7043302211959604
3,0.503580703933651,70.84114839004496,7,0.14744307917919916,-0.3569850920864323,0.6568628425670759
3,0.503580703933651,70.84114839004496,8,0.09645291276248812,-0.3671775549780498,0.5956269771554424
3,0.503580703933651,70.84114839004496,9,0.04599813099025727,-0.37455615318165447,0.5212871946064901
3,0.503580703933651,70.84114839004496,10,-0.004189478136127528,-0.38189567957609755,0.4333127412667075
3,0.503580703933651,70.84114839004496,11,-0.053835617522427166,-0.38692471461978056,0.3323266753934515
3,0.503580703933651,70.84114839004496,12,-0.10229453236076413,-0.38400890643513874,0.21971020019492196
3,0.503580703933651,70.84114839004496,13,-0.15092091639308913,-0.38224829379184005,0.09876158464488152
3,0.503580703933651,70.84114839004496,14,-0.18118442809213411,-0.37924852863897474,0.10397122599767676
3,0.503580703933651,70.84114839004496,15,-0.2078801489042117,-0.3765392875070173,0.11134430351336438
3,0.503580703933651,70.84114839004496,16,-0.2325357821481408,-0.37408791500962224,0.11261647588933531
3,0.503580703933651,70.84114839004496,17,-0.25516965061615976,-0.3718759163954594,0.10774145949199317
3,0.503580703933651,70.84114839004496,18,-0.275342723355942,-0.3701413260099218,0.09880631657565205
3,0.503580703933651,70.84114839004496,19,-0.29019688902209984,-0.3696244540177329,0.09819134920124391
3,0.503580703933651,70.84114839004496,20,-0.3014729870316271,-0.3695795020423072,0.09845183911476059
3,0.503580703933651,70.84114839004496,21,-0.30923049869792985,-0.3695167297170343,0.09873071030110571
3,0.503580703933651,70.84114839004496,22,-0.31340321831673285,-0.3695125928349937,0.09933583778443623
3,0.503580703933651,70.84114839004496,23,-0.3142586881403604,-0.36950633685050777,0.09968114049845665
3,0.503580703933651,70.84114839004496,24,-0.3142044387035009,-0.3694976671467702,0.09984416352202856
3,0.503580703933651,70.84114839004496,25,-0.3141824791710218,-0.3694950937030342,0.09992115018327542
3,0.503580703933651,70.84114839004496,26,-0.31418783628465646,-0.3695055358360398,0.0999575276902464
3,0.503580703933651,70.84114839004496,27,-0.3141902418473459,-0.3695103681160945,0.099974694434099
3,0.503580703933651,70.84114839004496,28,-0.31419115977841705,-0.36951274805585027,0.099982759346324
3,0.503580703933651,70.84114839004496,29,-0.31418980598007007,-0.3695146944579208,0.09998572811111121
3,0.503580703933651,70.84114839004496,30,-0.31418913013671657,-0.36951465327990995,0.09998626878670028
4,0.5612797132081855,67.5873342025843,1,-0.05186415552825803,-0.3527880050998722,0.7053319167638661
4,0.5612797132081855,67.5873342025843,2,0.15141694833211355,-0.33180875920259734,0.7412544359310462
4,0.5612797132081855,67.5873342025843,3,0.3527291454907205,-0.3110327106368045,0.7628267960504215
4,0.5612797132081855,67.5873342025843,4,0.29565548144829273,-0.3204106532447277,0.7572616357008766
4,0.5612797132081855,67.5873342025843,5,0.2388021915536979,-0.32975238552437913,0.7376798502805371
4,0.5612797132081855,67.5873342025843,6,0.1821775980386369,-0.33905654002524427,0.7041399982305082
4,0.5612797132081855,67.5873342025843,7,0.12579570074577306,-0.34832081639175244,0.6567089184616512
4,0.5612797132081855,67.5873342025843,8,0.06967454193136559,-0.3575422500473946,0.5954644658517727
4,0.5612797132081855,67.5873342025843,9,0.013834807101130076,-0.3667174420955223,0.5204969498962074
4,0.5612797132081855,67.5873342025843,10,-0.04156161172701005,-0.3744357795474187,0.4322319714669453
4,0.5612797132081855,67.5873342025843,11,-0.09655814870333677,-0.38135358007735687,0.33063274413216703
4,0.5612797132081855,67.5873342025843,12,-0.1512070942530113,-0.3882276584333602,0.2156537807615263
4,0.5612797132081855,67.5873342025843,13,-0.20520344548189104,-0.38685961296862825,0.0956837980722044
4,0.5612797132081855,67.5873342025843,14,-0.24172240546423093,-0.3773132322637025,0.10480089154437508
4,0.5612797132081855,67.5873342025843,15,-0.27700126217586113,-0.366888255388498,0.10348895442026879
4,0.5612797132081855,67.5873342025843,16,-0.3096436140459973,-0.35690869476537374,0.09928426385093997
4,0.5612797132081855,67.5873342025843,17,-0.3383856464654264,-0.3474329809759066,0.09790325505461309
4,0.5612797132081855,67.5873342025843,18,-0.3634827681756075,-0.3391685986161299,0.0978721651745077
4,0.5612797132081855,67.5873342025843,19,-0.3576769150106977,-0.3393470304554045,0.09821033738626705
4,0.5612797132081855,67.5873342025843,20,-0.35483114579726244,-0.33950286859366613,0.09914995705890493
4,0.5612797132081855,67.5873342025843,21,-0.35464604257475485,-0.33957870175997507,0.09959359987605777
4,0.5612797132081855,67.5873342025843,22,-0.3547424892656695,-0.33958420767853637,0.0998029485930352
4,0.5612797132081855,67.5873342025843,23,-0.35478759188630865,-0.33958675985378645,0.09990175215244541
4,0.5612797132081855,67.5873342025843,24,-0.3548086715002447,-0.33958793819453414,0.0999483918778623
4,0.5612797132081855,67.5873342025843,25,-0.35481852207974207,-0.3395884819307228,0.09997040986917574
4,0.5612797132081855,67.5873342025843,26,-0.3548231245237524,-0.3395887317938263,0.09998080469681256
4,0.5612797132081855,67.5873342025843,27,-0.3548252745671611,-0.33958884561531233,0.0999857122539226
4,0.5612797132081855,67.5873342025843,28,-0.35482482655275804,-0.33958921046945434,0.09998747654270275
4,0.5612797132081855,67.5873342025843,29,-0.3548245691357854,-0.3395895215434739,0.09998802100491809
4,0.5612797132081855,67.5873342025843,30,-0.3548245126881115,-0.33958969269153555,0.09998819774185666
5,0.5050964059884465,65.71908845930973,1,-0.05181661462904976,-0.35298626602302896,0.7053459374344887
5,0.5050964059884465,65.71908845930973,2,0.15188880847637837,-0.33378174839570185,0.7413937174128176
5,0.5050964059884465,65.71908845930973,3,0.353619105710117,-0.31476343759115244,0.7630898158097775
5,0.5050964059884465,65.71908845930973,4,0.3016361614527243,-0.32532234271062477,0.7575015318615468
5,0.5050964059884465,65.71908845930973,5,0.2498442961904242,-0.3358424353886641,0.7378945403035699
5,0.5050964059884465,65.71908845930973,6,0.19825192172413514,-0.3463220069993153,0.7043252069730727
5,0.5050964059884465,65.71908845930973,7,0.14687284355344601,-0.3567582533351144,0.6568587718189489
5,0.5050964059884465,65.71908845930973,8,0.09574765939949006,-0.36692441113258595,0.5956228331717836
5,0.5050964059884465,65.71908845930973,9,0.04514497168475524,-0.3744121081948005,0.5212523971214336
5,0.5050964059884465,65.71908845930973,10,-0.005178545696117948,-0.3817544704371893,0.43327170610432286
5,0.5050964059884465,65.71908845930973,11,-0.05500006881537912,-0.38713788814407896,0.3322014136671301
5,0.5050964059884465,65.71908845930973,12,-0.10341158311756372,-0.38284742629908314,0.21987103008927372
5,0.5050964059884465,65.71908845930973,13,-0.1523748338369741,-0.3796466165088896,0.10072950299802555
5,0.5050964059884465,65.71908845930973,14,-0.19459183893022952,-0.3757378250575133,0.10871916993964384
5,0.5050964059884465,65.71908845930973,15,-0.23143564066684827,-0.3586651909304714,0.11439144820401045
5,0.5050964059884465,65.71908845930973,16,-0.26697828895239434,-0.3425168228675582,0.1119013444122188
5,0.5050964059884465,65.71908845930973,17,-0.30143824970782457,-0.32741592287509497,0.10096901728919593
5,0.5050964059884465,65.71908845930973,18,-0.3308972427887735,-0.3146494532927406,0.09813560995684359
5,0.5050964059884465,65.71908845930973,19,-0.35494485745888327,-0.30373391376722586,0.09794740799936616
5,0.5050964059884465,65.71908845930973,20,-0.3519552849883876,-0.2979471354945959,0.09882850061952206
5,0.5050964059884465,65.71908845930973,21,-0.3509058307194025,-0.29477830352278067,0.09944153800410595
5,0.5050964059884465,65.71908845930973,22,-0.3507160256533973,-0.2942458911595867,0.0997310277232036
5,0.5050964059884465,65.71908845930973,23,-0.35071656608978835,-0.29430012409016476,0.09986773127693419
5,0.5050964059884465,65.71908845930973,24,-0.35071071476608223,-0.29430587218841503,0.09993231105253182
5,0.5050964059884465,65.71908845930973,25,-0.35070594845555275,-0.2943016063650793,0.09996281611470098
5,0.5050964059884465,65.71908845930973,26,-0.3507037183173326,-0.2942996119748853,0.09997721887069203
5,0.5050964059884465,65.71908845930973,27,-0.3507026745645251,-0.2942986796423405,0.09998401907368011
5,0.5050964059884465,65.71908845930973,28,-0.3507022243417315,-0.29429949622237106,0.09998675034509323
5,0.5050964059884465,65.71908845930973,29,-0.35070209676708264,-0.29430038622465154,0.09998789998552764
5,0.5050964059884465,65.71908845930973,30,-0.35070209734654495,-0.2943006134240177,0.09998823266958139
6,0.503580703933651,70.84114839004496,1,-0.051815332093671486,-0.35299161465910944,0.7053463157204206
6,0.503580703933651,70.84114839004496,2,0.15190153703615958,-0.33383497502879717,0.7413974750971862
6,0.503580703933651,70.84114839004496,3,0.3536431106555503,-0.3148640835126125,0.7630969115249164
6,0.503580703933651,70.84114839004496,4,0.3017978701034185,-0.32545464359241805,0.7575080088774276
6,0.503580703933651,70.84114839004496,5,0.2501429450813128,-0.3360063274314462,0.7379003428135813
6,0.503580703933651,70.84114839004496,6,0.19868674864762279,-0.34651741647271145,0.7043302211959604
6,0.503580703933651,70.84114839004496,7,0.14744307917919916,-0.3569850920864323,0.6568628425670759
6,0.503580703933651,70.84114839004496,8,0.09645291276248812,-0.3671775549780498,0.5956269771554424
6,0.503580703933651,70.84114839004496,9,0.04599813099025727,-0.37455615318165447,0.5212871946064901
6,0.503580703933651,70.84114839004496,10,-0.004189478136127528,-0.38189567957609755,0.4333127412667075
6,0.503580703933651,70.84114839004496,11,-0.053835617522427166,-0.38692471461978056,0.3323266753934515
6,0.503580703933651,70.84114839004496,12,-0.10229453236076413,-0.38400890643513874,0.21971020019492196
6,0.503580703933651,70.84114839004496,13,-0.15092091639308913,-0.38224829379184005,0.09876158464488152
6,0.503580703933651,70.84114839004496,14,-0.18118442809213411,-0.37924852863897474,0.10397122599767676
6,0.503580703933651,70.84114839004496,15,-0.2078801489042117,-0.3765392875070173,0.11134430351336438
6,0.503580703933651,70.84114839004496,16,-0.2325357821481408,-0.37408791500962224,0.11261647588933531
6,0.503580703933651,70.84114839004496,17,-0.25516965061615976,-0.3718759163954594,0.10774145949199317
6,0.503580703933651,70.84114839004496,18,-0.275342723355942,-0.3701413260099218,0.09880631657565205
6,0.503580703933651,70.84114839004496,19,-0.29019688902209984,-0.3696244540177329,0.09819134920124391
6,0.503580703933651,70.84114839004496,20,-0.3014729870316271,-0.3695795020423072,0.09845183911476059
6,0.503580703933651,70.84114839004496,21,-0.30923049869792985,-0.3695167297170343,0.09873071030110571
6,0.503580703933651,70.84114839004496,22,-0.31340321831673285,-0.3695125928349937,0.09933583778443623
6,0.503580703933651,70.84114839004496,23,-0.3142586881403604,-0.36950633685050777,0.09968114049845665
6,0.503580703933651,70.84114839004496,24,-0.3142044387035009,-0.3694976671467702,0.09984416352202856
6,0.503580703933651,70.84114839004496,25,-0.3141824791710218,-0.3694950937030342,0.09992115018327542
6,0.503580703933651,70.84114839004496,26,-0.31418783628465646,-0.3695055358360398,0.0999575276902464
6,0.503580703933651,70.84114839004496,27,-0.3141902418473459,-0.3695103681160945,0.099974694434099
6,0.503580703933651,70.84114839004496,28,-0.31419115977841705,-0.36951274805585027,0.099982759346324
6,0.503580703933651,70.84114839004496,29,-0.31418980598007007,-0.3695146944579208,0.09998572811111121
6,0.503580703933651,70.84114839004496,30,-0.31418913013671657,-0.36951465327990995,0.09998626878670028
7,0.4689662222875554,69.20794342524229,1,-0.051786042693755335,-0.3531137627426539,0.7053549552945616
7,0.4689662222875554,69.20794342524229,2,0.15219220543717912,-0.33505052132752106,0.7414832928369578
7,0.4689662222875554,69.20794342524229,3,0.3541912573561584,-0.3171625471250056,0.7632589584981049
7,0.4689662222875554,69.20794342524229,4,0.3054960298465962,-0.3284730793030818,0.7576559999016241
7,0.4689662222875554,69.20794342524229,5,0.25697406891948693,-0.33974336652582154,0.7380330102621219
7,0.4689662222875554,69.20794342524229,6,0.20863379826388778,-0.3509714522071074,0.7044449925921082
7,0.4689662222875554,69.20794342524229,7,0.1604888242435746,-0.3621541759712065,0.6569562266792276
7,0.4689662222875554,69.20794342524229,8,0.11282887177812359,-0.3706702427033826,0.5962367488301197
7,0.4689662222875554,69.20794342524229,9,0.06549249442231858,-0.378231527215132,0.5219834782547925
7,0.4689662222875554,69.20794342524229,10,0.01840363167245553,-0.38575327493803335,0.4340897489231514
7,0.4689662222875554,69.20794342524229,11,-0.027253136267829454,-0.3831080463481514,0.3349114466290697
7,0.4689662222875554,69.20794342524229,12,-0.07239015237773348,-0.3784297012616014,0.22276045989546658
7,0.4689662222875554,69.20794342524229,13,-0.1182492746623493,-0.37510174625584675,0.10398773095079623
7,0.4689662222875554,69.20794342524229,14,-0.15377953764735644,-0.3731607446381345,0.10597015543483095
7,0.4689662222875554,69.20794342524229,15,-0.18517423082524337,-0.369004798223253,0.11045205819502127
7,0.4689662222875554,69.20794342524229,16,-0.2162073621198238,-0.3648631105547247,0.1019736932684725
7,0.4689662222875554,69.20794342524229,17,-0.24298289038798648,-0.36198325588883884,0.09870830656888993
7,0.4689662222875554,69.20794342524229,18,-0.26580235962369236,-0.35984202104015656,0.09787262398398612
7,0.4689662222875554,69.20794342524229,19,-0.28511514806605515,-0.3582067682663259,0.09723521843007667
7,0.4689662222875554,69.20794342524229,20,-0.3006929414581585,-0.3570827981689447,0.09776356407426035
7,0.4689662222875554,69.20794342524229,21,-0.3127702531613929,-0.35639349805866666,0.09835322460350619
7,0.4689662222875554,69.20794342524229,22,-0.32141373835420894,-0.3560485396826484,0.09866958529539621
7,0.4689662222875554,69.20794342524229,23,-0.3264791051058733,-0.3558743455504946,0.0992898053064692
7,0.4689662222875554,69.20794342524229,24,-0.3284140300710689,-0.35608690061583065,0.09935209952333444
7,0.4689662222875554,69.20794342524229,25,-0.32839510062280003,-0.35598239742423726,0.09968891923378656
7,0.4689662222875554,69.20794342524229,26,-0.32837400841716063,-0.35592913783103686,0.09984788287597911
7,0.4689662222875554,69.20794342524229,27,-0.32836409217706913,-0.3559041463380688,0.09992292686539393
7,0.4689662222875554,69.20794342524229,28,-0.32835942632907783,-0.35589243857973546,0.09995835694108662
7,0.4689662222875554,69.20794342524229,29,-0.3283572254226497,-0.3558869710377948,0.09997508501502851
7,0.4689662222875554,69.20794342524229,30,-0.3283561813776543,-0.3558844343716628,0.09998298321436395
8,0.4547763380266771,70.18912491810296,1,-0.05177403588456326,-0.35316383615141067,0.7053584973179583
8,0.4547763380266771,70.18912491810296,2,0.15231135280578886,-0.33554882084692483,0.7415184744194516
8,0.4547763380266771,70.18912491810296,3,0.3544159314802612,-0.3181047731897013,0.7633253882984603
8,0.4547763380266771,70.18912491810296,4,0.30701491843362105,-0.32970881941707764,0.7577167083220528
8,0.4547763380266771,70.18912491810296,5,0.2597803976116497,-0.3412721073705823,0.7380874819545874
8,0.4547763380266771,70.18912491810296,6,0.21272078650247736,-0.352792576399712,0.7044921886610623
8,0.4547763380266771,70.18912491810296,7,0.1658775511430084,-0.3640024977540618,0.657054650418087
8,0.4547763380266771,70.18912491810296,8,0.119595613966311,-0.37180807969332824,0.5965479827709277
8,0.4547763380266771,70.18912491810296,9,0.07353351713776714,-0.3795765849250118,0.5222969628119777
8,0.4547763380266771,70.18912491810296,10,0.027781539698587515,-0.38664501037990967,0.43455261710626963
8,0.4547763380266771,70.18912491810296,11,-0.016336777830686138,-0.38191218974550256,0.3358690919373403
8,0.4547763380266771,70.18912491810296,12,-0.0601890718047698,-0.37720790695754447,0.22375696757049635
8,0.4547763380266771,70.18912491810296,13,-0.10481126129521136,-0.3738459032834393,0.1050902361829076
8,0.4547763380266771,70.18912491810296,14,-0.13981824243220584,-0.3723938995294261,0.10574408746164363
8,0.4547763380266771,70.18912491810296,15,-0.1707387464336195,-0.3688086292118761,0.1086131958035364
8,0.4547763380266771,70.18912491810296,16,-0.20113159179883844,-0.36535918597048134,0.09946280443677544
8,0.4547763380266771,70.18912491810296,17,-0.226474762921905,-0.36320947719661156,0.0986308275275628
8,0.4547763380266771,70.18912491810296,18,-0.2484214297494483,-0.3615338952941079,0.09761352273148127
8,0.4547763380266771,70.18912491810296,19,-0.26668161073851065,-0.36034820149049024,0.09755534435302336
8,0.4547763380266771,70.18912491810296,20,-0.2812807266832241,-0.35961912693579456,0.09820677223426463
8,0.4547763380266771,70.18912491810296,21,-0.2924846876969096,-0.3592391570200372,0.09846465652727199
8,0.4547763380266771,70.18912491810296,22,-0.30015732871309375,-0.359159457219673,0.09884129740675847
8,0.4547763380266771,70.18912491810296,23,-0.3042893476797394,-0.35912539753177825,0.09937710651448019
8,0.4547763380266771,70.18912491810296,24,-0.30538849211727315,-0.3592562294868354,0.09953613660935284
8,0.4547763380266771,70.18912491810296,25,-0.30534214822064587,-0.3591758545378607,0.09977580636240632
8,0.4547763380266771,70.18912491810296,26,-0.30531968483223193,-0.3591381024972898,0.09988893574735594
8,0.4547763380266771,70.18912491810296,27,-0.3053091793919642,-0.3591204618660079,0.09994234016133616
8,0.4547763380266771,70.18912491810296,28,-0.3053042675656425,-0.3591122212309486,0.0999675523480616
8,0.4547763380266771,70.18912491810296,29,-0.3053019718199695,-0.35910837243905963,0.09997945540954478
8,0.4547763380266771,70.18912491810296,30,-0.30530089949429495,-0.35910657523056727,0.09998507511887217
9,0.503580703933651,70.84114839004496,1,-0.051815332093671486,-0.35299161465910944,0.7053463157204206
9,0.503580703933651,70.84114839004496,2,0.15190153703615958,-0.33383497502879717,0.7413974750971862
9,0.503580703933651,70.84114839004496,3,0.3536431106555503,-0.3148640835126125,0.7630969115249164
9,0.503580703933651,70.84114839004496,4,0.3017978701034185,-0.32545464359241805,0.7575080088774276
9,0.503580703933651,70.84114839004496,5,0.2501429450813128,-0.3360063274314462,0.7379003428135813
9,0.503580703933651,70.84114839004496,6,0.19868674864762279,-0.34651741647271145,0.7043302211959604
9,0.503580703933651,70.84114839004496,7,0.14744307917919916,-0.3569850920864323,0.6568628425670759
9,0.503580703933651,70.84114839004496,8,0.09645291276248812,-0.3671775549780498,0.5956269771554424
9,0.503580703933651,70.84114839004496,9,0.04599813099025727,-0.37455615318165447,0.5212871946064901
9,0.503580703933651,70.84114839004496,10,-0.004189478136127528,-0.38189567957609755,0.4333127412667075
9,0.503580703933651,70.84114839004496,11,-0.053835617522427166,-0.38692471461978056,0.3323266753934515
9,0.503580703933651,70.84114839004496,12,-0.10229453236076413,-0.38400890643513874,0.21971020019492196
9,0.503580703933651,70.84114839004496,13,-0.15092091639308913,-0.38224829379184005,0.09876158464488152
9,0.503580703933651,70.84114839004496,14,-0.18118442809213411,-0.37924852863897474,0.10397122599767676
9,0.503580703933651,70.84114839004496,15,-0.2078801489042117,-0.3765392875070173,0.11134430351336438
9,0.503580703933651,70.84114839004496,16,-0.2325357821481408,-0.37408791500962224,0.11261647588933531
9,0.503580703933651,70.84114839004496,17,-0.25516965061615976,-0.3718759163954594,0.10774145949199317
9,0.503580703933651,70.84114839004496,18,-0.275342723355942,-0.3701413260099218,0.09880631657565205
9,0.503580703933651,70.84114839004496,19,-0.29019688902209984,-0.3696244540177329,0.09819134920124391
9,0.503580703933651,70.84114839004496,20,-0.3014729870316271,-0.3695795020423072,0.09845183911476059
9,0.503580703933651,70.84114839004496,21,-0.30923049869792985,-0.3695167297170343,0.09873071030110571
9,0.503580703933651,70.84114839004496,22,-0.31340321831673285,-0.3695125928349937,0.09933583778443623
9,0.503580703933651,70.84114839004496,23,-0.3142586881403604,-0.36950633685050777,0.09968114049845665
9,0.503580703933651,70.84114839004496,24,-0.3142044387035009,-0.3694976671467702,0.09984416352202856
9,0.503580703933651,70.84114839004496,25,-0.3141824791710218,-0.3694950937030342,0.09992115018327542
9,0.503580703933651,70.84114839004496,26,-0.31418783628465646,-0.3695055358360398,0.0999575276902464
9,0.503580703933651,70.84114839004496,27,-0.3141902418473459,-0.3695103681160945,0.099974694434099
9,0.503580703933651,70.84114839004496,28,-0.31419115977841705,-0.36951274805585027,0.099982759346324
9,0.503580703933651,70.84114839004496,29,-0.31418980598007007,-0.3695146944579208,0.09998572811111121
9,0.503580703933651,70.84114839004496,30,-0.31418913013671657,-0.36951465327990995,0.09998626878670028
10,0.5191850217183196,69.04160470318496,1,-0.05182853596913497,-0.35293654984892786,0.705342421323868
10,0.5191850217183196,69.04160470318496,2,0.15177049213561278,-0.3332870003323235,0.7413587897708106
10,0.5191850217183196,69.04160470318496,3,0.35339596650317134,-0.3138279204964616,0.7630238604152654
10,0.5191850217183196,69.04160470318496,4,0.3001339734183279,-0.3240920735326717,0.757441340238738
10,0.5191850217183196,69.04160470318496,5,0.24707022353194336,-0.33431802299425917,0.7378406322352598
10,0.5191850217183196,69.04160470318496,6,0.1942131139320285,-0.34450415067297807,0.7042786442567905
10,0.5191850217183196,69.04160470318496,7,0.14157651141203564,-0.35464778429011945,0.6568210056448756
10,0.5191850217183196,69.04160470318496,8,0.08917805972987575,-0.3647455237057179,0.5955447729410738
10,0.5191850217183196,69.04160470318496,9,0.037239738634479595,-0.3728203931159092,0.5209890275703339
10,0.5191850217183196,69.04160470318496,10,-0.014338569081568248,-0.38004254993761055,0.4329868643951624
10,0.5191850217183196,69.04160470318496,11,-0.06561860119800032,-0.38722294127199935,0.33146837626250236
10,0.5191850217183196,69.04160470318496,12,-0.11559444680498306,-0.3854305606090182,0.21856036014590327
10,0.5191850217183196,69.04160470318496,13,-0.16563472361647696,-0.38371431868920525,0.09777214295016015
10,0.5191850217183196,69.04160470318496,14,-0.19748269016077172,-0.381043776895779,0.10410107818524375
10,0.5191850217183196,69.04160470318496,15,-0.2260107905858871,-0.3786211303780552,0.11097307842742317
10,0.5191850217183196,69.04160470318496,16,-0.2525614287083465,-0.37655335871629625,0.11154396897115397
10,0.5191850217183196,69.04160470318496,17,-0.2771189521153627,-0.3748298593295601,0.10590087885749631
10,0.5191850217183196,69.04160470318496,18,-0.29876340738022716,-0.37360410002281086,0.09799659830607353
10,0.5191850217183196,69.04160470318496,19,-0.31457328787794514,-0.37222098395068914,0.09949272522411239
10,0.5191850217183196,69.04160470318496,20,-0.327619463024089,-0.37100227966699917,0.09859526946568771
10,0.5191850217183196,69.04160470318496,21,-0.3371852551577805,-0.3703927734221217,0.09836562937774414
10,0.5191850217183196,69.04160470318496,22,-0.3431235045615484,-0.37015567042940967,0.09877052796732806
10,0.5191850217183196,69.04160470318496,23,-0.3455835539621035,-0.3700797403490026,0.09941440268780422
10,0.5191850217183196,69.04160470318496,24,-0.34560413142116386,-0.3700730816491308,0.0997182759334294
10,0.5191850217183196,69.04160470318496,25,-0.34552434488592026,-0.3700614322786998,0.09986170782124307
10,0.5191850217183196,69.04160470318496,26,-0.3455217431221608,-0.3700768985699992,0.09992945202506213
10,0.5191850217183196,69.04160470318496,27,-0.3455251166694837,-0.37008680031501584,0.0999614367573727
10,0.5191850217183196,69.04160470318496,28,-0.34552669057122054,-0.370091379933503,0.09997653832917186
10,0.5191850217183196,69.04160470318496,29,-0.34552697251930264,-0.37009449442016734,0.09998348268018994
10,0.5191850217183196,69.04160470318496,30,-0.3455267110444785,-0.37009684320589903,0.09998661483006618
11,0.44724717808616615,71.0398376972728,1,-0.0517676650907867,-0.3531904051138287,0.7053603767908122
11,0.44724717808616615,71.0398376972728,2,0.1523745702319494,-0.33581321825612337,0.7415371421161314
11,0.44724717808616615,71.0398376972728,3,0.35453513576907153,-0.3186047169528819,0.763360636020326
11,0.44724717808616615,71.0398376972728,4,0.30782151623757475,-0.330364115625911,0.7577489299086165
11,0.44724717808616615,71.0398376972728,5,0.2612708453151995,-0.3420824946203732,0.738116405125741
11,0.44724717808616615,71.0398376972728,6,0.21489153454872556,-0.35375773646532477,0.7045172662403334
11,0.44724717808616615,71.0398376972728,7,0.1687702928456381,-0.36469329504767245,0.6571722549054619
11,0.44724717808616615,71.0398376972728,8,0.12317486441624455,-0.3725067981109603,0.5966935841532115
11,0.44724717808616615,71.0398376972728,9,0.07779527244302213,-0.3802833141588926,0.52246934583881
11,0.44724717808616615,71.0398376972728,10,0.03288614037634904,-0.38594749394759936,0.43506244197888083
11,0.44724717808616615,71.0398376972728,11,-0.010537200399429465,-0.3810424274290848,0.336441140791518
11,0.44724717808616615,71.0398376972728,12,-0.053699254881713135,-0.37616687560536494,0.22438954763867833
11,0.44724717808616615,71.0398376972728,13,-0.09764429216812265,-0.37263565876549615,0.10580504421013484
11,0.44724717808616615,71.0398376972728,14,-0.13214744203032705,-0.3713232627352148,0.10644977602930072
11,0.44724717808616615,71.0398376972728,15,-0.1630910056763359,-0.36804086069842623,0.10724470697253811
11,0.44724717808616615,71.0398376972728,16,-0.1927179313661685,-0.36468176204069697,0.09907528351741436
11,0.44724717808616615,71.0398376972728,17,-0.21740063376624527,-0.362416036248636,0.09842225772785362
11,0.44724717808616615,71.0398376972728,18,-0.23870892349581085,-0.360671778638633,0.09746574512026095
11,0.44724717808616615,71.0398376972728,19,-0.25634857932365007,-0.3594280472003759,0.09745058606468898
11,0.44724717808616615,71.0398376972728,20,-0.27039171708998216,-0.3586629317877197,0.09799399007042006
11,0.44724717808616615,71.0398376972728,21,-0.28089193983953886,-0.358240264180468,0.09868876163346968
11,0.44724717808616615,71.0398376972728,22,-0.2880018056402882,-0.3580893733027581,0.09892654675180303
11,0.44724717808616615,71.0398376972728,23,-0.29158883435848343,-0.3580203706418953,0.09925935948893169
11,0.44724717808616615,71.0398376972728,24,-0.2920894068389504,-0.3580982644120522,0.0996451110875944
11,0.44724717808616615,71.0398376972728,25,-0.29205139260135365,-0.35804634472356706,0.09982724058511705
11,0.44724717808616615,71.0398376972728,26,-0.2920336134366155,-0.35802208261319796,0.09991321404854883
11,0.44724717808616615,71.0398376972728,27,-0.2920252995507158,-0.3580107480378813,0.0999538013987271
11,0.44724717808616615,71.0398376972728,28,-0.2920214128451182,-0.3580054540717475,0.0999729632107567
11,0.44724717808616615,71.0398376972728,29,-0.2920195965886094,-0.3580029819520115,0.09998200994176455
11,0.44724717808616615,71.0398376972728,30,-0.29201866370765783,-0.35800193904810607,0.09998616971739525
12,0.46227178624687587,69.73133700697842,1,-0.05178037817068578,-0.3531373861414039,0.7053566263109802
12,0.46227178624687587,69.73133700697842,2,0.15224841689944238,-0.33528560687722936,0.7414998905349766
12,0.46227178624687587,69.73133700697842,3,0.35429725547393415,-0.3176070666222869,0.7632902984221289
12,0.46227178624687587,69.73133700697842,4,0.30621239673548756,-0.32905618990710966,0.7576846376660623
12,0.46227178624687587,69.73133700697842,5,0.25829759301092325,-0.3404648226743303,0.7380587023942119
12,0.46227178624687587,69.73133700697842,6,0.2105612658635612,-0.35183095972898265,0.7044672477513015
12,0.46227178624687587,69.73133700697842,7,0.16301697775194413,-0.3631513718162871,0.6569743819982298
12,0.46227178624687587,69.73133700697842,8,0.11602501005525412,-0.37118551176499165,0.5963873324482002
12,0.46227178624687587,69.73133700697842,9,0.06928588982945563,-0.3789111180274783,0.5221184913442336
12,0.46227178624687587,69.73133700697842,10,0.022790653142654056,-0.38659641227324115,0.434208401171787
12,0.46227178624687587,69.73133700697842,11,-0.022104950659166813,-0.382694246490342,0.33532189478917945
12,0.46227178624687587,69.73133700697842,12,-0.06663986326290489,-0.3781024431572937,0.22316363297163855
12,0.46227178624687587,69.73133700697842,13,-0.11192818533427501,-0.37485228327706704,0.10442365003371563
12,0.46227178624687587,69.73133700697842,14,-0.1472311448221459,-0.3730899394439947,0.1057507995181856
12,0.46227178624687587,69.73133700697842,15,-0.17845901369905912,-0.36932373926432893,0.10944777325291655
12,0.46227178624687587,69.73133700697842,16,-0.20930355735206382,-0.36557428362294475,0.1002765515263481
12,0.46227178624687587,69.73133700697842,17,-0.23541838427544126,-0.3632305325136533,0.098460559521172
12,0.46227178624687587,69.73133700697842,18,-0.2578498930022604,-0.3614585787624551,0.09770007053644643
12,0.46227178624687587,69.73133700697842,19,-0.2767740336705866,-0.3601267714815483,0.09710972204413643
12,0.46227178624687587,69.73133700697842,20,-0.29191125541516977,-0.3592908782831628,0.09787513052872895
12,0.46227178624687587,69.73133700697842,21,-0.30362655091420204,-0.3587902612511922,0.09831615642080252
12,0.46227178624687587,69.73133700697842,22,-0.3118326465227453,-0.35859548221775855,0.09877200712823801
12,0.46227178624687587,69.73133700697842,23,-0.31650482018728904,-0.35848878443922466,0.0993442391376544
12,0.46227178624687587,69.73133700697842,24,-0.3180912471684756,-0.3587198223510192,0.09940243759572273
12,0.46227178624687587,69.73133700697842,25,-0.31804997751624936,-0.35861485388447845,0.09971267002971836
12,0.46227178624687587,69.73133700697842,26,-0.3180305196336228,-0.3585654000136481,0.09985909484880216
12,0.46227178624687587,69.73133700697842,27,-0.3180213728303936,-0.35854219908630575,0.09992822021360856
12,0.46227178624687587,69.73133700697842,28,-0.3180170691674218,-0.35853133372943186,0.09996085612891846
12,0.46227178624687587,69.73133700697842,29,-0.3180150391126905,-0.35852626278379424,0.09997626499545524
12,0.46227178624687587,69.73133700697842,30,-0.31801407609096466,-0.3585239132441464,0.09998354033611964
13,0.4547763380266771,70.18912491810296,1,-0.05177403588456326,-0.35316383615141067,0.7053584973179583
13,0.4547763380266771,70.18912491810296,2,0.15231135280578886,-0.33554882084692483,0.7415184744194516
13,0.4547763380266771,70.18912491810296,3,0.3544159314802612,-0.3181047731897013,0.7633253882984603
13,0.4547763380266771,70.18912491810296,4,0.30701491843362105,-0.32970881941707764,0.7577167083220528
13,0.4547763380266771,70.18912491810296,5,0.2597803976116497,-0.3412721073705823,0.7380874819545874
13,0.4547763380266771,70.18912491810296,6,0.21272078650247736,-0.352792576399712,0.7044921886610623
13,0.4547763380266771,70.18912491810296,7,0.1658775511430084,-0.3640024977540618,0.657054650418087
13,0.4547763380266771,70.18912491810296,8,0.119595613966311,-0.37180807969332824,0.5965479827709277
13,0.4547763380266771,70.18912491810296,9,0.07353351713776714,-0.3795765849250118,0.5222969628119777
13,0.4547763380266771,70.18912491810296,10,0.027781539698587515,-0.38664501037990967,0.43455261710626963
13,0.4547763380266771,70.18912491810296,11,-0.016336777830686138,-0.38191218974550256,0.3358690919373403
13,0.4547763380266771,70.18912491810296,12,-0.0601890718047698,-0.37720790695754447,0.22375696757049635
13,0.4547763380266771,70.18912491810296,13,-0.10481126129521136,-0.3738459032834393,0.1050902361829076
13,0.4547763380266771,70.18912491810296,14,-0.13981824243220584,-0.3723938995294261,0.10574408746164363
13,0.4547763380266771,70.18912491810296,15,-0.1707387464336195,-0.3688086292118761,0.1086131958035364
13,0.4547763380266771,70.18912491810296,16,-0.20113159179883844,-0.36535918597048134,0.09946280443677544
13,0.4547763380266771,70.18912491810296,17,-0.226474762921905,-0.36320947719661156,0.0986308275275628
13,0.4547763380266771,70.18912491810296,18,-0.2484214297494483,-0.3615338952941079,0.09761352273148127
13,0.4547763380266771,70.18912491810296,19,-0.26668161073851065,-0.36034820149049024,0.09755534435302336
13,0.4547763380266771,70.18912491810296,20,-0.2812807266832241,-0.35961912693579456,0.09820677223426463
13,0.4547763380266771,70.18912491810296,21,-0.2924846876969096,-0.3592391570200372,0.09846465652727199
13,0.4547763380266771,70.18912491810296,22,-0.30015732871309375,-0.359159457219673,0.09884129740675847
13,0.4547763380266771,70.18912491810296,23,-0.3042893476797394,-0.35912539753177825,0.09937710651448019
13,0.4547763380266771,70.18912491810296,24,-0.30538849211727315,-0.3592562294868354,0.09953613660935284
13,0.4547763380266771,70.18912491810296,25,-0.30534214822064587,-0.3591758545378607,0.09977580636240632
13,0.4547763380266771,70.18912491810296,26,-0.30531968483223193,-0.3591381024972898,0.09988893574735594
13,0.4547763380266771,70.18912491810296,27,-0.3053091793919642,-0.3591204618660079,0.09994234016133616
13,0.4547763380266771,70.18912491810296,28,-0.3053042675656425,-0.3591122212309486,0.0999675523480616
13,0.4547763380266771,70.18912491810296,29,-0.3053019718199695,-0.35910837243905963,0.09997945540954478
13,0.4547763380266771,70.18912491810296,30,-0.30530089949429495,-0.35910657523056727,0.09998507511887217
14,0.4547763380266771,70.18912491810296,1,-0.05177403588456326,-0.35316383615141067,0.7053584973179583
14,0.4547763380266771,70.18912491810296,2,0.15231135280578886,-0.33554882084692483,0.7415184744194516
14,0.4547763380266771,70.18912491810296,3,0.3544159314802612,-0.3181047731897013,0.7633253882984603
14,0.4547763380266771,70.18912491810296,4,0.30701491843362105,-0.32970881941707764,0.7577167083220528
14,0.4547763380266771,70.18912491810296,5,0.2597803976116497,-0.3412721073705823,0.7380874819545874
14,0.4547763380266771,70.18912491810296,6,0.21272078650247736,-0.352792576399712,0.7044921886610623
14,0.4547763380266771,70.18912491810296,7,0.1658775511430084,-0.3640024977540618,0.657054650418087
14,0.4547763380266771,70.18912491810296,8,0.119595613966311,-0.37180807969332824,0.5965479827709277
14,0.4547763380266771,70.18912491810296,9,0.07353351713776714,-0.3795765849250118,0.5222969628119777
14,0.4547763380266771,70.18912491810296,10,0.027781539698587515,-0.38664501037990967,0.43455261710626963
14,0.4547763380266771,70.18912491810296,11,-0.016336777830686138,-0.38191218974550256,0.3358690919373403
14,0.4547763380266771,70.18912491810296,12,-0.0601890718047698,-0.37720790695754447,0.22375696757049635
14,0.4547763380266771,70.18912491810296,13,-0.10481126129521136,-0.3738459032834393,0.1050902361829076
14,0.4547763380266771,70.18912491810296,14,-0.13981824243220584,-0.3723938995294261,0.10574408746164363
14,0.4547763380266771,70.18912491810296,15,-0.1707387464336195,-0.3688086292118761,0.1086131958035364
14,0.4547763380266771,70.18912491810296,16,-0.20113159179883844,-0.36535918597048134,0.09946280443677544
14,0.4547763380266771,70.18912491810296,17,-0.226474762921905,-0.36320947719661156,0.0986308275275628
14,0.4547763380266771,70.18912491810296,18,-0.2484214297494483,-0.3615338952941079,0.09761352273148127
14,0.4547763380266771,70.18912491810296,19,-0.26668161073851065,-0.36034820149049024,0.09755534435302336
14,0.4547763380266771,70.18912491810296,20,-0.2812807266832241,-0.35961912693579456,0.09820677223426463
14,0.4547763380266771,70.18912491810296,21,-0.2924846876969096,-0.3592391570200372,0.09846465652727199
14,0.4547763380266771,70.18912491810296,22,-0.30015732871309375,-0.359159457219673,0.09884129740675847
14,0.4547763380266771,70.18912491810296,23,-0.3042893476797394,-0.35912539753177825,0.09937710651448019
14,0.4547763380266771,70.18912491810296,24,-0.30538849211727315,-0.3592562294868354,0.09953613660935284
14,0.4547763380266771,70.18912491810296,25,-0.30534214822064587,-0.3591758545378607,0.09977580636240632
14,0.4547763380266771,70.18912491810296,26,-0.30531968483223193,-0.3591381024972898,0.09988893574735594
14,0.4547763380266771,70.18912491810296,27,-0.3053091793919642,-0.3591204618660079,0.09994234016133616
14,0.4547763380266771,70.18912491810296,28,-0.3053042675656425,-0.3591122212309486,0.0999675523480616
14,0.4547763380266771,70.18912491810296,29,-0.3053019718199695,-0.35910837243905963,0.09997945540954478
14,0.4547763380266771,70.18912491810296,30,-0.30530089949429495,-0.35910657523056727,0.09998507511887217
15,0.4547763380266771,70.18912491810296,1,-0.05177403588456326,-0.35316383615141067,0.7053584973179583
15,0.4547763380266771,70.18912491810296,2,0.15231135280578886,-0.33554882084692483,0.7415184744194516
15,0.4547763380266771,70.18912491810296,3,0.3544159314802612,-0.3181047731897013,0.7633253882984603
15,0.4547763380266771,70.18912491810296,4,0.30701491843362105,-0.32970881941707764,0.7577167083220528
15,0.4547763380266771,70.18912491810296,5,0.2597803976116497,-0.3412721073705823,0.7380874819545874
15,0.4547763380266771,70.18912491810296,6,0.21272078650247736,-0.352792576399712,0.7044921886610623
15,0.4547763380266771,70.18912491810296,7,0.1658775511430084,-0.3640024977540618,0.657054650418087
15,0.4547763380266771,70.18912491810296,8,0.119595613966311,-0.37180807969332824,0.5965479827709277
15,0.4547763380266771,70.18912491810296,9,0.07353351713776714,-0.3795765849250118,0.5222969628119777
15,0.4547763380266771,70.18912491810296,10,0.027781539698587515,-0.38664501037990967,0.43455261710626963
15,0.4547763380266771,70.18912491810296,11,-0.016336777830686138,-0.38191218974550256,0.3358690919373403
15,0.4547763380266771,70.18912491810296,12,-0.0601890718047698,-0.37720790695754447,0.22375696757049635
15,0.4547763380266771,70.18912491810296,13,-0.10481126129521136,-0.3738459032834393,0.1050902361829076
15,0.4547763380266771,70.18912491810296,14,-0.13981824243220584,-0.3723938995294261,0.10574408746164363
15,0.4547763380266771,70.18912491810296,15,-0.1707387464336195,-0.3688086292118761,0.1086131958035364
15,0.4547763380266771,70.18912491810296,16,-0.20113159179883844,-0.36535918597048134,0.09946280443677544
15,0.4547763380266771,70.18912491810296,17,-0.226474762921905,-0.36320947719661156,0.0986308275275628
15,0.4547763380266771,70.18912491810296,18,-0.2484214297494483,-0.3615338952941079,0.09761352273148127
15,0.4547763380266771,70.18912491810296,19,-0.26668161073851065,-0.36034820149049024,0.09755534435302336
15,0.4547763380266771,70.18912491810296,20,-0.2812807266832241,-0.35961912693579456,0.09820677223426463
15,0.4547763380266771,70.18912491810296,21,-0.2924846876969096,-0.3592391570200372,0.09846465652727199
15,0.4547763380266771,70.18912491810296,22,-0.30015732871309375,-0.359159457219673,0.09884129740675847
15,0.4547763380266771,70.18912491810296,23,-0.3042893476797394,-0.35912539753177825,0.09937710651448019
15,0.4547763380266771,70.18912491810296,24,-0.30538849211727315,-0.3592562294868354,0.09953613660935284
15,0.4547763380266771,70.18912491810296,25,-0.30534214822064587,-0.3591758545378607,0.09977580636240632
15,0.4547763380266771,70.18912491810296,26,-0.30531968483223193,-0.3591381024972898,0.09988893574735594
15,0.4547763380266771,70.18912491810296,27,-0.3053091793919642,-0.3591204618660079,0.09994234016133616
15,0.4547763380266771,70.18912491810296,28,-0.3053042675656425,-0.3591122212309486,0.0999675523480616
15,0.4547763380266771,70.18912491810296,29,-0.3053019718199695,-0.35910837243905963,0.09997945540954478
15,0.4547763380266771,70.18912491810296,30,-0.30530089949429495,-0.35910657523056727,0.09998507511887217
16,0.7215178433055598,73.78071942084142,1,-0.0519997503259571,-0.3522225501926284,0.7052919443896262
16,0.7215178433055598,73.78071942084142,2,0.1500707052464487,-0.3261815810822768,0.740857266528225
16,0.7215178433055598,73.78071942084142,3,0.3501892565079481,-0.3003921553245777,0.7620766569349455
16,0.7215178433055598,73.78071942084142,4,0.2835905480829196,-0.3025624164875758,0.780671907899005
16,0.7215178433055598,73.78071942084142,5,0.20127518916804754,-0.3072662174520523,0.78242806804376
16,0.7215178433055598,73.78071942084142,6,0.11935440604403333,-0.3119474709112993,0.7701433298618722
16,0.7215178433055598,73.78071942084142,7,0.03783130729251427,-0.31660599922958166,0.743886343292742
16,0.7215178433055598,73.78071942084142,8,-0.04328392908289628,-0.32124122079851114,0.7037299574231285
16,0.7215178433055598,73.78071942084142,9,-0.12397516594677593,-0.32585221348309196,0.6497542727752289
16,0.7215178433055598,73.78071942084142,10,-0.20422158398416054,-0.3304377875914475,0.5820488472574672
16,0.7215178433055598,73.78071942084142,11,-0.2839989028029912,-0.3349965556530851,0.5007141047155731
16,0.7215178433055598,73.78071942084142,12,-0.3632804307486894,-0.33952699240914436,0.40586210938750894
16,0.7215178433055598,73.78071942084142,13,-0.37460493604162765,-0.34533163652788246,0.3143124667711638
16,0.7215178433055598,73.78071942084142,14,-0.36001572053178443,-0.349399572097642,0.21545502157119004
16,0.7215178433055598,73.78071942084142,15,-0.34431742604698334,-0.35041490274012504,0.10975271564674816
16,0.7215178433055598,73.78071942084142,16,-0.33020518024476675,-0.3637798872669703,0.12413850833146574
16,0.7215178433055598,73.78071942084142,17,-0.32097069845594384,-0.3773640984865359,0.14392336136877498
16,0.7215178433055598,73.78071942084142,18,-0.31145666629680574,-0.3782386075453603,0.14693644852525586
16,0.7215178433055598,73.78071942084142,19,-0.30402973324912463,-0.3728248456839212,0.14008796818102753
16,0.7215178433055598,73.78071942084142,20,-0.2990286663999965,-0.36853048720389275,0.1384673421945152
16,0.7215178433055598,73.78071942084142,21,-0.2926580684886147,-0.36623026406901776,0.13608490592905007
16,0.7215178433055598,73.78071942084142,22,-0.28357309953858467,-0.36494583880628556,0.1324725802014841
16,0.7215178433055598,73.78071942084142,23,-0.2717209771026447,-0.36339989271682865,0.12615596098389842
16,0.7215178433055598,73.78071942084142,24,-0.2576945641184477,-0.3614518169357337,0.1148137521377439
16,0.7215178433055598,73.78071942084142,25,-0.242801987384515,-0.35858552305936986,0.09936030341078396
16,0.7215178433055598,73.78071942084142,26,-0.2341624017319998,-0.3511483116880764,0.1072295807597815
16,0.7215178433055598,73.78071942084142,27,-0.22652606483778032,-0.344686459547112,0.10680482090416
16,0.7215178433055598,73.78071942084142,28,-0.2194845932499664,-0.3398120606862996,0.09938002368372828
16,0.7215178433055598,73.78071942084142,29,-0.21547230790092098,-0.3380063997161507,0.09933688086222095
16,0.7215178433055598,73.78071942084142,30,-0.21417653942550643,-0.3367353149593642,0.09969160067161792
17,0.4542526302123317,70.16090276362955,1,-0.051773592748967374,-0.35316568421623445,0.7053586280473125
17,0.4542526302123317,70.16090276362955,2,0.1523157500874246,-0.3355672116219999,0.7415197728860554
17,0.4542526302123317,70.16090276362955,3,0.3544242231828909,-0.31813954795567867,0.7633278400329943
17,0.4542526302123317,70.16090276362955,4,0.3070710080441017,-0.3297544087467123,0.7577189493506833
17,0.4542526302123317,70.16090276362955,5,0.25988403750373507,-0.34132849283731953,0.7380894933112148
17,0.4542526302123317,70.16090276362955,6,0.21287172869713716,-0.35285973566113416,0.7044939321922044
17,0.4542526302123317,70.16090276362955,7,0.16607566551689665,-0.36407866742785594,0.6570564968450129
17,0.4542526302123317,70.16090276362955,8,0.11984212902985732,-0.3718722686219243,0.5965549496870354
17,0.4542526302123317,70.16090276362955,9,0.07382814273124383,-0.3796288601744923,0.5223089392550303
17,0.4542526302123317,70.16090276362955,10,0.0281243307477705,-0.3866815226193887,0.43457039866781405
17,0.4542526302123317,70.16090276362955,11,-0.015937529902056154,-0.3818535846184143,0.3359103945675423
17,0.4542526302123317,70.16090276362955,12,-0.059733776424949994,-0.37705475043916015,0.22382148530577572
17,0.4542526302123317,70.16090276362955,13,-0.1043012989940759,-0.37359877560014404,0.10517993398353646
17,0.4542526302123317,70.16090276362955,14,-0.13928055551112178,-0.3721007066683448,0.10576740591308084
17,0.4542526302123317,70.16090276362955,15,-0.17018790298401007,-0.3685263519158264,0.10855544482432339
17,0.4542526302123317,70.16090276362955,16,-0.2005093616998067,-0.36516290095838844,0.09969755851974109
17,0.4542526302123317,70.16090276362955,17,-0.2254204929071402,-0.36237974781020255,0.09979925995065249
17,0.4542526302123317,70.16090276362955,18,-0.24710389298887733,-0.36006598515769006,0.09889714754904097
17,0.4542526302123317,70.16090276362955,19,-0.26527584308944235,-0.3583607131813547,0.09831018347529778
17,0.4542526302123317,70.16090276362955,20,-0.27998310479041155,-0.3571554271713177,0.09804696720065005
17,0.4542526302123317,70.16090276362955,21,-0.29111244056227015,-0.35647949096911496,0.09842018035919975
17,0.4542526302123317,70.16090276362955,22,-0.2987226219827826,-0.3561571795592336,0.0989529573923245
17,0.4542526302123317,70.16090276362955,23,-0.30292463527116276,-0.3559721099711213,0.09929182573355373
17,0.4542526302123317,70.16090276362955,24,-0.3038462360837955,-0.3560551370226385,0.09952182425589665
17,0.4542526302123317,70.16090276362955,25,-0.3038357664130513,-0.35600691931310435,0.09976898382839051
17,0.4542526302123317,70.16090276362955,26,-0.30386767344728083,-0.35599858292897557,0.09988569394140909
17,0.4542526302123317,70.16090276362955,27,-0.30388262699417057,-0.3559946843948281,0.09994078444845694
17,0.4542526302123317,70.16090276362955,28,-0.3038896223371197,-0.3559928614973131,0.09996678772540853
17,0.4542526302123317,70.16090276362955,29,-0.30389289520250057,-0.35599200625867533,0.09997906178312056
17,0.4542526302123317,70.16090276362955,30,-0.30389441962020014,-0.3559916199531076,0.09998484496772228
18,0.503580703933651,70.84114839004496,1,-0.051815332093671486,-0.35299161465910944,0.7053463157204206
18,0.503580703933651,70.84114839004496,2,0.15190153703615958,-0.33383497502879717,0.7413974750971862
18,0.503580703933651,70.84114839004496,3,0.3536431106555503,-0.3148640835126125,0.7630969115249164
18,0.503580703933651,70.84114839004496,4,0.3017978701034185,-0.32545464359241805,0.7575080088774276
18,0.503580703933651,70.84114839004496,5,0.2501429450813128,-0.3360063274314462,0.7379003428135813
18,0.503580703933651,70.84114839004496,6,0.19868674864762279,-0.34651741647271145,0.7043302211959604
18,0.503580703933651,70.84114839004496,7,0.14744307917919916,-0.3569850920864323,0.6568628425670759
18,0.503580703933651,70.84114839004496,8,0.09645291276248812,-0.3671775549780498,0.5956269771554424
18,0.503580703933651,70.84114839004496,9,0.04599813099025727,-0.37455615318165447,0.5212871946064901
18,0.503580703933651,70.84114839004496,10,-0.004189478136127528,-0.38189567957609755,0.4333127412667075
18,0.503580703933651,70.84114839004496,11,-0.053835617522427166,-0.38692471461978056,0.3323266753934515
18,0.503580703933651,70.84114839004496,12,-0.10229453236076413,-0.38400890643513874,0.21971020019492196
18,0.503580703933651,70.84114839004496,13,-0.15092091639308913,-0.38224829379184005,0.09876158464488152
18,0.503580703933651,70.84114839004496,14,-0.18118442809213411,-0.37924852863897474,0.10397122599767676
18,0.503580703933651,70.84114839004496,15,-0.2078801489042117,-0.3765392875070173,0.11134430351336438
18,0.503580703933651,70.84114839004496,16,-0.2325357821481408,-0.37408791500962224,0.11261647588933531
18,0.503580703933651,70.84114839004496,17,-0.25516965061615976,-0.3718759163954594,0.10774145949199317
18,0.503580703933651,70.84114839004496,18,-0.275342723355942,-0.3701413260099218,0.09880631657565205
18,0.503580703933651,70.84114839004496,19,-0.29019688902209984,-0.3696244540177329,0.09819134920124391
18,0.503580703933651,70.84114839004496,20,-0.3014729870316271,-0.3695795020423072,0.09845183911476059
18,0.503580703933651,70.84114839004496,21,-0.30923049869792985,-0.3695167297170343,0.09873071030110571
18,0.503580703933651,70.84114839004496,22,-0.31340321831673285,-0.3695125928349937,0.09933583778443623
18,0.503580703933651,70.84114839004496,23,-0.3142586881403604,-0.36950633685050777,0.09968114049845665
18,0.503580703933651,70.84114839004496,24,-0.3142044387035009,-0.3694976671467702,0.09984416352202856
18,0.503580703933651,70.84114839004496,25,-0.3141824791710218,-0.3694950937030342,0.09992115018327542
18,0.503580703933651,70.84114839004496,26,-0.31418783628465646,-0.3695055358360398,0.0999575276902464
18,0.503580703933651,70.84114839004496,27,-0.3141902418473459,-0.3695103681160945,0.099974694434099
18,0.503580703933651,70.84114839004496,28,-0.31419115977841705,-0.36951274805585027,0.099982759346324
18,0.503580703933651,70.84114839004496,29,-0.31418980598007007,-0.3695146944579208,0.09998572811111121
18,0.503580703933651,70.84114839004496,30,-0.31418913013671657,-0.36951465327990995,0.09998626878670028
19,0.503580703933651,70.84114839004496,1,-0.051815332093671486,-0.35299161465910944,0.7053463157204206
19,0.503580703933651,70.84114839004496,2,0.15190153703615958,-0.33383497502879717,0.7413974750971862
19,0.503580703933651,70.84114839004496,3,0.3536431106555503,-0.3148640835126125,0.7630969115249164
19,0.503580703933651,70.84114839004496,4,0.3017978701034185,-0.32545464359241805,0.7575080088774276
19,0.503580703933651,70.84114839004496,5,0.2501429450813128,-0.3360063274314462,0.7379003428135813
19,0.503580703933651,70.84114839004496,6,0.19868674864762279,-0.34651741647271145,0.7043302211959604
19,0.503580703933651,70.84114839004496,7,0.14744307917919916,-0.3569850920864323,0.6568628425670759
19,0.503580703933651,70.84114839004496,8,0.09645291276248812,-0.3671775549780498,0.5956269771554424
19,0.503580703933651,70.84114839004496,9,0.04599813099025727,-0.37455615318165447,0.5212871946064901
19,0.503580703933651,70.84114839004496,10,-0.004189478136127528,-0.38189567957609755,0.4333127412667075
19,0.503580703933651,70.84114839004496,11,-0.053835617522427166,-0.38692471461978056,0.3323266753934515
19,0.503580703933651,70.84114839004496,12,-0.10229453236076413,-0.38400890643513874,0.21971020019492196
19,0.503580703933651,70.84114839004496,13,-0.15092091639308913,-0.38224829379184005,0.09876158464488152
19,0.503580703933651,70.84114839004496,14,-0.18118442809213411,-0.37924852863897474,0.10397122599767676
19,0.503580703933651,70.84114839004496,15,-0.2078801489042117,-0.3765392875070173,0.11134430351336438
19,0.503580703933651,70.84114839004496,16,-0.2325357821481408,-0.37408791500962224,0.11261647588933531
19,0.503580703933651,70.84114839004496,17,-0.25516965061615976,-0.3718759163954594,0.10774145949199317
19,0.503580703933651,70.84114839004496,18,-0.275342723355942,-0.3701413260099218,0.09880631657565205
19,0.503580703933651,70.84114839004496,19,-0.29019688902209984,-0.3696244540177329,0.09819134920124391
19,0.503580703933651,70.84114839004496,20,-0.3014729870316271,-0.3695795020423072,0.09845183911476059
19,0.503580703933651,70.84114839004496,21,-0.30923049869792985,-0.3695167297170343,0.09873071030110571
19,0.503580703933651,70.84114839004496,22,-0.31340321831673285,-0.3695125928349937,0.09933583778443623
19,0.503580703933651,70.84114839004496,23,-0.3142586881403604,-0.36950633685050777,0.09968114049845665
19,0.503580703933651,70.84114839004496,24,-0.3142044387035009,-0.3694976671467702,0.09984416352202856
19,0.503580703933651,70.84114839004496,25,-0.3141824791710218,-0.3694950937030342,0.09992115018327542
19,0.503580703933651,70.84114839004496,26,-0.31418783628465646,-0.3695055358360398,0.0999575276902464
19,0.503580703933651,70.84114839004496,27,-0.3141902418473459,-0.3695103681160945,0.099974694434099
19,0.503580703933651,70.84114839004496,28,-0.31419115977841705,-0.36951274805585027,0.099982759346324
19,0.503580703933651,70.84114839004496,29,-0.31418980598007007,-0.3695146944579208,0.09998572811111121
19,0.503580703933651,70.84114839004496,30,-0.31418913013671657,-0.36951465327990995,0.09998626878670028
20,0.5191850217183196,69.04160470318496,1,-0.05182853596913497,-0.35293654984892786,0.705342421323868
20,0.5191850217183196,69.04160470318496,2,0.15177049213561278,-0.3332870003323235,0.7413587897708106
20,0.5191850217183196,69.04160470318496,3,0.35339596650317134,-0.3138279204964616,0.7630238604152654
20,0.5191850217183196,69.04160470318496,4,0.3001339734183279,-0.3240920735326717,0.757441340238738
20,0.5191850217183196,69.04160470318496,5,0.24707022353194336,-0.33431802299425917,0.7378406322352598
20,0.5191850217183196,69.04160470318496,6,0.1942131139320285,-0.34450415067297807,0.7042786442567905
20,0.5191850217183196,69.04160470318496,7,0.14157651141203564,-0.35464778429011945,0.6568210056448756
20,0.5191850217183196,69.04160470318496,8,0.08917805972987575,-0.3647455237057179,0.5955447729410738
20,0.5191850217183196,69.04160470318496,9,0.037239738634479595,-0.3728203931159092,0.5209890275703339
20,0.5191850217183196,69.04160470318496,10,-0.014338569081568248,-0.38004254993761055,0.4329868643951624
20,0.5191850217183196,69.04160470318496,11,-0.06561860119800032,-0.38722294127199935,0.33146837626250236
20,0.5191850217183196,69.04160470318496,12,-0.11559444680498306,-0.3854305606090182,0.21856036014590327
20,0.5191850217183196,69.04160470318496,13,-0.16563472361647696,-0.38371431868920525,0.09777214295016015
20,0.5191850217183196,69.04160470318496,14,-0.19748269016077172,-0.381043776895779,0.10410107818524375
20,0.5191850217183196,69.04160470318496,15,-0.2260107905858871,-0.3786211303780552,0.11097307842742317
20,0.5191850217183196,69.04160470318496,16,-0.2525614287083465,-0.37655335871629625,0.11154396897115397
20,0.5191850217183196,69.04160470318496,17,-0.2771189521153627,-0.3748298593295601,0.10590087885749631
20,0.5191850217183196,69.04160470318496,18,-0.29876340738022716,-0.37360410002281086,0.09799659830607353
20,0.5191850217183196,69.04160470318496,19,-0.31457328787794514,-0.37222098395068914,0.09949272522411239
20,0.5191850217183196,69.04160470318496,20,-0.327619463024089,-0.37100227966699917,0.09859526946568771
20,0.5191850217183196,69.04160470318496,21,-0.3371852551577805,-0.3703927734221217,0.09836562937774414
20,0.5191850217183196,69.04160470318496,22,-0.3431235045615484,-0.37015567042940967,0.09877052796732806
20,0.5191850217183196,69.04160470318496,23,-0.3455835539621035,-0.3700797403490026,0.09941440268780422
20,0.5191850217183196,69.04160470318496,24,-0.34560413142116386,-0.3700730816491308,0.0997182759334294
20,0.5191850217183196,69.04160470318496,25,-0.34552434488592026,-0.3700614322786998,0.09986170782124307
20,0.5191850217183196,69.04160470318496,26,-0.3455217431221608,-0.3700768985699992,0.09992945202506213
20,0.5191850217183196,69.04160470318496,27,-0.3455251166694837,-0.37008680031501584,0.0999614367573727
20,0.5191850217183196,69.04160470318496,28,-0.34552669057122054,-0.370091379933503,0.09997653832917186
20,0.5191850217183196,69.04160470318496,29,-0.34552697251930264,-0.37009449442016734,0.09998348268018994
20,0.5191850217183196,69.04160470318496,30,-0.3455267110444785,-0.37009684320589903,0.09998661483006618
