particle,elasticity,weight,frame,x,y,z
1,0.9990352271252199,-208.18272874515165,1,-0.009546261591643939,0.019365384103920805,0.23000431152822906
1,0.9990352271252199,-208.18272874515165,2,0.26823828517345927,0.036954047886347145,0.2098585930896177
1,0.9990352271252199,-208.18272874515165,3,0.27247589422380525,0.007671888424024571,0.1974788831551317
1,0.9990352271252199,-208.18272874515165,4,0.1418890967670124,-0.04465850089403533,0.18190896931453532
1,0.9990352271252199,-208.18272874515165,5,0.012237048145533926,-0.09661430586345315,0.15243290813599825
1,0.9990352271252199,-208.18272874515165,6,-0.11647770789109031,-0.1481945071208144,0.10915290706955087
1,0.9990352271252199,-208.18272874515165,7,-0.2316481862805632,-0.1967634065350719,0.104936701877325
1,0.9990352271252199,-208.18272874515165,8,-0.33869528362301626,-0.2430462871743158,0.11817521583209992
1,0.9990352271252199,-208.18272874515165,9,-0.373955256926101,-0.27332059234434675,0.12536557222964415
1,0.9990352271252199,-208.18272874515165,10,-0.32746865330860847,-0.2854349984329807,0.12799117113588024
1,0.9990352271252199,-208.18272874515165,11,-0.2840572013763308,-0.2967033417872841,0.12869632060558509
1,0.9990352271252199,-208.18272874515165,12,-0.24277438205234253,-0.3071569967345474,0.12392144842031855
1,0.9990352271252199,-208.18272874515165,13,-0.2030542872766517,-0.3167162503503137,0.11182898795185783
1,0.9990352271252199,-208.18272874515165,14,-0.16711440676507705,-0.3237383024909039,0.10351887775311902
1,0.9990352271252199,-208.18272874515165,15,-0.1376453783511635,-0.32666493560344184,0.1115210180551745
1,0.9990352271252199,-208.18272874515165,16,-0.10968777630060268,-0.3293194276808898,0.11134868036236827
1,0.9990352271252199,-208.18272874515165,17,-0.08325960982851069,-0.33222455208243806,0.10326911018669309
1,0.9990352271252199,-208.18272874515165,18,-0.06139140808229864,-0.33489632900209765,0.10074259730082903
1,0.9990352271252199,-208.18272874515165,19,-0.0434381021827876,-0.33689797388375264,0.10042878833851092
1,0.9990352271252199,-208.18272874515165,20,-0.028872389433344012,-0.33878519281634145,0.09951963696084583
1,0.9990352271252199,-208.18272874515165,21,-0.017916538702263236,-0.3403536135952771,0.09909364309310892
1,0.9990352271252199,-208.18272874515165,22,-0.010549499164173687,-0.34134678691539805,0.09921813650340304
1,0.9990352271252199,-208.18272874515165,23,-0.006709859088262988,-0.34186595529735075,0.09957685606347302
1,0.9990352271252199,-208.18272874515165,24,-0.006046307636263034,-0.34195542591212075,0.09973954602245527
1,0.9990352271252199,-208.18272874515165,25,-0.006051558610226395,-0.34193963987565723,0.0998717457628394
1,0.9990352271252199,-208.18272874515165,26,-0.00604883745332205,-0.3419326098541461,0.09993418755420333
1,0.9990352271252199,-208.18272874515165,27,-0.00604445286395069,-0.34193012636609116,0.09996367705347949
1,0.9990352271252199,-208.18272874515165,28,-0.006042402643859668,-0.3419289640685795,0.09997760027903525
1,0.9990352271252199,-208.18272874515165,29,-0.0060414489023112895,-0.3419284229489392,0.09998417404146788
1,0.9990352271252199,-208.18272874515165,30,-0.006041887007321678,-0.34192997339722764,0.0999872447252089
2,0.9594413152467318,-199.64184285745117,1,-0.009546261591643939,0.019365384103920805,0.23000431152822906
2,0.9594413152467318,-199.64184285745117,2,0.26823828517345927,0.036954047886347145,0.2098585930896177
2,0.9594413152467318,-199.64184285745117,3,0.2759659998325799,0.008234516482330024,0.19747889543794708
2,0.9594413152467318,-199.64184285745117,4,0.15056176299504245,-0.04326575959540951,0.18190740941102537
2,0.9594413152467318,-199.64184285745117,5,0.026030157684072647,-0.09440766847866107,0.15242544345785408
2,0.9594413152467318,-199.64184285745117,6,-0.09762520434116641,-0.14518972691136633,0.10913269859529899
2,0.9594413152467318,-199.64184285745117,7,-0.207264213318781,-0.19303707763403422,0.10642229737583822
2,0.9594413152467318,-199.64184285745117,8,-0.31115841665613425,-0.23955374850726158,0.11068694645461581
2,0.9594413152467318,-199.64184285745117,9,-0.3875473134255386,-0.2827616564455118,0.11154064848743322
2,0.9594413152467318,-199.64184285745117,10,-0.3550705446480721,-0.3228260026075233,0.12355024685232412
2,0.9594413152467318,-199.64184285745117,11,-0.32330796807976103,-0.3488436032053599,0.12490056597707777
2,0.9594413152467318,-199.64184285745117,12,-0.2969327338273632,-0.3299202646133643,0.12025555575549943
2,0.9594413152467318,-199.64184285745117,13,-0.2726261341683389,-0.309848866194654,0.10936491327838505
2,0.9594413152467318,-199.64184285745117,14,-0.25244198667921286,-0.2915490282468477,0.10347891472567264
2,0.9594413152467318,-199.64184285745117,15,-0.23613046170012508,-0.27564427107991113,0.1033946504327099
2,0.9594413152467318,-199.64184285745117,16,-0.22161559168857017,-0.2618264650991672,0.10109341626210248
2,0.9594413152467318,-199.64184285745117,17,-0.20983002452269167,-0.2500985343985042,0.09984398968389932
2,0.9594413152467318,-199.64184285745117,18,-0.20006101185128028,-0.24158215229481017,0.10044533858530683
2,0.9594413152467318,-199.64184285745117,19,-0.19228175514129717,-0.2352407408745768,0.09958922023268182
2,0.9594413152467318,-199.64184285745117,20,-0.18721898275232646,-0.2308163483000945,0.09927519575137966
2,0.9594413152467318,-199.64184285745117,21,-0.18436413435248156,-0.22881602165283524,0.09950985297545978
2,0.9594413152467318,-199.64184285745117,22,-0.18402445767495154,-0.22843217046001232,0.0995301408393314
2,0.9594413152467318,-199.64184285745117,23,-0.18397241025835406,-0.22836324637727523,0.09977299986117753
2,0.9594413152467318,-199.64184285745117,24,-0.18394786637091626,-0.22833037640911494,0.09988761380845182
2,0.9594413152467318,-199.64184285745117,25,-0.18393639023024033,-0.22831500571690266,0.09994170478832451
2,0.9594413152467318,-199.64184285745117,26,-0.18393102457563001,-0.22830781880752896,0.09996723026280023
2,0.9594413152467318,-199.64184285745117,27,-0.18392851625291107,-0.22830445835903806,0.0999792761087057
2,0.9594413152467318,-199.64184285745117,28,-0.18392734375785014,-0.2283028870510061,0.09998496082230816
2,0.9594413152467318,-199.64184285745117,29,-0.18392788305906083,-0.228303427674837,0.0999859790000068
2,0.9594413152467318,-199.64184285745117,30,-0.18392816199949283,-0.2283037484318245,0.0999864091946435
3,0.9594413152467318,-199.64184285745117,1,-0.009546261591643939,0.019365384103920805,0.23000431152822906
3,0.9594413152467318,-199.64184285745117,2,0.26823828517345927,0.036954047886347145,0.2098585930896177
3,0.9594413152467318,-199.64184285745117,3,0.2759659998325799,0.008234516482330024,0.19747889543794708
3,0.9594413152467318,-199.64184285745117,4,0.15056176299504245,-0.04326575959540951,0.18190740941102537
3,0.9594413152467318,-199.64184285745117,5,0.026030157684072647,-0.09440766847866107,0.15242544345785408
3,0.9594413152467318,-199.64184285745117,6,-0.09762520434116641,-0.14518972691136633,0.10913269859529899
3,0.9594413152467318,-199.64184285745117,7,-0.207264213318781,-0.19303707763403422,0.10642229737583822
3,0.9594413152467318,-199.64184285745117,8,-0.31115841665613425,-0.23955374850726158,0.11068694645461581
3,0.9594413152467318,-199.64184285745117,9,-0.3875473134255386,-0.2827616564455118,0.11154064848743322
3,0.9594413152467318,-199.64184285745117,10,-0.3550705446480721,-0.3228260026075233,0.12355024685232412
3,0.9594413152467318,-199.64184285745117,11,-0.32330796807976103,-0.3488436032053599,0.12490056597707777
3,0.9594413152467318,-199.64184285745117,12,-0.2969327338273632,-0.3299202646133643,0.12025555575549943
3,0.9594413152467318,-199.64184285745117,13,-0.2726261341683389,-0.309848866194654,0.10936491327838505
3,0.9594413152467318,-199.64184285745117,14,-0.25244198667921286,-0.2915490282468477,0.10347891472567264
3,0.9594413152467318,-199.64184285745117,15,-0.23613046170012508,-0.27564427107991113,0.1033946504327099
3,0.9594413152467318,-199.64184285745117,16,-0.22161559168857017,-0.2618264650991672,0.10109341626210248
3,0.9594413152467318,-199.64184285745117,17,-0.20983002452269167,-0.2500985343985042,0.09984398968389932
3,0.9594413152467318,-199.64184285745117,18,-0.20006101185128028,-0.24158215229481017,0.10044533858530683
3,0.9594413152467318,-199.64184285745117,19,-0.19228175514129717,-0.2352407408745768,0.09958922023268182
3,0.9594413152467318,-199.64184285745117,20,-0.18721898275232646,-0.2308163483000945,0.09927519575137966
3,0.9594413152467318,-199.64184285745117,21,-0.18436413435248156,-0.22881602165283524,0.09950985297545978
3,0.9594413152467318,-199.64184285745117,22,-0.18402445767495154,-0.22843217046001232,0.0995301408393314
3,0.9594413152467318,-199.64184285745117,23,-0.18397241025835406,-0.22836324637727523,0.09977299986117753
3,0.9594413152467318,-199.64184285745117,24,-0.18394786637091626,-0.22833037640911494,0.09988761380845182
3,0.9594413152467318,-199.64184285745117,25,-0.18393639023024033,-0.22831500571690266,0.09994170478832451
3,0.9594413152467318,-199.64184285745117,26,-0.18393102457563001,-0.22830781880752896,0.09996723026280023
3,0.9594413152467318,-199.64184285745117,27,-0.18392851625291107,-0.22830445835903806,0.0999792761087057
3,0.9594413152467318,-199.64184285745117,28,-0.18392734375785014,-0.2283028870510061,0.09998496082230816
3,0.9594413152467318,-199.64184285745117,29,-0.18392788305906083,-0.228303427674837,0.0999859790000068
3,0.9594413152467318,-199.64184285745117,30,-0.18392816199949283,-0.2283037484318245,0.0999864091946435
4,0.9909250390189239,-176.15178142909753,1,-0.009546261591643939,0.019365384103920805,0.23000431152822906
4,0.9909250390189239,-176.15178142909753,2,0.26823828517345927,0.036954047886347145,0.2098585930896177
4,0.9909250390189239,-176.15178142909753,3,0.27319075384250274,0.007787128359358137,0.1974788858768719
4,0.9909250390189239,-176.15178142909753,4,0.14366532422971734,-0.0443732582391478,0.181908650076666
4,0.9909250390189239,-176.15178142909753,5,0.015061748346425962,-0.09616241081000813,0.15243137876132457
4,0.9909250390189239,-176.15178142909753,6,-0.11261720448797995,-0.1475792141376972,0.10914876509196832
4,0.9909250390189239,-176.15178142909753,7,-0.22680562530315201,-0.19598255509746473,0.1048039296871955
4,0.9909250390189239,-176.15178142909753,8,-0.33290908122684926,-0.24209816467166687,0.11783692263744172
4,0.9909250390189239,-176.15178142909753,9,-0.38346528881389197,-0.28671021384873485,0.11248374856297513
4,0.9909250390189239,-176.15178142909753,10,-0.3381212734921723,-0.3290379368751918,0.10238126452382267
4,0.9909250390189239,-176.15178142909753,11,-0.3007789822934596,-0.35212774807458225,0.1021200088871664
4,0.9909250390189239,-176.15178142909753,12,-0.2789362232092343,-0.32352655476586084,0.10044877205613685
4,0.9909250390189239,-176.15178142909753,13,-0.2595267719278901,-0.2973469059443008,0.09936442189371791
4,0.9909250390189239,-176.15178142909753,14,-0.2420920107019374,-0.2736863288656545,0.09773246093715401
4,0.9909250390189239,-176.15178142909753,15,-0.226840083374725,-0.2528069130896132,0.09712746896161349
4,0.9909250390189239,-176.15178142909753,16,-0.21373913881848786,-0.23462351426764638,0.09699090885140686
4,0.9909250390189239,-176.15178142909753,17,-0.2031459362337535,-0.2190895970245664,0.09817624976905656
4,0.9909250390189239,-176.15178142909753,18,-0.19442857745770495,-0.20596174285555627,0.09825408792366716
4,0.9909250390189239,-176.15178142909753,19,-0.18772699079164365,-0.1954941475242107,0.09855310392364952
4,0.9909250390189239,-176.15178142909753,20,-0.18292705146833163,-0.18762111598559278,0.09847212131922901
4,0.9909250390189239,-176.15178142909753,21,-0.18046971256535072,-0.1822930839568738,0.09893535398346015
4,0.9909250390189239,-176.15178142909753,22,-0.17921355427759728,-0.17986194502855357,0.09903466637533867
4,0.9909250390189239,-176.15178142909753,23,-0.17922003918216214,-0.17964272410119722,0.09953915035022559
4,0.9909250390189239,-176.15178142909753,24,-0.17929374502350298,-0.17959423516960935,0.0997772397903653
4,0.9909250390189239,-176.15178142909753,25,-0.17932838002840137,-0.1795715176406949,0.09988959395821614
4,0.9909250390189239,-176.15178142909753,26,-0.1793451268253672,-0.17956032951289747,0.09994262414765741
4,0.9909250390189239,-176.15178142909753,27,-0.179353086000403,-0.17955496652207306,0.09996765147506027
4,0.9909250390189239,-176.15178142909753,28,-0.17935671378400844,-0.1795525650928909,0.09997947052767593
4,0.9909250390189239,-176.15178142909753,29,-0.1793585141770248,-0.1795513287844079,0.09998504739952037
4,0.9909250390189239,-176.15178142909753,30,-0.179358702141923,-0.17955175204817939,0.09998682172595187
5,0.9594413152467318,-199.64184285745117,1,-0.009546261591643939,0.019365384103920805,0.23000431152822906
5,0.9594413152467318,-199.64184285745117,2,0.26823828517345927,0.036954047886347145,0.2098585930896177
5,0.9594413152467318,-199.64184285745117,3,0.2759659998325799,0.008234516482330024,0.19747889543794708
5,0.9594413152467318,-199.64184285745117,4,0.15056176299504245,-0.04326575959540951,0.18190740941102537
5,0.9594413152467318,-199.64184285745117,5,0.026030157684072647,-0.09440766847866107,0.15242544345785408
5,0.9594413152467318,-199.64184285745117,6,-0.09762520434116641,-0.14518972691136633,0.10913269859529899
5,0.9594413152467318,-199.64184285745117,7,-0.207264213318781,-0.19303707763403422,0.10642229737583822
5,0.9594413152467318,-199.64184285745117,8,-0.31115841665613425,-0.23955374850726158,0.11068694645461581
5,0.9594413152467318,-199.64184285745117,9,-0.3875473134255386,-0.2827616564455118,0.11154064848743322
5,0.9594413152467318,-199.64184285745117,10,-0.3550705446480721,-0.3228260026075233,0.12355024685232412
5,0.9594413152467318,-199.64184285745117,11,-0.32330796807976103,-0.3488436032053599,0.12490056597707777
5,0.9594413152467318,-199.64184285745117,12,-0.2969327338273632,-0.3299202646133643,0.12025555575549943
5,0.9594413152467318,-199.64184285745117,13,-0.2726261341683389,-0.309848866194654,0.10936491327838505
5,0.9594413152467318,-199.64184285745117,14,-0.25244198667921286,-0.2915490282468477,0.10347891472567264
5,0.9594413152467318,-199.64184285745117,15,-0.23613046170012508,-0.27564427107991113,0.1033946504327099
5,0.9594413152467318,-199.64184285745117,16,-0.22161559168857017,-0.2618264650991672,0.10109341626210248
5,0.9594413152467318,-199.64184285745117,17,-0.20983002452269167,-0.2500985343985042,0.09984398968389932
5,0.9594413152467318,-199.64184285745117,18,-0.20006101185128028,-0.24158215229481017,0.10044533858530683
5,0.9594413152467318,-199.64184285745117,19,-0.19228175514129717,-0.2352407408745768,0.09958922023268182
5,0.9594413152467318,-199.64184285745117,20,-0.18721898275232646,-0.2308163483000945,0.09927519575137966
5,0.9594413152467318,-199.64184285745117,21,-0.18436413435248156,-0.22881602165283524,0.09950985297545978
5,0.9594413152467318,-199.64184285745117,22,-0.18402445767495154,-0.22843217046001232,0.0995301408393314
5,0.9594413152467318,-199.64184285745117,23,-0.18397241025835406,-0.22836324637727523,0.09977299986117753
5,0.9594413152467318,-199.64184285745117,24,-0.18394786637091626,-0.22833037640911494,0.09988761380845182
5,0.9594413152467318,-199.64184285745117,25,-0.18393639023024033,-0.22831500571690266,0.09994170478832451
5,0.9594413152467318,-199.64184285745117,26,-0.18393102457563001,-0.22830781880752896,0.09996723026280023
5,0.9594413152467318,-199.64184285745117,27,-0.18392851625291107,-0.22830445835903806,0.0999792761087057
5,0.9594413152467318,-199.64184285745117,28,-0.18392734375785014,-0.2283028870510061,0.09998496082230816
5,0.9594413152467318,-199.64184285745117,29,-0.18392788305906083,-0.228303427674837,0.0999859790000068
5,0.9594413152467318,-199.64184285745117,30,-0.18392816199949283,-0.2283037484318245,0.0999864091946435
6,0.9594413152467318,-199.64184285745117,1,-0.009546261591643939,0.019365384103920805,0.23000431152822906
6,0.9594413152467318,-199.64184285745117,2,0.26823828517345927,0.036954047886347145,0.2098585930896177
6,0.9594413152467318,-199.64184285745117,3,0.2759659998325799,0.008234516482330024,0.19747889543794708
6,0.9594413152467318,-199.64184285745117,4,0.15056176299504245,-0.04326575959540951,0.18190740941102537
6,0.9594413152467318,-199.64184285745117,5,0.026030157684072647,-0.09440766847866107,0.15242544345785408
6,0.9594413152467318,-199.64184285745117,6,-0.09762520434116641,-0.14518972691136633,0.10913269859529899
6,0.9594413152467318,-199.64184285745117,7,-0.207264213318781,-0.19303707763403422,0.10642229737583822
6,0.9594413152467318,-199.64184285745117,8,-0.31115841665613425,-0.23955374850726158,0.11068694645461581
6,0.9594413152467318,-199.64184285745117,9,-0.3875473134255386,-0.2827616564455118,0.11154064848743322
6,0.9594413152467318,-199.64184285745117,10,-0.3550705446480721,-0.3228260026075233,0.12355024685232412
6,0.9594413152467318,-199.64184285745117,11,-0.32330796807976103,-0.3488436032053599,0.12490056597707777
6,0.9594413152467318,-199.64184285745117,12,-0.2969327338273632,-0.3299202646133643,0.12025555575549943
6,0.9594413152467318,-199.64184285745117,13,-0.2726261341683389,-0.309848866194654,0.10936491327838505
6,0.9594413152467318,-199.64184285745117,14,-0.25244198667921286,-0.2915490282468477,0.10347891472567264
6,0.9594413152467318,-199.64184285745117,15,-0.23613046170012508,-0.27564427107991113,0.1033946504327099
6,0.9594413152467318,-199.64184285745117,16,-0.22161559168857017,-0.2618264650991672,0.10109341626210248
6,0.9594413152467318,-199.64184285745117,17,-0.20983002452269167,-0.2500985343985042,0.09984398968389932
6,0.9594413152467318,-199.64184285745117,18,-0.20006101185128028,-0.24158215229481017,0.10044533858530683
6,0.9594413152467318,-199.64184285745117,19,-0.19228175514129717,-0.2352407408745768,0.09958922023268182
6,0.9594413152467318,-199.64184285745117,20,-0.18721898275232646,-0.2308163483000945,0.09927519575137966
6,0.9594413152467318,-199.64184285745117,21,-0.18436413435248156,-0.22881602165283524,0.09950985297545978
6,0.9594413152467318,-199.64184285745117,22,-0.18402445767495154,-0.22843217046001232,0.0995301408393314
6,0.9594413152467318,-199.64184285745117,23,-0.18397241025835406,-0.22836324637727523,0.09977299986117753
6,0.9594413152467318,-199.64184285745117,24,-0.18394786637091626,-0.22833037640911494,0.09988761380845182
6,0.9594413152467318,-199.64184285745117,25,-0.18393639023024033,-0.22831500571690266,0.09994170478832451
6,0.9594413152467318,-199.64184285745117,26,-0.18393102457563001,-0.22830781880752896,0.09996723026280023
6,0.9594413152467318,-199.64184285745117,27,-0.18392851625291107,-0.22830445835903806,0.0999792761087057
6,0.9594413152467318,-199.64184285745117,28,-0.18392734375785014,-0.2283028870510061,0.09998496082230816
6,0.9594413152467318,-199.64184285745117,29,-0.18392788305906083,-0.228303427674837,0.0999859790000068
6,0.9594413152467318,-199.64184285745117,30,-0.18392816199949283,-0.2283037484318245,0.0999864091946435
7,0.9594413152467318,-199.64184285745117,1,-0.009546261591643939,0.019365384103920805,0.23000431152822906
7,0.9594413152467318,-199.64184285745117,2,0.26823828517345927,0.036954047886347145,0.2098585930896177
7,0.9594413152467318,-199.64184285745117,3,0.2759659998325799,0.008234516482330024,0.19747889543794708
7,0.9594413152467318,-199.64184285745117,4,0.15056176299504245,-0.04326575959540951,0.18190740941102537
7,0.9594413152467318,-199.64184285745117,5,0.026030157684072647,-0.09440766847866107,0.15242544345785408
7,0.9594413152467318,-199.64184285745117,6,-0.09762520434116641,-0.14518972691136633,0.10913269859529899
7,0.9594413152467318,-199.64184285745117,7,-0.207264213318781,-0.19303707763403422,0.10642229737583822
7,0.9594413152467318,-199.64184285745117,8,-0.31115841665613425,-0.23955374850726158,0.11068694645461581
7,0.9594413152467318,-199.64184285745117,9,-0.3875473134255386,-0.2827616564455118,0.11154064848743322
7,0.9594413152467318,-199.64184285745117,10,-0.3550705446480721,-0.3228260026075233,0.12355024685232412
7,0.9594413152467318,-199.64184285745117,11,-0.32330796807976103,-0.3488436032053599,0.12490056597707777
7,0.9594413152467318,-199.64184285745117,12,-0.2969327338273632,-0.3299202646133643,0.12025555575549943
7,0.9594413152467318,-199.64184285745117,13,-0.2726261341683389,-0.309848866194654,0.10936491327838505
7,0.9594413152467318,-199.64184285745117,14,-0.25244198667921286,-0.2915490282468477,0.10347891472567264
7,0.9594413152467318,-199.64184285745117,15,-0.23613046170012508,-0.27564427107991113,0.1033946504327099
7,0.9594413152467318,-199.64184285745117,16,-0.22161559168857017,-0.2618264650991672,0.10109341626210248
7,0.9594413152467318,-199.64184285745117,17,-0.20983002452269167,-0.2500985343985042,0.09984398968389932
7,0.9594413152467318,-199.64184285745117,18,-0.20006101185128028,-0.24158215229481017,0.10044533858530683
7,0.9594413152467318,-199.64184285745117,19,-0.19228175514129717,-0.2352407408745768,0.09958922023268182
7,0.9594413152467318,-199.64184285745117,20,-0.18721898275232646,-0.2308163483000945,0.09927519575137966
7,0.9594413152467318,-199.64184285745117,21,-0.18436413435248156,-0.22881602165283524,0.09950985297545978
7,0.9594413152467318,-199.64184285745117,22,-0.18402445767495154,-0.22843217046001232,0.0995301408393314
7,0.9594413152467318,-199.64184285745117,23,-0.18397241025835406,-0.22836324637727523,0.09977299986117753
7,0.9594413152467318,-199.64184285745117,24,-0.18394786637091626,-0.22833037640911494,0.09988761380845182
7,0.9594413152467318,-199.64184285745117,25,-0.18393639023024033,-0.22831500571690266,0.09994170478832451
7,0.9594413152467318,-199.64184285745117,26,-0.18393102457563001,-0.22830781880752896,0.09996723026280023
7,0.9594413152467318,-199.64184285745117,27,-0.18392851625291107,-0.22830445835903806,0.0999792761087057
7,0.9594413152467318,-199.64184285745117,28,-0.18392734375785014,-0.2283028870510061,0.09998496082230816
7,0.9594413152467318,-199.64184285745117,29,-0.18392788305906083,-0.228303427674837,0.0999859790000068
7,0.9594413152467318,-199.64184285745117,30,-0.18392816199949283,-0.2283037484318245,0.0999864091946435
8,0.9594413152467318,-199.64184285745117,1,-0.009546261591643939,0.019365384103920805,0.23000431152822906
8,0.9594413152467318,-199.64184285745117,2,0.26823828517345927,0.036954047886347145,0.2098585930896177
8,0.9594413152467318,-199.64184285745117,3,0.2759659998325799,0.008234516482330024,0.19747889543794708
8,0.9594413152467318,-199.64184285745117,4,0.15056176299504245,-0.04326575959540951,0.18190740941102537
8,0.9594413152467318,-199.64184285745117,5,0.026030157684072647,-0.09440766847866107,0.15242544345785408
8,0.9594413152467318,-199.64184285745117,6,-0.09762520434116641,-0.14518972691136633,0.10913269859529899
8,0.9594413152467318,-199.64184285745117,7,-0.207264213318781,-0.19303707763403422,0.10642229737583822
8,0.9594413152467318,-199.64184285745117,8,-0.31115841665613425,-0.23955374850726158,0.11068694645461581
8,0.9594413152467318,-199.64184285745117,9,-0.3875473134255386,-0.2827616564455118,0.11154064848743322
8,0.9594413152467318,-199.64184285745117,10,-0.3550705446480721,-0.3228260026075233,0.12355024685232412
8,0.9594413152467318,-199.64184285745117,11,-0.32330796807976103,-0.3488436032053599,0.12490056597707777
8,0.9594413152467318,-199.64184285745117,12,-0.2969327338273632,-0.3299202646133643,0.12025555575549943
8,0.9594413152467318,-199.64184285745117,13,-0.2726261341683389,-0.309848866194654,0.10936491327838505
8,0.9594413152467318,-199.64184285745117,14,-0.25244198667921286,-0.2915490282468477,0.10347891472567264
8,0.9594413152467318,-199.64184285745117,15,-0.23613046170012508,-0.27564427107991113,0.1033946504327099
8,0.9594413152467318,-199.64184285745117,16,-0.22161559168857017,-0.2618264650991672,0.10109341626210248
8,0.9594413152467318,-199.64184285745117,17,-0.20983002452269167,-0.2500985343985042,0.09984398968389932
8,0.9594413152467318,-199.64184285745117,18,-0.20006101185128028,-0.24158215229481017,0.10044533858530683
8,0.9594413152467318,-199.64184285745117,19,-0.19228175514129717,-0.2352407408745768,0.09958922023268182
8,0.9594413152467318,-199.64184285745117,20,-0.18721898275232646,-0.2308163483000945,0.09927519575137966
8,0.9594413152467318,-199.64184285745117,21,-0.18436413435248156,-0.22881602165283524,0.09950985297545978
8,0.9594413152467318,-199.64184285745117,22,-0.18402445767495154,-0.22843217046001232,0.0995301408393314
8,0.9594413152467318,-199.64184285745117,23,-0.18397241025835406,-0.22836324637727523,0.09977299986117753
8,0.9594413152467318,-199.64184285745117,24,-0.18394786637091626,-0.22833037640911494,0.09988761380845182
8,0.9594413152467318,-199.64184285745117,25,-0.18393639023024033,-0.22831500571690266,0.09994170478832451
8,0.9594413152467318,-199.64184285745117,26,-0.18393102457563001,-0.22830781880752896,0.09996723026280023
8,0.9594413152467318,-199.64184285745117,27,-0.18392851625291107,-0.22830445835903806,0.0999792761087057
8,0.9594413152467318,-199.64184285745117,28,-0.18392734375785014,-0.2283028870510061,0.09998496082230816
8,0.9594413152467318,-199.64184285745117,29,-0.18392788305906083,-0.228303427674837,0.0999859790000068
8,0.9594413152467318,-199.64184285745117,30,-0.18392816199949283,-0.2283037484318245,0.0999864091946435
9,0.9395561750883684,-229.12067580433427,1,-0.009546261591643939,0.019365384103920805,0.23000431152822906
9,0.9395561750883684,-229.12067580433427,2,0.26823828517345927,0.036954047886347145,0.2098585930896177
9,0.9395561750883684,-229.12067580433427,3,0.27771898093398395,0.008517109550956308,0.19747890545460955
9,0.9395561750883684,-229.12067580433427,4,0.15491848427878943,-0.04256610813214675,0.18190663669935436
9,0.9395561750883684,-229.12067580433427,5,0.03296021637998662,-0.09329897092195871,0.15242171557764891
9,0.9395561750883684,-229.12067580433427,6,-0.08815170590244457,-0.14367976626470125,0.10912258871157984
9,0.9395561750883684,-229.12067580433427,7,-0.1953664688468572,-0.1911522082737187,0.10602439788484586
9,0.9395561750883684,-229.12067580433427,8,-0.2968282239237623,-0.23725007543040788,0.11011403523040149
9,0.9395561750883684,-229.12067580433427,9,-0.3885767970100399,-0.2821789795905564,0.1074728105590114
9,0.9395561750883684,-229.12067580433427,10,-0.34930043166468844,-0.3179677845867168,0.11243441215465916
9,0.9395561750883684,-229.12067580433427,11,-0.30647480269668714,-0.3509398156000693,0.11035813402927544
9,0.9395561750883684,-229.12067580433427,12,-0.2726780851757681,-0.34767967124447696,0.10365685628504873
9,0.9395561750883684,-229.12067580433427,13,-0.24524637468177812,-0.3369934678698766,0.10172071772386125
9,0.9395561750883684,-229.12067580433427,14,-0.22085244580603905,-0.3277346041001108,0.09924488816684997
9,0.9395561750883684,-229.12067580433427,15,-0.19984673049898496,-0.32059817538288726,0.09921173337943694
9,0.9395561750883684,-229.12067580433427,16,-0.18239610205072662,-0.3143572891788293,0.0997164057687057
9,0.9395561750883684,-229.12067580433427,17,-0.16805077170435825,-0.309282030409548,0.09943442638525955
9,0.9395561750883684,-229.12067580433427,18,-0.1568971697830358,-0.30565391063965075,0.09909162914182688
9,0.9395561750883684,-229.12067580433427,19,-0.14918156501609675,-0.3032406052618792,0.09937681302636059
9,0.9395561750883684,-229.12067580433427,20,-0.14467140916763524,-0.3020956438079495,0.09945654659787148
9,0.9395561750883684,-229.12067580433427,21,-0.14350752379458434,-0.30177823381802754,0.0997382487733383
9,0.9395561750883684,-229.12067580433427,22,-0.14359326728533203,-0.301785443467283,0.09987123696303801
9,0.9395561750883684,-229.12067580433427,23,-0.14363342293775336,-0.3017888024663915,0.09993399625167845
9,0.9395561750883684,-229.12067580433427,24,-0.1436521898118225,-0.30179036109531443,0.0999636193556786
9,0.9395561750883684,-229.12067580433427,25,-0.14366096236709064,-0.30179108491438494,0.09997760332538928
9,0.9395561750883684,-229.12067580433427,26,-0.14366506236838722,-0.30179142047886925,0.09998420497919122
9,0.9395561750883684,-229.12067580433427,27,-0.14366664128022455,-0.3017913950564452,0.09998729482384063
9,0.9395561750883684,-229.12067580433427,28,-0.14366576810677986,-0.3017907313090139,0.09998871332439895
9,0.9395561750883684,-229.12067580433427,29,-0.1436654334468511,-0.3017904934095739,0.0999893035266484
9,0.9395561750883684,-229.12067580433427,30,-0.14366536163402704,-0.30179052741633705,0.0999893894455539
10,0.9594413152467318,-199.64184285745117,1,-0.009546261591643939,0.019365384103920805,0.23000431152822906
10,0.9594413152467318,-199.64184285745117,2,0.26823828517345927,0.036954047886347145,0.2098585930896177
10,0.9594413152467318,-199.64184285745117,3,0.2759659998325799,0.008234516482330024,0.19747889543794708
10,0.9594413152467318,-199.64184285745117,4,0.15056176299504245,-0.04326575959540951,0.18190740941102537
10,0.9594413152467318,-199.64184285745117,5,0.026030157684072647,-0.09440766847866107,0.15242544345785408
10,0.9594413152467318,-199.64184285745117,6,-0.09762520434116641,-0.14518972691136633,0.10913269859529899
10,0.9594413152467318,-199.64184285745117,7,-0.207264213318781,-0.19303707763403422,0.10642229737583822
10,0.9594413152467318,-199.64184285745117,8,-0.31115841665613425,-0.23955374850726158,0.11068694645461581
10,0.9594413152467318,-199.64184285745117,9,-0.3875473134255386,-0.2827616564455118,0.11154064848743322
10,0.9594413152467318,-199.64184285745117,10,-0.3550705446480721,-0.3228260026075233,0.12355024685232412
10,0.9594413152467318,-199.64184285745117,11,-0.32330796807976103,-0.3488436032053599,0.12490056597707777
10,0.9594413152467318,-199.64184285745117,12,-0.2969327338273632,-0.3299202646133643,0.12025555575549943
10,0.9594413152467318,-199.64184285745117,13,-0.2726261341683389,-0.309848866194654,0.10936491327838505
10,0.9594413152467318,-199.64184285745117,14,-0.25244198667921286,-0.2915490282468477,0.10347891472567264
10,0.9594413152467318,-199.64184285745117,15,-0.23613046170012508,-0.27564427107991113,0.1033946504327099
10,0.9594413152467318,-199.64184285745117,16,-0.22161559168857017,-0.2618264650991672,0.10109341626210248
10,0.9594413152467318,-199.64184285745117,17,-0.20983002452269167,-0.2500985343985042,0.09984398968389932
10,0.9594413152467318,-199.64184285745117,18,-0.20006101185128028,-0.24158215229481017,0.10044533858530683
10,0.9594413152467318,-199.64184285745117,19,-0.19228175514129717,-0.2352407408745768,0.09958922023268182
10,0.9594413152467318,-199.64184285745117,20,-0.18721898275232646,-0.2308163483000945,0.09927519575137966
10,0.9594413152467318,-199.64184285745117,21,-0.18436413435248156,-0.22881602165283524,0.09950985297545978
10,0.9594413152467318,-199.64184285745117,22,-0.18402445767495154,-0.22843217046001232,0.0995301408393314
10,0.9594413152467318,-199.64184285745117,23,-0.18397241025835406,-0.22836324637727523,0.09977299986117753
10,0.9594413152467318,-199.64184285745117,24,-0.18394786637091626,-0.22833037640911494,0.09988761380845182
10,0.9594413152467318,-199.64184285745117,25,-0.18393639023024033,-0.22831500571690266,0.09994170478832451
10,0.9594413152467318,-199.64184285745117,26,-0.18393102457563001,-0.22830781880752896,0.09996723026280023
10,0.9594413152467318,-199.64184285745117,27,-0.18392851625291107,-0.22830445835903806,0.0999792761087057
10,0.9594413152467318,-199.64184285745117,28,-0.18392734375785014,-0.2283028870510061,0.09998496082230816
10,0.9594413152467318,-199.64184285745117,29,-0.18392788305906083,-0.228303427674837,0.0999859790000068
10,0.9594413152467318,-199.64184285745117,30,-0.18392816199949283,-0.2283037484318245,0.0999864091946435
11,0.9594413152467318,-199.64184285745117,1,-0.009546261591643939,0.019365384103920805,0.23000431152822906
11,0.9594413152467318,-199.64184285745117,2,0.26823828517345927,0.036954047886347145,0.2098585930896177
11,0.9594413152467318,-199.64184285745117,3,0.2759659998325799,0.008234516482330024,0.19747889543794708
11,0.9594413152467318,-199.64184285745117,4,0.15056176299504245,-0.04326575959540951,0.18190740941102537
11,0.9594413152467318,-199.64184285745117,5,0.026030157684072647,-0.09440766847866107,0.15242544345785408
11,0.9594413152467318,-199.64184285745117,6,-0.09762520434116641,-0.14518972691136633,0.10913269859529899
11,0.9594413152467318,-199.64184285745117,7,-0.207264213318781,-0.19303707763403422,0.10642229737583822
11,0.9594413152467318,-199.64184285745117,8,-0.31115841665613425,-0.23955374850726158,0.11068694645461581
11,0.9594413152467318,-199.64184285745117,9,-0.3875473134255386,-0.2827616564455118,0.11154064848743322
11,0.9594413152467318,-199.64184285745117,10,-0.3550705446480721,-0.3228260026075233,0.12355024685232412
11,0.9594413152467318,-199.64184285745117,11,-0.32330796807976103,-0.3488436032053599,0.12490056597707777
11,0.9594413152467318,-199.64184285745117,12,-0.2969327338273632,-0.3299202646133643,0.12025555575549943
11,0.9594413152467318,-199.64184285745117,13,-0.2726261341683389,-0.309848866194654,0.10936491327838505
11,0.9594413152467318,-199.64184285745117,14,-0.25244198667921286,-0.2915490282468477,0.10347891472567264
11,0.9594413152467318,-199.64184285745117,15,-0.23613046170012508,-0.27564427107991113,0.1033946504327099
11,0.9594413152467318,-199.64184285745117,16,-0.22161559168857017,-0.2618264650991672,0.10109341626210248
11,0.9594413152467318,-199.64184285745117,17,-0.20983002452269167,-0.2500985343985042,0.09984398968389932
11,0.9594413152467318,-199.64184285745117,18,-0.20006101185128028,-0.24158215229481017,0.10044533858530683
11,0.9594413152467318,-199.64184285745117,19,-0.19228175514129717,-0.2352407408745768,0.09958922023268182
11,0.9594413152467318,-199.64184285745117,20,-0.18721898275232646,-0.2308163483000945,0.09927519575137966
11,0.9594413152467318,-199.64184285745117,21,-0.18436413435248156,-0.22881602165283524,0.09950985297545978
11,0.9594413152467318,-199.64184285745117,22,-0.18402445767495154,-0.22843217046001232,0.0995301408393314
11,0.9594413152467318,-199.64184285745117,23,-0.18397241025835406,-0.22836324637727523,0.09977299986117753
11,0.9594413152467318,-199.64184285745117,24,-0.18394786637091626,-0.22833037640911494,0.09988761380845182
11,0.9594413152467318,-199.64184285745117,25,-0.18393639023024033,-0.22831500571690266,0.09994170478832451
11,0.9594413152467318,-199.64184285745117,26,-0.18393102457563001,-0.22830781880752896,0.09996723026280023
11,0.9594413152467318,-199.64184285745117,27,-0.18392851625291107,-0.22830445835903806,0.0999792761087057
11,0.9594413152467318,-199.64184285745117,28,-0.18392734375785014,-0.2283028870510061,0.09998496082230816
11,0.9594413152467318,-199.64184285745117,29,-0.18392788305906083,-0.228303427674837,0.0999859790000068
11,0.9594413152467318,-199.64184285745117,30,-0.18392816199949283,-0.2283037484318245,0.0999864091946435
12,0.9395561750883684,-229.12067580433427,1,-0.009546261591643939,0.019365384103920805,0.23000431152822906
12,0.9395561750883684,-229.12067580433427,2,0.26823828517345927,0.036954047886347145,0.2098585930896177
12,0.9395561750883684,-229.12067580433427,3,0.27771898093398395,0.008517109550956308,0.19747890545460955
12,0.9395561750883684,-229.12067580433427,4,0.15491848427878943,-0.04256610813214675,0.18190663669935436
12,0.9395561750883684,-229.12067580433427,5,0.03296021637998662,-0.09329897092195871,0.15242171557764891
12,0.9395561750883684,-229.12067580433427,6,-0.08815170590244457,-0.14367976626470125,0.10912258871157984
12,0.9395561750883684,-229.12067580433427,7,-0.1953664688468572,-0.1911522082737187,0.10602439788484586
12,0.9395561750883684,-229.12067580433427,8,-0.2968282239237623,-0.23725007543040788,0.11011403523040149
12,0.9395561750883684,-229.12067580433427,9,-0.3885767970100399,-0.2821789795905564,0.1074728105590114
12,0.9395561750883684,-229.12067580433427,10,-0.34930043166468844,-0.3179677845867168,0.11243441215465916
12,0.9395561750883684,-229.12067580433427,11,-0.30647480269668714,-0.3509398156000693,0.11035813402927544
12,0.9395561750883684,-229.12067580433427,12,-0.2726780851757681,-0.34767967124447696,0.10365685628504873
12,0.9395561750883684,-229.12067580433427,13,-0.24524637468177812,-0.3369934678698766,0.10172071772386125
12,0.9395561750883684,-229.12067580433427,14,-0.22085244580603905,-0.3277346041001108,0.09924488816684997
12,0.9395561750883684,-229.12067580433427,15,-0.19984673049898496,-0.32059817538288726,0.09921173337943694
12,0.9395561750883684,-229.12067580433427,16,-0.18239610205072662,-0.3143572891788293,0.0997164057687057
12,0.9395561750883684,-229.12067580433427,17,-0.16805077170435825,-0.309282030409548,0.09943442638525955
12,0.9395561750883684,-229.12067580433427,18,-0.1568971697830358,-0.30565391063965075,0.09909162914182688
12,0.9395561750883684,-229.12067580433427,19,-0.14918156501609675,-0.3032406052618792,0.09937681302636059
12,0.9395561750883684,-229.12067580433427,20,-0.14467140916763524,-0.3020956438079495,0.09945654659787148
12,0.9395561750883684,-229.12067580433427,21,-0.14350752379458434,-0.30177823381802754,0.0997382487733383
12,0.9395561750883684,-229.12067580433427,22,-0.14359326728533203,-0.301785443467283,0.09987123696303801
12,0.9395561750883684,-229.12067580433427,23,-0.14363342293775336,-0.3017888024663915,0.09993399625167845
12,0.9395561750883684,-229.12067580433427,24,-0.1436521898118225,-0.30179036109531443,0.0999636193556786
12,0.9395561750883684,-229.12067580433427,25,-0.14366096236709064,-0.30179108491438494,0.09997760332538928
12,0.9395561750883684,-229.12067580433427,26,-0.14366506236838722,-0.30179142047886925,0.09998420497919122
12,0.9395561750883684,-229.12067580433427,27,-0.14366664128022455,-0.3017913950564452,0.09998729482384063
12,0.9395561750883684,-229.12067580433427,28,-0.14366576810677986,-0.3017907313090139,0.09998871332439895
12,0.9395561750883684,-229.12067580433427,29,-0.1436654334468511,-0.3017904934095739,0.0999893035266484
12,0.9395561750883684,-229.12067580433427,30,-0.14366536163402704,-0.30179052741633705,0.0999893894455539
13,0.9594413152467318,-199.64184285745117,1,-0.009546261591643939,0.019365384103920805,0.23000431152822906
13,0.9594413152467318,-199.64184285745117,2,0.26823828517345927,0.036954047886347145,0.2098585930896177
13,0.9594413152467318,-199.64184285745117,3,0.2759659998325799,0.008234516482330024,0.19747889543794708
13,0.9594413152467318,-199.64184285745117,4,0.15056176299504245,-0.04326575959540951,0.18190740941102537
13,0.9594413152467318,-199.64184285745117,5,0.026030157684072647,-0.09440766847866107,0.15242544345785408
13,0.9594413152467318,-199.64184285745117,6,-0.09762520434116641,-0.14518972691136633,0.10913269859529899
13,0.9594413152467318,-199.64184285745117,7,-0.207264213318781,-0.19303707763403422,0.10642229737583822
13,0.9594413152467318,-199.64184285745117,8,-0.31115841665613425,-0.23955374850726158,0.11068694645461581
13,0.9594413152467318,-199.64184285745117,9,-0.3875473134255386,-0.2827616564455118,0.11154064848743322
13,0.9594413152467318,-199.64184285745117,10,-0.3550705446480721,-0.3228260026075233,0.12355024685232412
13,0.9594413152467318,-199.64184285745117,11,-0.32330796807976103,-0.3488436032053599,0.12490056597707777
13,0.9594413152467318,-199.64184285745117,12,-0.2969327338273632,-0.3299202646133643,0.12025555575549943
13,0.9594413152467318,-199.64184285745117,13,-0.2726261341683389,-0.309848866194654,0.10936491327838505
13,0.9594413152467318,-199.64184285745117,14,-0.25244198667921286,-0.2915490282468477,0.10347891472567264
13,0.9594413152467318,-199.64184285745117,15,-0.23613046170012508,-0.27564427107991113,0.1033946504327099
13,0.9594413152467318,-199.64184285745117,16,-0.22161559168857017,-0.2618264650991672,0.10109341626210248
13,0.9594413152467318,-199.64184285745117,17,-0.20983002452269167,-0.2500985343985042,0.09984398968389932
13,0.9594413152467318,-199.64184285745117,18,-0.20006101185128028,-0.24158215229481017,0.10044533858530683
13,0.9594413152467318,-199.64184285745117,19,-0.19228175514129717,-0.2352407408745768,0.09958922023268182
13,0.9594413152467318,-199.64184285745117,20,-0.18721898275232646,-0.2308163483000945,0.09927519575137966
13,0.9594413152467318,-199.64184285745117,21,-0.18436413435248156,-0.22881602165283524,0.09950985297545978
13,0.9594413152467318,-199.64184285745117,22,-0.18402445767495154,-0.22843217046001232,0.0995301408393314
13,0.9594413152467318,-199.64184285745117,23,-0.18397241025835406,-0.22836324637727523,0.09977299986117753
13,0.9594413152467318,-199.64184285745117,24,-0.18394786637091626,-0.22833037640911494,0.09988761380845182
13,0.9594413152467318,-199.64184285745117,25,-0.18393639023024033,-0.22831500571690266,0.09994170478832451
13,0.9594413152467318,-199.64184285745117,26,-0.18393102457563001,-0.22830781880752896,0.09996723026280023
13,0.9594413152467318,-199.64184285745117,27,-0.18392851625291107,-0.22830445835903806,0.0999792761087057
13,0.9594413152467318,-199.64184285745117,28,-0.18392734375785014,-0.2283028870510061,0.09998496082230816
13,0.9594413152467318,-199.64184285745117,29,-0.18392788305906083,-0.228303427674837,0.0999859790000068
13,0.9594413152467318,-199.64184285745117,30,-0.18392816199949283,-0.2283037484318245,0.0999864091946435
14,0.9395561750883684,-229.12067580433427,1,-0.009546261591643939,0.019365384103920805,0.23000431152822906
14,0.9395561750883684,-229.12067580433427,2,0.26823828517345927,0.036954047886347145,0.2098585930896177
14,0.9395561750883684,-229.12067580433427,3,0.27771898093398395,0.008517109550956308,0.19747890545460955
14,0.9395561750883684,-229.12067580433427,4,0.15491848427878943,-0.04256610813214675,0.18190663669935436
14,0.9395561750883684,-229.12067580433427,5,0.03296021637998662,-0.09329897092195871,0.15242171557764891
14,0.9395561750883684,-229.12067580433427,6,-0.08815170590244457,-0.14367976626470125,0.10912258871157984
14,0.9395561750883684,-229.12067580433427,7,-0.1953664688468572,-0.1911522082737187,0.10602439788484586
14,0.9395561750883684,-229.12067580433427,8,-0.2968282239237623,-0.23725007543040788,0.11011403523040149
14,0.9395561750883684,-229.12067580433427,9,-0.3885767970100399,-0.2821789795905564,0.1074728105590114
14,0.9395561750883684,-229.12067580433427,10,-0.34930043166468844,-0.3179677845867168,0.11243441215465916
14,0.9395561750883684,-229.12067580433427,11,-0.30647480269668714,-0.3509398156000693,0.11035813402927544
14,0.9395561750883684,-229.12067580433427,12,-0.2726780851757681,-0.34767967124447696,0.10365685628504873
14,0.9395561750883684,-229.12067580433427,13,-0.24524637468177812,-0.3369934678698766,0.10172071772386125
14,0.9395561750883684,-229.12067580433427,14,-0.22085244580603905,-0.3277346041001108,0.09924488816684997
14,0.9395561750883684,-229.12067580433427,15,-0.19984673049898496,-0.32059817538288726,0.09921173337943694
14,0.9395561750883684,-229.12067580433427,16,-0.18239610205072662,-0.3143572891788293,0.0997164057687057
14,0.9395561750883684,-229.12067580433427,17,-0.16805077170435825,-0.309282030409548,0.09943442638525955
14,0.9395561750883684,-229.12067580433427,18,-0.1568971697830358,-0.30565391063965075,0.09909162914182688
14,0.9395561750883684,-229.12067580433427,19,-0.14918156501609675,-0.3032406052618792,0.09937681302636059
14,0.9395561750883684,-229.12067580433427,20,-0.14467140916763524,-0.3020956438079495,0.09945654659787148
14,0.9395561750883684,-229.12067580433427,21,-0.14350752379458434,-0.30177823381802754,0.0997382487733383
14,0.9395561750883684,-229.12067580433427,22,-0.14359326728533203,-0.301785443467283,0.09987123696303801
14,0.9395561750883684,-229.12067580433427,23,-0.14363342293775336,-0.3017888024663915,0.09993399625167845
14,0.9395561750883684,-229.12067580433427,24,-0.1436521898118225,-0.30179036109531443,0.0999636193556786
14,0.9395561750883684,-229.12067580433427,25,-0.14366096236709064,-0.30179108491438494,0.09997760332538928
14,0.9395561750883684,-229.12067580433427,26,-0.14366506236838722,-0.30179142047886925,0.09998420497919122
14,0.9395561750883684,-229.12067580433427,27,-0.14366664128022455,-0.3017913950564452,0.09998729482384063
14,0.9395561750883684,-229.12067580433427,28,-0.14366576810677986,-0.3017907313090139,0.09998871332439895
14,0.9395561750883684,-229.12067580433427,29,-0.1436654334468511,-0.3017904934095739,0.0999893035266484
14,0.9395561750883684,-229.12067580433427,30,-0.14366536163402704,-0.30179052741633705,0.0999893894455539
15,0.9395561750883684,-229.12067580433427,1,-0.009546261591643939,0.019365384103920805,0.23000431152822906
15,0.9395561750883684,-229.12067580433427,2,0.26823828517345927,0.036954047886347145,0.2098585930896177
15,0.9395561750883684,-229.12067580433427,3,0.27771898093398395,0.008517109550956308,0.19747890545460955
15,0.9395561750883684,-229.12067580433427,4,0.15491848427878943,-0.04256610813214675,0.18190663669935436
15,0.9395561750883684,-229.12067580433427,5,0.03296021637998662,-0.09329897092195871,0.15242171557764891
15,0.9395561750883684,-229.12067580433427,6,-0.08815170590244457,-0.14367976626470125,0.10912258871157984
15,0.9395561750883684,-229.12067580433427,7,-0.1953664688468572,-0.1911522082737187,0.10602439788484586
15,0.9395561750883684,-229.12067580433427,8,-0.2968282239237623,-0.23725007543040788,0.11011403523040149
15,0.9395561750883684,-229.12067580433427,9,-0.3885767970100399,-0.2821789795905564,0.1074728105590114
15,0.9395561750883684,-229.12067580433427,10,-0.34930043166468844,-0.3179677845867168,0.11243441215465916
15,0.9395561750883684,-229.12067580433427,11,-0.30647480269668714,-0.3509398156000693,0.11035813402927544
15,0.9395561750883684,-229.12067580433427,12,-0.2726780851757681,-0.34767967124447696,0.10365685628504873
15,0.9395561750883684,-229.12067580433427,13,-0.24524637468177812,-0.3369934678698766,0.10172071772386125
15,0.9395561750883684,-229.12067580433427,14,-0.22085244580603905,-0.3277346041001108,0.09924488816684997
15,0.9395561750883684,-229.12067580433427,15,-0.19984673049898496,-0.32059817538288726,0.09921173337943694
15,0.9395561750883684,-229.12067580433427,16,-0.18239610205072662,-0.3143572891788293,0.0997164057687057
15,0.9395561750883684,-229.12067580433427,17,-0.16805077170435825,-0.309282030409548,0.09943442638525955
15,0.9395561750883684,-229.12067580433427,18,-0.1568971697830358,-0.30565391063965075,0.09909162914182688
15,0.9395561750883684,-229.12067580433427,19,-0.14918156501609675,-0.3032406052618792,0.09937681302636059
15,0.9395561750883684,-229.12067580433427,20,-0.14467140916763524,-0.3020956438079495,0.09945654659787148
15,0.9395561750883684,-229.12067580433427,21,-0.14350752379458434,-0.30177823381802754,0.0997382487733383
15,0.9395561750883684,-229.12067580433427,22,-0.14359326728533203,-0.301785443467283,0.09987123696303801
15,0.9395561750883684,-229.12067580433427,23,-0.14363342293775336,-0.3017888024663915,0.09993399625167845
15,0.9395561750883684,-229.12067580433427,24,-0.1436521898118225,-0.30179036109531443,0.0999636193556786
15,0.9395561750883684,-229.12067580433427,25,-0.14366096236709064,-0.30179108491438494,0.09997760332538928
15,0.9395561750883684,-229.12067580433427,26,-0.14366506236838722,-0.30179142047886925,0.09998420497919122
15,0.9395561750883684,-229.12067580433427,27,-0.14366664128022455,-0.3017913950564452,0.09998729482384063
15,0.9395561750883684,-229.12067580433427,28,-0.14366576810677986,-0.3017907313090139,0.09998871332439895
15,0.9395561750883684,-229.12067580433427,29,-0.1436654334468511,-0.3017904934095739,0.0999893035266484
15,0.9395561750883684,-229.12067580433427,30,-0.14366536163402704,-0.30179052741633705,0.0999893894455539
16,0.9835341748963088,-207.28155090589715,1,-0.009546261591643939,0.019365384103920805,0.23000431152822906
16,0.9835341748963088,-207.28155090589715,2,0.26823828517345927,0.036954047886347145,0.2098585930896177
16,0.9835341748963088,-207.28155090589715,3,0.2738422247752042,0.007892149669240752,0.1974788875267236
16,0.9835341748963088,-207.28155090589715,4,0.14528411494374294,-0.044113297722715356,0.18190835718419202
16,0.9835341748963088,-207.28155090589715,5,0.01763618431479911,-0.09575055148849083,0.15242998224333953
16,0.9835341748963088,-207.28155090589715,6,-0.10909859529307604,-0.1470184094421362,0.10914498757499344
16,0.9835341748963088,-207.28155090589715,7,-0.2223920540496593,-0.19527062634788817,0.1046828807656759
16,0.9835341748963088,-207.28155090589715,8,-0.3276357504538337,-0.24123342009632037,0.11752838583503249
16,0.9835341748963088,-207.28155090589715,9,-0.3778325999594315,-0.2803360217175088,0.11362675232781606
16,0.9835341748963088,-207.28155090589715,10,-0.3356040048613864,-0.30578047775300704,0.10886953424496645
16,0.9835341748963088,-207.28155090589715,11,-0.29577367741042504,-0.3291106857631409,0.1032766725981189
16,0.9835341748963088,-207.28155090589715,12,-0.26018379249627027,-0.35119728347290163,0.10160497996114844
16,0.9835341748963088,-207.28155090589715,13,-0.23539543014458802,-0.3378206894655039,0.10045736233816976
16,0.9835341748963088,-207.28155090589715,14,-0.21359277844510088,-0.3221130484279978,0.0988806562642964
16,0.9835341748963088,-207.28155090589715,15,-0.19408737514734029,-0.3090757506770859,0.09853887020993991
16,0.9835341748963088,-207.28155090589715,16,-0.17699866350593346,-0.2979038509827133,0.09775500719246753
16,0.9835341748963088,-207.28155090589715,17,-0.16288067559535938,-0.28869132102191836,0.09857836901400674
16,0.9835341748963088,-207.28155090589715,18,-0.15151581797865496,-0.2809045668858527,0.09871137839562964
16,0.9835341748963088,-207.28155090589715,19,-0.14293008098465235,-0.2747977891672855,0.09870291847374475
16,0.9835341748963088,-207.28155090589715,20,-0.13728440886218407,-0.27038320059430654,0.09895194190654838
16,0.9835341748963088,-207.28155090589715,21,-0.13445030165839025,-0.2677774565285538,0.09928512635041947
16,0.9835341748963088,-207.28155090589715,22,-0.13386329775670658,-0.26735042975291606,0.099657311844581
16,0.9835341748963088,-207.28155090589715,23,-0.1338809321880914,-0.2673311998337627,0.09983295018782248
16,0.9835341748963088,-207.28155090589715,24,-0.13388923320307644,-0.2673221540353821,0.09991587652933796
16,0.9835341748963088,-207.28155090589715,25,-0.13389315520789505,-0.2673178968311682,0.0999550302245961
16,0.9835341748963088,-207.28155090589715,26,-0.13389502311469062,-0.26731589108964243,0.09997351679310683
16,0.9835341748963088,-207.28155090589715,27,-0.13389592761295438,-0.26731494388982163,0.09998224532887338
16,0.9835341748963088,-207.28155090589715,28,-0.13389706771217097,-0.2673159957941708,0.09998633935503543
16,0.9835341748963088,-207.28155090589715,29,-0.13389799483937886,-0.26731718505496965,0.09998826668656766
16,0.9835341748963088,-207.28155090589715,30,-0.1338983704895548,-0.2673174707897461,0.09998898982374066
17,0.9594413152467318,-199.64184285745117,1,-0.009546261591643939,0.019365384103920805,0.23000431152822906
17,0.9594413152467318,-199.64184285745117,2,0.26823828517345927,0.036954047886347145,0.2098585930896177
17,0.9594413152467318,-199.64184285745117,3,0.2759659998325799,0.008234516482330024,0.19747889543794708
17,0.9594413152467318,-199.64184285745117,4,0.15056176299504245,-0.04326575959540951,0.18190740941102537
17,0.9594413152467318,-199.64184285745117,5,0.026030157684072647,-0.09440766847866107,0.15242544345785408
17,0.9594413152467318,-199.64184285745117,6,-0.09762520434116641,-0.14518972691136633,0.10913269859529899
17,0.9594413152467318,-199.64184285745117,7,-0.207264213318781,-0.19303707763403422,0.10642229737583822
17,0.9594413152467318,-199.64184285745117,8,-0.31115841665613425,-0.23955374850726158,0.11068694645461581
17,0.9594413152467318,-199.64184285745117,9,-0.3875473134255386,-0.2827616564455118,0.11154064848743322
17,0.9594413152467318,-199.64184285745117,10,-0.3550705446480721,-0.3228260026075233,0.12355024685232412
17,0.9594413152467318,-199.64184285745117,11,-0.32330796807976103,-0.3488436032053599,0.12490056597707777
17,0.9594413152467318,-199.64184285745117,12,-0.2969327338273632,-0.3299202646133643,0.12025555575549943
17,0.9594413152467318,-199.64184285745117,13,-0.2726261341683389,-0.309848866194654,0.10936491327838505
17,0.9594413152467318,-199.64184285745117,14,-0.25244198667921286,-0.2915490282468477,0.10347891472567264
17,0.9594413152467318,-199.64184285745117,15,-0.23613046170012508,-0.27564427107991113,0.1033946504327099
17,0.9594413152467318,-199.64184285745117,16,-0.22161559168857017,-0.2618264650991672,0.10109341626210248
17,0.9594413152467318,-199.64184285745117,17,-0.20983002452269167,-0.2500985343985042,0.09984398968389932
17,0.9594413152467318,-199.64184285745117,18,-0.20006101185128028,-0.24158215229481017,0.10044533858530683
17,0.9594413152467318,-199.64184285745117,19,-0.19228175514129717,-0.2352407408745768,0.09958922023268182
17,0.9594413152467318,-199.64184285745117,20,-0.18721898275232646,-0.2308163483000945,0.09927519575137966
17,0.9594413152467318,-199.64184285745117,21,-0.18436413435248156,-0.22881602165283524,0.09950985297545978
17,0.9594413152467318,-199.64184285745117,22,-0.18402445767495154,-0.22843217046001232,0.0995301408393314
17,0.9594413152467318,-199.64184285745117,23,-0.18397241025835406,-0.22836324637727523,0.09977299986117753
17,0.9594413152467318,-199.64184285745117,24,-0.18394786637091626,-0.22833037640911494,0.09988761380845182
17,0.9594413152467318,-199.64184285745117,25,-0.18393639023024033,-0.22831500571690266,0.09994170478832451
17,0.9594413152467318,-199.64184285745117,26,-0.18393102457563001,-0.22830781880752896,0.09996723026280023
17,0.9594413152467318,-199.64184285745117,27,-0.18392851625291107,-0.22830445835903806,0.0999792761087057
17,0.9594413152467318,-199.64184285745117,28,-0.18392734375785014,-0.2283028870510061,0.09998496082230816
17,0.9594413152467318,-199.64184285745117,29,-0.18392788305906083,-0.228303427674837,0.0999859790000068
17,0.9594413152467318,-199.64184285745117,30,-0.18392816199949283,-0.2283037484318245,0.0999864091946435
18,0.9395561750883684,-229.12067580433427,1,-0.009546261591643939,0.019365384103920805,0.23000431152822906
18,0.9395561750883684,-229.12067580433427,2,0.26823828517345927,0.036954047886347145,0.2098585930896177
18,0.9395561750883684,-229.12067580433427,3,0.27771898093398395,0.008517109550956308,0.19747890545460955
18,0.9395561750883684,-229.12067580433427,4,0.15491848427878943,-0.04256610813214675,0.18190663669935436
18,0.9395561750883684,-229.12067580433427,5,0.03296021637998662,-0.09329897092195871,0.15242171557764891
18,0.9395561750883684,-229.12067580433427,6,-0.08815170590244457,-0.14367976626470125,0.10912258871157984
18,0.9395561750883684,-229.12067580433427,7,-0.1953664688468572,-0.1911522082737187,0.10602439788484586
18,0.9395561750883684,-229.12067580433427,8,-0.2968282239237623,-0.23725007543040788,0.11011403523040149
18,0.9395561750883684,-229.12067580433427,9,-0.3885767970100399,-0.2821789795905564,0.1074728105590114
18,0.9395561750883684,-229.12067580433427,10,-0.34930043166468844,-0.3179677845867168,0.11243441215465916
18,0.9395561750883684,-229.12067580433427,11,-0.30647480269668714,-0.3509398156000693,0.11035813402927544
18,0.9395561750883684,-229.12067580433427,12,-0.2726780851757681,-0.34767967124447696,0.10365685628504873
18,0.9395561750883684,-229.12067580433427,13,-0.24524637468177812,-0.3369934678698766,0.10172071772386125
18,0.9395561750883684,-229.12067580433427,14,-0.22085244580603905,-0.3277346041001108,0.09924488816684997
18,0.9395561750883684,-229.12067580433427,15,-0.19984673049898496,-0.32059817538288726,0.09921173337943694
18,0.9395561750883684,-229.12067580433427,16,-0.18239610205072662,-0.3143572891788293,0.0997164057687057
18,0.9395561750883684,-229.12067580433427,17,-0.16805077170435825,-0.309282030409548,0.09943442638525955
18,0.9395561750883684,-229.12067580433427,18,-0.1568971697830358,-0.30565391063965075,0.09909162914182688
18,0.9395561750883684,-229.12067580433427,19,-0.14918156501609675,-0.3032406052618792,0.09937681302636059
18,0.9395561750883684,-229.12067580433427,20,-0.14467140916763524,-0.3020956438079495,0.09945654659787148
18,0.9395561750883684,-229.12067580433427,21,-0.14350752379458434,-0.30177823381802754,0.0997382487733383
18,0.9395561750883684,-229.12067580433427,22,-0.14359326728533203,-0.301785443467283,0.09987123696303801
18,0.9395561750883684,-229.12067580433427,23,-0.14363342293775336,-0.3017888024663915,0.09993399625167845
18,0.9395561750883684,-229.12067580433427,24,-0.1436521898118225,-0.30179036109531443,0.0999636193556786
18,0.9395561750883684,-229.12067580433427,25,-0.14366096236709064,-0.30179108491438494,0.09997760332538928
18,0.9395561750883684,-229.12067580433427,26,-0.14366506236838722,-0.30179142047886925,0.09998420497919122
18,0.9395561750883684,-229.12067580433427,27,-0.14366664128022455,-0.3017913950564452,0.09998729482384063
18,0.9395561750883684,-229.12067580433427,28,-0.14366576810677986,-0.3017907313090139,0.09998871332439895
18,0.9395561750883684,-229.12067580433427,29,-0.1436654334468511,-0.3017904934095739,0.0999893035266484
18,0.9395561750883684,-229.12067580433427,30,-0.14366536163402704,-0.30179052741633705,0.0999893894455539
19,0.9594413152467318,-199.64184285745117,1,-0.009546261591643939,0.019365384103920805,0.23000431152822906
19,0.9594413152467318,-199.64184285745117,2,0.26823828517345927,0.036954047886347145,0.2098585930896177
19,0.9594413152467318,-199.64184285745117,3,0.2759659998325799,0.008234516482330024,0.19747889543794708
19,0.9594413152467318,-199.64184285745117,4,0.15056176299504245,-0.04326575959540951,0.18190740941102537
19,0.9594413152467318,-199.64184285745117,5,0.026030157684072647,-0.09440766847866107,0.15242544345785408
19,0.9594413152467318,-199.64184285745117,6,-0.09762520434116641,-0.14518972691136633,0.10913269859529899
19,0.9594413152467318,-199.64184285745117,7,-0.207264213318781,-0.19303707763403422,0.10642229737583822
19,0.9594413152467318,-199.64184285745117,8,-0.31115841665613425,-0.23955374850726158,0.11068694645461581
19,0.9594413152467318,-199.64184285745117,9,-0.3875473134255386,-0.2827616564455118,0.11154064848743322
19,0.9594413152467318,-199.64184285745117,10,-0.3550705446480721,-0.3228260026075233,0.12355024685232412
19,0.9594413152467318,-199.64184285745117,11,-0.32330796807976103,-0.3488436032053599,0.12490056597707777
19,0.9594413152467318,-199.64184285745117,12,-0.2969327338273632,-0.3299202646133643,0.12025555575549943
19,0.9594413152467318,-199.64184285745117,13,-0.2726261341683389,-0.309848866194654,0.10936491327838505
19,0.9594413152467318,-199.64184285745117,14,-0.25244198667921286,-0.2915490282468477,0.10347891472567264
19,0.9594413152467318,-199.64184285745117,15,-0.23613046170012508,-0.27564427107991113,0.1033946504327099
19,0.9594413152467318,-199.64184285745117,16,-0.22161559168857017,-0.2618264650991672,0.10109341626210248
19,0.9594413152467318,-199.64184285745117,17,-0.20983002452269167,-0.2500985343985042,0.09984398968389932
19,0.9594413152467318,-199.64184285745117,18,-0.20006101185128028,-0.24158215229481017,0.10044533858530683
19,0.9594413152467318,-199.64184285745117,19,-0.19228175514129717,-0.2352407408745768,0.09958922023268182
19,0.9594413152467318,-199.64184285745117,20,-0.18721898275232646,-0.2308163483000945,0.09927519575137966
19,0.9594413152467318,-199.64184285745117,21,-0.18436413435248156,-0.22881602165283524,0.09950985297545978
19,0.9594413152467318,-199.64184285745117,22,-0.18402445767495154,-0.22843217046001232,0.0995301408393314
19,0.9594413152467318,-199.64184285745117,23,-0.18397241025835406,-0.22836324637727523,0.09977299986117753
19,0.9594413152467318,-199.64184285745117,24,-0.18394786637091626,-0.22833037640911494,0.09988761380845182
19,0.9594413152467318,-199.64184285745117,25,-0.18393639023024033,-0.22831500571690266,0.09994170478832451
19,0.9594413152467318,-199.64184285745117,26,-0.18393102457563001,-0.22830781880752896,0.09996723026280023
19,0.9594413152467318,-199.64184285745117,27,-0.18392851625291107,-0.22830445835903806,0.0999792761087057
19,0.9594413152467318,-199.64184285745117,28,-0.18392734375785014,-0.2283028870510061,0.09998496082230816
19,0.9594413152467318,-199.64184285745117,29,-0.18392788305906083,-0.228303427674837,0.0999859790000068
19,0.9594413152467318,-199.64184285745117,30,-0.18392816199949283,-0.2283037484318245,0.0999864091946435
20,0.9594413152467318,-199.64184285745117,1,-0.009546261591643939,0.019365384103920805,0.23000431152822906
20,0.9594413152467318,-199.64184285745117,2,0.26823828517345927,0.036954047886347145,0.2098585930896177
20,0.9594413152467318,-199.64184285745117,3,0.2759659998325799,0.008234516482330024,0.19747889543794708
20,0.9594413152467318,-199.64184285745117,4,0.15056176299504245,-0.04326575959540951,0.18190740941102537
20,0.9594413152467318,-199.64184285745117,5,0.026030157684072647,-0.09440766847866107,0.15242544345785408
20,0.9594413152467318,-199.64184285745117,6,-0.09762520434116641,-0.14518972691136633,0.10913269859529899
20,0.9594413152467318,-199.64184285745117,7,-0.207264213318781,-0.19303707763403422,0.10642229737583822
20,0.9594413152467318,-199.64184285745117,8,-0.31115841665613425,-0.23955374850726158,0.11068694645461581
20,0.9594413152467318,-199.64184285745117,9,-0.3875473134255386,-0.2827616564455118,0.11154064848743322
20,0.9594413152467318,-199.64184285745117,10,-0.3550705446480721,-0.3228260026075233,0.12355024685232412
20,0.9594413152467318,-199.64184285745117,11,-0.32330796807976103,-0.3488436032053599,0.12490056597707777
20,0.9594413152467318,-199.64184285745117,12,-0.2969327338273632,-0.3299202646133643,0.12025555575549943
20,0.9594413152467318,-199.64184285745117,13,-0.2726261341683389,-0.309848866194654,0.10936491327838505
20,0.9594413152467318,-199.64184285745117,14,-0.25244198667921286,-0.2915490282468477,0.10347891472567264
20,0.9594413152467318,-199.64184285745117,15,-0.23613046170012508,-0.27564427107991113,0.1033946504327099
20,0.9594413152467318,-199.64184285745117,16,-0.22161559168857017,-0.2618264650991672,0.10109341626210248
20,0.9594413152467318,-199.64184285745117,17,-0.20983002452269167,-0.2500985343985042,0.09984398968389932
20,0.9594413152467318,-199.64184285745117,18,-0.20006101185128028,-0.24158215229481017,0.10044533858530683
20,0.9594413152467318,-199.64184285745117,19,-0.19228175514129717,-0.2352407408745768,0.09958922023268182
20,0.9594413152467318,-199.64184285745117,20,-0.18721898275232646,-0.2308163483000945,0.09927519575137966
20,0.9594413152467318,-199.64184285745117,21,-0.18436413435248156,-0.22881602165283524,0.09950985297545978
20,0.9594413152467318,-199.64184285745117,22,-0.18402445767495154,-0.22843217046001232,0.0995301408393314
20,0.9594413152467318,-199.64184285745117,23,-0.18397241025835406,-0.22836324637727523,0.09977299986117753
20,0.9594413152467318,-199.64184285745117,24,-0.18394786637091626,-0.22833037640911494,0.09988761380845182
20,0.9594413152467318,-199.64184285745117,25,-0.18393639023024033,-0.22831500571690266,0.09994170478832451
20,0.9594413152467318,-199.64184285745117,26,-0.18393102457563001,-0.22830781880752896,0.09996723026280023
20,0.9594413152467318,-199.64184285745117,27,-0.18392851625291107,-0.22830445835903806,0.0999792761087057
20,0.9594413152467318,-199.64184285745117,28,-0.18392734375785014,-0.2283028870510061,0.09998496082230816
20,0.9594413152467318,-199.64184285745117,29,-0.18392788305906083,-0.228303427674837,0.0999859790000068
20,0.9594413152467318,-199.64184285745117,30,-0.18392816199949283,-0.2283037484318245,0.0999864091946435
