particle,elasticity,weight,frame,x,y,z
1,0.998204602705764,88.6370211106479,1,-0.18430977923511296,-0.30948373321673395,0.40006037979697834
1,0.998204602705764,88.6370211106479,2,-0.3582134202592605,-0.3431871122303274,0.40931449970499645
1,0.998204602705764,88.6370211106479,3,-0.23348052205807812,-0.3385879622706795,0.3632354194337661
1,0.998204602705764,88.6370211106479,4,-0.10960581423363712,-0.3340204554965383,0.3034543455621437
1,0.998204602705764,88.6370211106479,5,0.013391661047902976,-0.32948529403043103,0.23007895449630553
1,0.998204602705764,88.6370211106479,6,0.13548831528697625,-0.32498334762723713,0.14322489975658112
1,0.998204602705764,88.6370211106479,7,0.25056984272327004,-0.30565396101225767,0.1696600291031315
1,0.998204602705764,88.6370211106479,8,0.34797150529330356,-0.2845760823219663,0.19159534297891762
1,0.998204602705764,88.6370211106479,9,0.3046772536566898,-0.23136548694462522,0.18772236417400712
1,0.998204602705764,88.6370211106479,10,0.25646968019861033,-0.17722486411853952,0.17035459259491373
1,0.998204602705764,88.6370211106479,11,0.20937953811885315,-0.12335500814158241,0.1426340468251893
1,0.998204602705764,88.6370211106479,12,0.15970234338609265,-0.07417373949169004,0.13052158454250018
1,0.998204602705764,88.6370211106479,13,0.10942536991672454,-0.028572586931355698,0.12338860640828035
1,0.998204602705764,88.6370211106479,14,0.06563426612013491,0.011899515993183151,0.13423098280954635
1,0.998204602705764,88.6370211106479,15,0.02201360281537902,0.052214096395338326,0.13099288253686592
1,0.998204602705764,88.6370211106479,16,-0.021298142337359112,0.09217479244190796,0.1146910619362263
1,0.998204602705764,88.6370211106479,17,-0.06178886196959591,0.12914772621402137,0.101587719023562
1,0.998204602705764,88.6370211106479,18,-0.09893558829706986,0.1605467295811324,0.10379320521226414
1,0.998204602705764,88.6370211106479,19,-0.13403904317318968,0.19081165735695504,0.10147447167787121
1,0.998204602705764,88.6370211106479,20,-0.16649622060397906,0.21941224277215052,0.09892080021935074
1,0.998204602705764,88.6370211106479,21,-0.19600681539672613,0.2448933207066316,0.10046441282849036
1,0.998204602705764,88.6370211106479,22,-0.22329813103089033,0.2689186086610571,0.09913907539580129
1,0.998204602705764,88.6370211106479,23,-0.24800024077251437,0.2906450983209659,0.09811650669727706
1,0.998204602705764,88.6370211106479,24,-0.2700735608279002,0.3099369755881282,0.09765480827897922
1,0.998204602705764,88.6370211106479,25,-0.28957589785392995,0.32665761414217986,0.09802533830521719
1,0.998204602705764,88.6370211106479,26,-0.3067890270720978,0.3411464719147056,0.09759314715499558
1,0.998204602705764,88.6370211106479,27,-0.3213816865112172,0.3532512461516452,0.0979217564003536
1,0.998204602705764,88.6370211106479,28,-0.3333040978666075,0.36319224354559665,0.09836189002390132
1,0.998204602705764,88.6370211106479,29,-0.34278604411189867,0.3709786554588095,0.09830973625128019
1,0.998204602705764,88.6370211106479,30,-0.3473123862515737,0.3697094034763051,0.09879488873857026
2,0.9995408618847048,92.63564310749605,1,-0.18430977923511296,-0.30948373321673395,0.40006037979697834
2,0.9995408618847048,92.63564310749605,2,-0.3581429117785612,-0.3431456850422577,0.4092901535198404
2,0.9995408618847048,92.63564310749605,3,-0.23320491911864102,-0.33849543692945766,0.3631486032286361
2,0.9995408618847048,92.63564310749605,4,-0.10912758886133098,-0.33387722305723,0.3033059337330339
2,0.9995408618847048,92.63564310749605,5,0.01407004788930946,-0.329291751771802,0.22986992935336054
2,0.9995408618847048,92.63564310749605,6,0.13636441262076177,-0.3247399006759828,0.14295634180253103
2,0.9995408618847048,92.63564310749605,7,0.2521305837810432,-0.3052224773796437,0.16850772957115395
2,0.9995408618847048,92.63564310749605,8,0.35006250610164175,-0.2837917980068173,0.18953459648856602
2,0.9995408618847048,92.63564310749605,9,0.3015081035284721,-0.22885566619738434,0.18725759426161925
2,0.9995408618847048,92.63564310749605,10,0.24913113322295197,-0.1733954793632644,0.17160733498131764
2,0.9995408618847048,92.63564310749605,11,0.1984008556764559,-0.11830259978287787,0.14762935805137373
2,0.9995408618847048,92.63564310749605,12,0.14672239857976138,-0.06750403058156901,0.13297959150822858
2,0.9995408618847048,92.63564310749605,13,0.09375323371360472,-0.0204936538453151,0.12134848486395788
2,0.9995408618847048,92.63564310749605,14,0.04850813571889126,0.02162835026403876,0.13117901483437258
2,0.9995408618847048,92.63564310749605,15,0.0034429258799394532,0.06358288320033641,0.1269327304300663
2,0.9995408618847048,92.63564310749605,16,-0.04104702277078299,0.10421417160631692,0.11356581221418939
2,0.9995408618847048,92.63564310749605,17,-0.0830291305498784,0.14235403857046267,0.10175197479380553
2,0.9995408618847048,92.63564310749605,18,-0.12150952355065553,0.17576967386440823,0.10171379602593547
2,0.9995408618847048,92.63564310749605,19,-0.15794205926583346,0.2071939105954125,0.10011508832259448
2,0.9995408618847048,92.63564310749605,20,-0.1913480661228975,0.23665900637066906,0.09940684900961087
2,0.9995408618847048,92.63564310749605,21,-0.22211114873575513,0.2642594813189068,0.0982291046181171
2,0.9995408618847048,92.63564310749605,22,-0.25059168950661537,0.2894887756378979,0.09714651954602536
2,0.9995408618847048,92.63564310749605,23,-0.2767226839021408,0.3121009303637937,0.09710786713114294
2,0.9995408618847048,92.63564310749605,24,-0.30059637677862727,0.33205918690472563,0.09753659101482175
2,0.9995408618847048,92.63564310749605,25,-0.3222603532550731,0.3498368859325364,0.09697958673244149
2,0.9995408618847048,92.63564310749605,26,-0.3414099243352691,0.3650508296957889,0.09738124020508657
2,0.9995408618847048,92.63564310749605,27,-0.35772871722887484,0.3721695201365847,0.09743371736379362
2,0.9995408618847048,92.63564310749605,28,-0.3712447827353353,0.37803740721417256,0.09824505688400371
2,0.9995408618847048,92.63564310749605,29,-0.3818606135036283,0.38291513395724747,0.09884202335381978
2,0.9995408618847048,92.63564310749605,30,-0.38900781160276743,0.3864482605424355,0.09891819981379107
3,0.9982121759307477,88.47032095185135,1,-0.18430977923511296,-0.30948373321673395,0.40006037979697834
3,0.9982121759307477,88.47032095185135,2,-0.3582130205777223,-0.34318687745777954,0.40931436176052854
3,0.9982121759307477,88.47032095185135,3,-0.23347895981537267,-0.3385874379516561,0.36323492751471664
3,0.9982121759307477,88.47032095185135,4,-0.10960310343195206,-0.33401964384455707,0.303453504620859
3,0.9982121759307477,88.47032095185135,5,0.013395506468744925,-0.32948419729436906,0.23007777009684532
3,0.9982121759307477,88.47032095185135,6,0.13549328144339756,-0.32498196810054725,0.14322337801958726
3,0.9982121759307477,88.47032095185135,7,0.2505787197536851,-0.30565149886373116,0.16965356059956668
3,0.9982121759307477,88.47032095185135,8,0.347983347569907,-0.2845715696664288,0.1915837539735958
3,0.9982121759307477,88.47032095185135,9,0.30468164502415235,-0.23135358372269596,0.18771343673730165
3,0.9982121759307477,88.47032095185135,10,0.25646698486154457,-0.17720590337405462,0.1703487504165941
3,0.9982121759307477,88.47032095185135,11,0.20937360744817288,-0.12333150586083275,0.1426464098756431
3,0.9982121759307477,88.47032095185135,12,0.15968931638538747,-0.07414401350598143,0.13053542797388334
3,0.9982121759307477,88.47032095185135,13,0.1094052154691834,-0.028536620182152115,0.12340639083675434
3,0.9982121759307477,88.47032095185135,14,0.06559961767039633,0.011941831361379772,0.13422882745564754
3,0.9982121759307477,88.47032095185135,15,0.021964539999900248,0.052262714212847956,0.13097086303229846
3,0.9982121759307477,88.47032095185135,16,-0.021361026712548577,0.09223153117157026,0.11464433042294539
3,0.9982121759307477,88.47032095185135,17,-0.06186106336786406,0.12920797772303236,0.1015402335388754
3,0.9982121759307477,88.47032095185135,18,-0.09894656660928758,0.16056354653506621,0.10410266272551358
3,0.9982121759307477,88.47032095185135,19,-0.13472308336214317,0.1906346118497596,0.10058086703345367
3,0.9982121759307477,88.47032095185135,20,-0.16811443212613578,0.21778985750396043,0.09949147081116355
3,0.9982121759307477,88.47032095185135,21,-0.19869369726767414,0.24319751918633178,0.09834173781081625
3,0.9982121759307477,88.47032095185135,22,-0.22695973129774807,0.26617248142202177,0.09733307799276494
3,0.9982121759307477,88.47032095185135,23,-0.25279395190751636,0.2864800609724184,0.0970138787371877
3,0.9982121759307477,88.47032095185135,24,-0.2761442566699768,0.30430203107984793,0.09710201804590929
3,0.9982121759307477,88.47032095185135,25,-0.29688949426225875,0.31967198617969367,0.09771124758123433
3,0.9982121759307477,88.47032095185135,26,-0.3151715075814112,0.3329356862533221,0.09781052605430196
3,0.9982121759307477,88.47032095185135,27,-0.33058978296041847,0.3441309071364614,0.09835672082196273
3,0.9982121759307477,88.47032095185135,28,-0.3433124169823307,0.3534643105889368,0.09846618931166484
3,0.9982121759307477,88.47032095185135,29,-0.35334343687078923,0.36080569508951077,0.0986274553317761
3,0.9982121759307477,88.47032095185135,30,-0.3606853395593983,0.36631677590930944,0.09843699763403549
4,0.9995408618847048,92.63564313716734,1,-0.18430977923511296,-0.30948373321673395,0.40006037979697834
4,0.9995408618847048,92.63564313716734,2,-0.3581429117785612,-0.3431456850422577,0.4092901535198404
4,0.9995408618847048,92.63564313716734,3,-0.23320491911864102,-0.33849543692945766,0.3631486032286361
4,0.9995408618847048,92.63564313716734,4,-0.10912758886133098,-0.33387722305723,0.3033059337330339
4,0.9995408618847048,92.63564313716734,5,0.01407004788930946,-0.329291751771802,0.22986992935336054
4,0.9995408618847048,92.63564313716734,6,0.13636441262076177,-0.3247399006759828,0.14295634180253103
4,0.9995408618847048,92.63564313716734,7,0.2521305837810432,-0.3052224773796437,0.16850772957115395
4,0.9995408618847048,92.63564313716734,8,0.35006250610164175,-0.2837917980068173,0.18953459648856602
4,0.9995408618847048,92.63564313716734,9,0.3015081035284721,-0.22885566619738434,0.18725759426161925
4,0.9995408618847048,92.63564313716734,10,0.24913113322295197,-0.1733954793632644,0.17160733498131764
4,0.9995408618847048,92.63564313716734,11,0.1984008556764559,-0.11830259978287787,0.14762935805137373
4,0.9995408618847048,92.63564313716734,12,0.14672239857976138,-0.06750403058156901,0.13297959150822858
4,0.9995408618847048,92.63564313716734,13,0.0937532337130485,-0.02049365385026919,0.12134848488075489
4,0.9995408618847048,92.63564313716734,14,0.04850813570745533,0.021628350263245312,0.13117901480654148
4,0.9995408618847048,92.63564313716734,15,0.003442925857681793,0.06358288320367336,0.12693273035778435
4,0.9995408618847048,92.63564313716734,16,-0.04104702282049964,0.10421417157377497,0.11356581222669072
4,0.9995408618847048,92.63564313716734,17,-0.08302913068900272,0.14235403840768357,0.10175197505828323
4,0.9995408618847048,92.63564313716734,18,-0.12150952378717488,0.1757696736682238,0.1017137962531544
4,0.9995408618847048,92.63564313716734,19,-0.15794205958712657,0.20719391045309773,0.10011508828348664
4,0.9995408618847048,92.63564313716734,20,-0.19134806648322789,0.2366590062406925,0.09940684901442484
4,0.9995408618847048,92.63564313716734,21,-0.22211114914066926,0.26425948121256443,0.0982291046213206
4,0.9995408618847048,92.63564313716734,22,-0.25059168995708375,0.2894887755557779,0.09714651954736749
4,0.9995408618847048,92.63564313716734,23,-0.27672268439786,0.3121009303052574,0.09710786713168246
4,0.9995408618847048,92.63564313716734,24,-0.3005963773186451,0.3320591868685213,0.09753659101434185
4,0.9995408618847048,92.63564313716734,25,-0.322260353840212,0.34983688591530443,0.09697958673206822
4,0.9995408618847048,92.63564313716734,26,-0.3414099249636438,0.3650508296961062,0.09738124020502353
4,0.9995408618847048,92.63564313716734,27,-0.3577287180063329,0.37216952059820635,0.0974337174479081
4,0.9995408618847048,92.63564313716734,28,-0.3712447838106505,0.3780374079944188,0.09824505692153691
4,0.9995408618847048,92.63564313716734,29,-0.3818606148614833,0.3829151349312813,0.09884202337124415
4,0.9995408618847048,92.63564313716734,30,-0.3890078131393179,0.3864482616687139,0.09891819982128204
5,0.9995728011685839,92.69814630504214,1,-0.18430977923511296,-0.30948373321673395,0.40006037979697834
5,0.9995728011685839,92.69814630504214,2,-0.35814122681417054,-0.34314469478262943,0.40928957143595385
5,0.9995728011685839,92.69814630504214,3,-0.23319833281842037,-0.33849322509795593,0.3631465276681855
5,0.9995728011685839,92.69814630504214,4,-0.10911616034628527,-0.33387379901293046,0.3033023856100736
5,0.9995728011685839,92.69814630504214,5,0.014086259764012,-0.32928712502216356,0.22986493216082335
5,0.9995728011685839,92.69814630504214,6,0.13638534924021053,-0.32473408091562117,0.14294992138001245
5,0.9995728011685839,92.69814630504214,7,0.2521677504747058,-0.30521223670307013,0.1684799193293097
5,0.9995728011685839,92.69814630504214,8,0.3501125332207537,-0.28377335462686293,0.18948494800403684
5,0.9995728011685839,92.69814630504214,9,0.301525054765216,-0.22880908707889275,0.1872226358989868
5,0.9995728011685839,92.69814630504214,10,0.2491138446081185,-0.17332170674430483,0.17158841568250954
5,0.9995728011685839,92.69814630504214,11,0.19837558689206383,-0.1181948233782286,0.14772809162416708
5,0.9995728011685839,92.69814630504214,12,0.14669319130241998,-0.06733191484262556,0.13305418917465173
5,0.9995728011685839,92.69814630504214,13,0.09373565370650631,-0.020245377520132928,0.12135219602317686
5,0.9995728011685839,92.69814630504214,14,0.04849232984196187,0.021959294280134066,0.13106304079516068
5,0.9995728011685839,92.69814630504214,15,0.003428973448832833,0.06399608566364498,0.1266975429700652
5,0.9995728011685839,92.69814630504214,16,-0.041092165618451956,0.10463789190267411,0.11343275063960526
5,0.9995728011685839,92.69814630504214,17,-0.08314459710044854,0.14266779254106396,0.10203468404966044
5,0.9995728011685839,92.69814630504214,18,-0.11926720140968786,0.1768532995533649,0.10757863224925032
5,0.9995728011685839,92.69814630504214,19,-0.15391691336649233,0.20995144265869614,0.10678938795365005
5,0.9995728011685839,92.69814630504214,20,-0.1875730050737188,0.24178100981023898,0.0990793187108672
5,0.9995728011685839,92.69814630504214,21,-0.21580879276193102,0.27095430364503975,0.10153647879004406
5,0.9995728011685839,92.69814630504214,22,-0.24222929452815817,0.29866210688519546,0.09968180228385025
5,0.9995728011685839,92.69814630504214,23,-0.26625314284435236,0.323679521615307,0.0991802563506449
5,0.9995728011685839,92.69814630504214,24,-0.28854328542077795,0.3458517242969409,0.09827527355205072
5,0.9995728011685839,92.69814630504214,25,-0.30853858870027145,0.36542315725842356,0.0977624490705049
5,0.9995728011685839,92.69814630504214,26,-0.32626942557108385,0.3813747239505474,0.09839745840844993
5,0.9995728011685839,92.69814630504214,27,-0.3417474800882182,0.3888600023485127,0.09902495606616434
5,0.9995728011685839,92.69814630504214,28,-0.3512628931554292,0.3833740869933785,0.09898179116990234
5,0.9995728011685839,92.69814630504214,29,-0.357962637297774,0.3794312523809878,0.09881104370089709
5,0.9995728011685839,92.69814630504214,30,-0.3618864036088364,0.37747911910171034,0.09904467262453534
6,0.9982121759307477,88.47032120138007,1,-0.18430977923511296,-0.30948373321673395,0.40006037979697834
6,0.9982121759307477,88.47032120138007,2,-0.3582130205777223,-0.34318687745777954,0.40931436176052854
6,0.9982121759307477,88.47032120138007,3,-0.23347895981537267,-0.3385874379516561,0.36323492751471664
6,0.9982121759307477,88.47032120138007,4,-0.10960310343195206,-0.33401964384455707,0.303453504620859
6,0.9982121759307477,88.47032120138007,5,0.013395506468744925,-0.32948419729436906,0.23007777009684532
6,0.9982121759307477,88.47032120138007,6,0.13549328144339756,-0.32498196810054725,0.14322337801958726
6,0.9982121759307477,88.47032120138007,7,0.2505787197536851,-0.30565149886373116,0.16965356059956668
6,0.9982121759307477,88.47032120138007,8,0.347983347569907,-0.2845715696664288,0.1915837539735958
6,0.9982121759307477,88.47032120138007,9,0.30468164502415235,-0.23135358372269596,0.18771343673730165
6,0.9982121759307477,88.47032120138007,10,0.25646698486154457,-0.17720590337405462,0.1703487504165941
6,0.9982121759307477,88.47032120138007,11,0.20937360744817288,-0.12333150586083275,0.1426464098756431
6,0.9982121759307477,88.47032120138007,12,0.15968931638538747,-0.07414401350598143,0.13053542797388334
6,0.9982121759307477,88.47032120138007,13,0.10940521507394803,-0.028536620395058315,0.12340639054931012
6,0.9982121759307477,88.47032120138007,14,0.0655996168008093,0.011941830903690501,0.13422882677498293
6,0.9982121759307477,88.47032120138007,15,0.021964538658071454,0.05226271351108506,0.13097086195992533
6,0.9982121759307477,88.47032120138007,16,-0.02136102851150463,0.09223153034238235,0.11464432861264302
6,0.9982121759307477,88.47032120138007,17,-0.06186106537861391,0.12920797615141544,0.10154023386425733
6,0.9982121759307477,88.47032120138007,18,-0.09894656877502295,0.1605635443973136,0.1041026652758399
6,0.9982121759307477,88.47032120138007,19,-0.13472308634160832,0.190634609274303,0.10058086850436727
6,0.9982121759307477,88.47032120138007,20,-0.16811443629716824,0.2177898548031027,0.09949146859012503
6,0.9982121759307477,88.47032120138007,21,-0.19869370169666836,0.24319751552327068,0.09834173774766355
6,0.9982121759307477,88.47032120138007,22,-0.22695973644947456,0.26617247698005136,0.09733307796866124
6,0.9982121759307477,88.47032120138007,23,-0.25279395774504115,0.2864800557468622,0.09701387874406202
6,0.9982121759307477,88.47032120138007,24,-0.27614426308809514,0.30430202520142935,0.09710201800831506
6,0.9982121759307477,88.47032120138007,25,-0.29688950109129625,0.31967197994130764,0.09771124754444381
6,0.9982121759307477,88.47032120138007,26,-0.31517151486861067,0.33293567979057126,0.09781052602310786
6,0.9982121759307477,88.47032120138007,27,-0.3305897905515661,0.3441309008600816,0.09835672079568092
6,0.9982121759307477,88.47032120138007,28,-0.34331242480212965,0.3534643047358591,0.09846618927184225
6,0.9982121759307477,88.47032120138007,29,-0.3533434449605165,0.360805689654139,0.09862745530388209
6,0.9982121759307477,88.47032120138007,30,-0.3606853479247058,0.3663167709404465,0.09843699759492792
7,0.9982121759307477,88.47032120138012,1,-0.18430977923511296,-0.30948373321673395,0.40006037979697834
7,0.9982121759307477,88.47032120138012,2,-0.3582130205777223,-0.34318687745777954,0.40931436176052854
7,0.9982121759307477,88.47032120138012,3,-0.23347895981537267,-0.3385874379516561,0.36323492751471664
7,0.9982121759307477,88.47032120138012,4,-0.10960310343195206,-0.33401964384455707,0.303453504620859
7,0.9982121759307477,88.47032120138012,5,0.013395506468744925,-0.32948419729436906,0.23007777009684532
7,0.9982121759307477,88.47032120138012,6,0.13549328144339756,-0.32498196810054725,0.14322337801958726
7,0.9982121759307477,88.47032120138012,7,0.2505787197536851,-0.30565149886373116,0.16965356059956668
7,0.9982121759307477,88.47032120138012,8,0.347983347569907,-0.2845715696664288,0.1915837539735958
7,0.9982121759307477,88.47032120138012,9,0.30468164502415235,-0.23135358372269596,0.18771343673730165
7,0.9982121759307477,88.47032120138012,10,0.25646698486154457,-0.17720590337405462,0.1703487504165941
7,0.9982121759307477,88.47032120138012,11,0.20937360744817288,-0.12333150586083275,0.1426464098756431
7,0.9982121759307477,88.47032120138012,12,0.15968931638538747,-0.07414401350598143,0.13053542797388334
7,0.9982121759307477,88.47032120138012,13,0.10940521507394803,-0.028536620395058315,0.12340639054931012
7,0.9982121759307477,88.47032120138012,14,0.0655996168008093,0.011941830903690501,0.13422882677498293
7,0.9982121759307477,88.47032120138012,15,0.021964538658071454,0.05226271351108506,0.13097086195992533
7,0.9982121759307477,88.47032120138012,16,-0.02136102851150463,0.09223153034238235,0.11464432861264302
7,0.9982121759307477,88.47032120138012,17,-0.06186106537861391,0.12920797615141544,0.10154023386425733
7,0.9982121759307477,88.47032120138012,18,-0.09894656877502295,0.1605635443973136,0.1041026652758399
7,0.9982121759307477,88.47032120138012,19,-0.13472308634160832,0.190634609274303,0.10058086850436727
7,0.9982121759307477,88.47032120138012,20,-0.16811443629716824,0.2177898548031027,0.09949146859012503
7,0.9982121759307477,88.47032120138012,21,-0.19869370169666836,0.24319751552327068,0.09834173774766355
7,0.9982121759307477,88.47032120138012,22,-0.22695973644947456,0.26617247698005136,0.09733307796866124
7,0.9982121759307477,88.47032120138012,23,-0.25279395774504115,0.2864800557468622,0.09701387874406202
7,0.9982121759307477,88.47032120138012,24,-0.27614426308809514,0.30430202520142935,0.09710201800831506
7,0.9982121759307477,88.47032120138012,25,-0.29688950109129625,0.31967197994130764,0.09771124754444381
7,0.9982121759307477,88.47032120138012,26,-0.31517151486861067,0.33293567979057126,0.09781052602310786
7,0.9982121759307477,88.47032120138012,27,-0.3305897905515661,0.3441309008600816,0.09835672079568092
7,0.9982121759307477,88.47032120138012,28,-0.34331242480212965,0.3534643047358591,0.09846618927184225
7,0.9982121759307477,88.47032120138012,29,-0.3533434449605165,0.360805689654139,0.09862745530388209
7,0.9982121759307477,88.47032120138012,30,-0.3606853479247058,0.3663167709404465,0.09843699759492792
8,0.9995408618847048,92.63564313716734,1,-0.18430977923511296,-0.30948373321673395,0.40006037979697834
8,0.9995408618847048,92.63564313716734,2,-0.3581429117785612,-0.3431456850422577,0.4092901535198404
8,0.9995408618847048,92.63564313716734,3,-0.23320491911864102,-0.33849543692945766,0.3631486032286361
8,0.9995408618847048,92.63564313716734,4,-0.10912758886133098,-0.33387722305723,0.3033059337330339
8,0.9995408618847048,92.63564313716734,5,0.01407004788930946,-0.329291751771802,0.22986992935336054
8,0.9995408618847048,92.63564313716734,6,0.13636441262076177,-0.3247399006759828,0.14295634180253103
8,0.9995408618847048,92.63564313716734,7,0.2521305837810432,-0.3052224773796437,0.16850772957115395
8,0.9995408618847048,92.63564313716734,8,0.35006250610164175,-0.2837917980068173,0.18953459648856602
8,0.9995408618847048,92.63564313716734,9,0.3015081035284721,-0.22885566619738434,0.18725759426161925
8,0.9995408618847048,92.63564313716734,10,0.24913113322295197,-0.1733954793632644,0.17160733498131764
8,0.9995408618847048,92.63564313716734,11,0.1984008556764559,-0.11830259978287787,0.14762935805137373
8,0.9995408618847048,92.63564313716734,12,0.14672239857976138,-0.06750403058156901,0.13297959150822858
8,0.9995408618847048,92.63564313716734,13,0.0937532337130485,-0.02049365385026919,0.12134848488075489
8,0.9995408618847048,92.63564313716734,14,0.04850813570745533,0.021628350263245312,0.13117901480654148
8,0.9995408618847048,92.63564313716734,15,0.003442925857681793,0.06358288320367336,0.12693273035778435
8,0.9995408618847048,92.63564313716734,16,-0.04104702282049964,0.10421417157377497,0.11356581222669072
8,0.9995408618847048,92.63564313716734,17,-0.08302913068900272,0.14235403840768357,0.10175197505828323
8,0.9995408618847048,92.63564313716734,18,-0.12150952378717488,0.1757696736682238,0.1017137962531544
8,0.9995408618847048,92.63564313716734,19,-0.15794205958712657,0.20719391045309773,0.10011508828348664
8,0.9995408618847048,92.63564313716734,20,-0.19134806648322789,0.2366590062406925,0.09940684901442484
8,0.9995408618847048,92.63564313716734,21,-0.22211114914066926,0.26425948121256443,0.0982291046213206
8,0.9995408618847048,92.63564313716734,22,-0.25059168995708375,0.2894887755557779,0.09714651954736749
8,0.9995408618847048,92.63564313716734,23,-0.27672268439786,0.3121009303052574,0.09710786713168246
8,0.9995408618847048,92.63564313716734,24,-0.3005963773186451,0.3320591868685213,0.09753659101434185
8,0.9995408618847048,92.63564313716734,25,-0.322260353840212,0.34983688591530443,0.09697958673206822
8,0.9995408618847048,92.63564313716734,26,-0.3414099249636438,0.3650508296961062,0.09738124020502353
8,0.9995408618847048,92.63564313716734,27,-0.3577287180063329,0.37216952059820635,0.0974337174479081
8,0.9995408618847048,92.63564313716734,28,-0.3712447838106505,0.3780374079944188,0.09824505692153691
8,0.9995408618847048,92.63564313716734,29,-0.3818606148614833,0.3829151349312813,0.09884202337124415
8,0.9995408618847048,92.63564313716734,30,-0.3890078131393179,0.3864482616687139,0.09891819982128204
9,0.9982121759307477,88.47032120138007,1,-0.18430977923511296,-0.30948373321673395,0.40006037979697834
9,0.9982121759307477,88.47032120138007,2,-0.3582130205777223,-0.34318687745777954,0.40931436176052854
9,0.9982121759307477,88.47032120138007,3,-0.23347895981537267,-0.3385874379516561,0.36323492751471664
9,0.9982121759307477,88.47032120138007,4,-0.10960310343195206,-0.33401964384455707,0.303453504620859
9,0.9982121759307477,88.47032120138007,5,0.013395506468744925,-0.32948419729436906,0.23007777009684532
9,0.9982121759307477,88.47032120138007,6,0.13549328144339756,-0.32498196810054725,0.14322337801958726
9,0.9982121759307477,88.47032120138007,7,0.2505787197536851,-0.30565149886373116,0.16965356059956668
9,0.9982121759307477,88.47032120138007,8,0.347983347569907,-0.2845715696664288,0.1915837539735958
9,0.9982121759307477,88.47032120138007,9,0.30468164502415235,-0.23135358372269596,0.18771343673730165
9,0.9982121759307477,88.47032120138007,10,0.25646698486154457,-0.17720590337405462,0.1703487504165941
9,0.9982121759307477,88.47032120138007,11,0.20937360744817288,-0.12333150586083275,0.1426464098756431
9,0.9982121759307477,88.47032120138007,12,0.15968931638538747,-0.07414401350598143,0.13053542797388334
9,0.9982121759307477,88.47032120138007,13,0.10940521507394803,-0.028536620395058315,0.12340639054931012
9,0.9982121759307477,88.47032120138007,14,0.0655996168008093,0.011941830903690501,0.13422882677498293
9,0.9982121759307477,88.47032120138007,15,0.021964538658071454,0.05226271351108506,0.13097086195992533
9,0.9982121759307477,88.47032120138007,16,-0.02136102851150463,0.09223153034238235,0.11464432861264302
9,0.9982121759307477,88.47032120138007,17,-0.06186106537861391,0.12920797615141544,0.10154023386425733
9,0.9982121759307477,88.47032120138007,18,-0.09894656877502295,0.1605635443973136,0.1041026652758399
9,0.9982121759307477,88.47032120138007,19,-0.13472308634160832,0.190634609274303,0.10058086850436727
9,0.9982121759307477,88.47032120138007,20,-0.16811443629716824,0.2177898548031027,0.09949146859012503
9,0.9982121759307477,88.47032120138007,21,-0.19869370169666836,0.24319751552327068,0.09834173774766355
9,0.9982121759307477,88.47032120138007,22,-0.22695973644947456,0.26617247698005136,0.09733307796866124
9,0.9982121759307477,88.47032120138007,23,-0.25279395774504115,0.2864800557468622,0.09701387874406202
9,0.9982121759307477,88.47032120138007,24,-0.27614426308809514,0.30430202520142935,0.09710201800831506
9,0.9982121759307477,88.47032120138007,25,-0.29688950109129625,0.31967197994130764,0.09771124754444381
9,0.9982121759307477,88.47032120138007,26,-0.31517151486861067,0.33293567979057126,0.09781052602310786
9,0.9982121759307477,88.47032120138007,27,-0.3305897905515661,0.3441309008600816,0.09835672079568092
9,0.9982121759307477,88.47032120138007,28,-0.34331242480212965,0.3534643047358591,0.09846618927184225
9,0.9982121759307477,88.47032120138007,29,-0.3533434449605165,0.360805689654139,0.09862745530388209
9,0.9982121759307477,88.47032120138007,30,-0.3606853479247058,0.3663167709404465,0.09843699759492792
10,0.9995408618847048,92.63564313716734,1,-0.18430977923511296,-0.30948373321673395,0.40006037979697834
10,0.9995408618847048,92.63564313716734,2,-0.3581429117785612,-0.3431456850422577,0.4092901535198404
10,0.9995408618847048,92.63564313716734,3,-0.23320491911864102,-0.33849543692945766,0.3631486032286361
10,0.9995408618847048,92.63564313716734,4,-0.10912758886133098,-0.33387722305723,0.3033059337330339
10,0.9995408618847048,92.63564313716734,5,0.01407004788930946,-0.329291751771802,0.22986992935336054
10,0.9995408618847048,92.63564313716734,6,0.13636441262076177,-0.3247399006759828,0.14295634180253103
10,0.9995408618847048,92.63564313716734,7,0.2521305837810432,-0.3052224773796437,0.16850772957115395
10,0.9995408618847048,92.63564313716734,8,0.35006250610164175,-0.2837917980068173,0.18953459648856602
10,0.9995408618847048,92.63564313716734,9,0.3015081035284721,-0.22885566619738434,0.18725759426161925
10,0.9995408618847048,92.63564313716734,10,0.24913113322295197,-0.1733954793632644,0.17160733498131764
10,0.9995408618847048,92.63564313716734,11,0.1984008556764559,-0.11830259978287787,0.14762935805137373
10,0.9995408618847048,92.63564313716734,12,0.14672239857976138,-0.06750403058156901,0.13297959150822858
10,0.9995408618847048,92.63564313716734,13,0.0937532337130485,-0.02049365385026919,0.12134848488075489
10,0.9995408618847048,92.63564313716734,14,0.04850813570745533,0.021628350263245312,0.13117901480654148
10,0.9995408618847048,92.63564313716734,15,0.003442925857681793,0.06358288320367336,0.12693273035778435
10,0.9995408618847048,92.63564313716734,16,-0.04104702282049964,0.10421417157377497,0.11356581222669072
10,0.9995408618847048,92.63564313716734,17,-0.08302913068900272,0.14235403840768357,0.10175197505828323
10,0.9995408618847048,92.63564313716734,18,-0.12150952378717488,0.1757696736682238,0.1017137962531544
10,0.9995408618847048,92.63564313716734,19,-0.15794205958712657,0.20719391045309773,0.10011508828348664
10,0.9995408618847048,92.63564313716734,20,-0.19134806648322789,0.2366590062406925,0.09940684901442484
10,0.9995408618847048,92.63564313716734,21,-0.22211114914066926,0.26425948121256443,0.0982291046213206
10,0.9995408618847048,92.63564313716734,22,-0.25059168995708375,0.2894887755557779,0.09714651954736749
10,0.9995408618847048,92.63564313716734,23,-0.27672268439786,0.3121009303052574,0.09710786713168246
10,0.9995408618847048,92.63564313716734,24,-0.3005963773186451,0.3320591868685213,0.09753659101434185
10,0.9995408618847048,92.63564313716734,25,-0.322260353840212,0.34983688591530443,0.09697958673206822
10,0.9995408618847048,92.63564313716734,26,-0.3414099249636438,0.3650508296961062,0.09738124020502353
10,0.9995408618847048,92.63564313716734,27,-0.3577287180063329,0.37216952059820635,0.0974337174479081
10,0.9995408618847048,92.63564313716734,28,-0.3712447838106505,0.3780374079944188,0.09824505692153691
10,0.9995408618847048,92.63564313716734,29,-0.3818606148614833,0.3829151349312813,0.09884202337124415
10,0.9995408618847048,92.63564313716734,30,-0.3890078131393179,0.3864482616687139,0.09891819982128204
11,0.9995408618847048,92.63580849892423,1,-0.18430977923511296,-0.30948373321673395,0.40006037979697834
11,0.9995408618847048,92.63580849892423,2,-0.3581429117785612,-0.3431456850422577,0.4092901535198404
11,0.9995408618847048,92.63580849892423,3,-0.23320491911864102,-0.33849543692945766,0.3631486032286361
11,0.9995408618847048,92.63580849892423,4,-0.10912758886133098,-0.33387722305723,0.3033059337330339
11,0.9995408618847048,92.63580849892423,5,0.01407004788930946,-0.329291751771802,0.22986992935336054
11,0.9995408618847048,92.63580849892423,6,0.13636441262076177,-0.3247399006759828,0.14295634180253103
11,0.9995408618847048,92.63580849892423,7,0.2521305837810432,-0.3052224773796437,0.16850772957115395
11,0.9995408618847048,92.63580849892423,8,0.35006250610164175,-0.2837917980068173,0.18953459648856602
11,0.9995408618847048,92.63580849892423,9,0.3015081035284721,-0.22885566619738434,0.18725759426161925
11,0.9995408618847048,92.63580849892423,10,0.24913113322295197,-0.1733954793632644,0.17160733498131764
11,0.9995408618847048,92.63580849892423,11,0.1984008556764559,-0.11830259978287787,0.14762935805137373
11,0.9995408618847048,92.63580849892423,12,0.14672239857976138,-0.06750403058156901,0.13297959150822858
11,0.9995408618847048,92.63580849892423,13,0.09375323872127933,-0.020493658625278417,0.12134851255791795
11,0.9995408618847048,92.63580849892423,14,0.04850820368282193,0.021628317487998584,0.13117932184183942
11,0.9995408618847048,92.63580849892423,15,0.003443056461999647,0.06358282262128728,0.12693331564162386
11,0.9995408618847048,92.63580849892423,16,-0.04104690567942483,0.10421386628854164,0.1135673964657982
11,0.9995408618847048,92.63580849892423,17,-0.08302956529366898,0.14235301821925267,0.1017545795999229
11,0.9995408618847048,92.63580849892423,18,-0.1215105223392727,0.17576883294035972,0.1017147807441207
11,0.9995408618847048,92.63580849892423,19,-0.1579434462431276,0.20719330628747373,0.10011507158653704
11,0.9995408618847048,92.63580849892423,20,-0.19134952006464964,0.23665858339972345,0.09940704821933709
11,0.9995408618847048,92.63580849892423,21,-0.22211271550833983,0.26425931307710543,0.09822919276700082
11,0.9995408618847048,92.63580849892423,22,-0.2505933816369178,0.2894888448751093,0.097146556175911
11,0.9995408618847048,92.63580849892423,23,-0.27672450853260894,0.3121012202893441,0.09710788321550963
11,0.9995408618847048,92.63580849892423,24,-0.3005983380824843,0.3320596796395415,0.09753659462035735
11,0.9995408618847048,92.63580849892423,25,-0.32226246634761513,0.34983755163104624,0.09697958694777895
11,0.9995408618847048,92.63580849892423,26,-0.34141218900697884,0.36505164938373297,0.09738124049671258
11,0.9995408618847048,92.63580849892423,27,-0.35773166332748313,0.37217274095232517,0.09743411839154263
11,0.9995408618847048,92.63580849892423,28,-0.37124913115135477,0.37804233424976713,0.09824523588879987
11,0.9995408618847048,92.63580849892423,29,-0.38186629964863184,0.38292113641797637,0.09884210651630009
11,0.9995408618847048,92.63580849892423,30,-0.3890146178297133,0.3864551275129829,0.09891823539270066
12,0.9982121759307477,88.47032120138007,1,-0.18430977923511296,-0.30948373321673395,0.40006037979697834
12,0.9982121759307477,88.47032120138007,2,-0.3582130205777223,-0.34318687745777954,0.40931436176052854
12,0.9982121759307477,88.47032120138007,3,-0.23347895981537267,-0.3385874379516561,0.36323492751471664
12,0.9982121759307477,88.47032120138007,4,-0.10960310343195206,-0.33401964384455707,0.303453504620859
12,0.9982121759307477,88.47032120138007,5,0.013395506468744925,-0.32948419729436906,0.23007777009684532
12,0.9982121759307477,88.47032120138007,6,0.13549328144339756,-0.32498196810054725,0.14322337801958726
12,0.9982121759307477,88.47032120138007,7,0.2505787197536851,-0.30565149886373116,0.16965356059956668
12,0.9982121759307477,88.47032120138007,8,0.347983347569907,-0.2845715696664288,0.1915837539735958
12,0.9982121759307477,88.47032120138007,9,0.30468164502415235,-0.23135358372269596,0.18771343673730165
12,0.9982121759307477,88.47032120138007,10,0.25646698486154457,-0.17720590337405462,0.1703487504165941
12,0.9982121759307477,88.47032120138007,11,0.20937360744817288,-0.12333150586083275,0.1426464098756431
12,0.9982121759307477,88.47032120138007,12,0.15968931638538747,-0.07414401350598143,0.13053542797388334
12,0.9982121759307477,88.47032120138007,13,0.10940521507394803,-0.028536620395058315,0.12340639054931012
12,0.9982121759307477,88.47032120138007,14,0.0655996168008093,0.011941830903690501,0.13422882677498293
12,0.9982121759307477,88.47032120138007,15,0.021964538658071454,0.05226271351108506,0.13097086195992533
12,0.9982121759307477,88.47032120138007,16,-0.02136102851150463,0.09223153034238235,0.11464432861264302
12,0.9982121759307477,88.47032120138007,17,-0.06186106537861391,0.12920797615141544,0.10154023386425733
12,0.9982121759307477,88.47032120138007,18,-0.09894656877502295,0.1605635443973136,0.1041026652758399
12,0.9982121759307477,88.47032120138007,19,-0.13472308634160832,0.190634609274303,0.10058086850436727
12,0.9982121759307477,88.47032120138007,20,-0.16811443629716824,0.2177898548031027,0.09949146859012503
12,0.9982121759307477,88.47032120138007,21,-0.19869370169666836,0.24319751552327068,0.09834173774766355
12,0.9982121759307477,88.47032120138007,22,-0.22695973644947456,0.26617247698005136,0.09733307796866124
12,0.9982121759307477,88.47032120138007,23,-0.25279395774504115,0.2864800557468622,0.09701387874406202
12,0.9982121759307477,88.47032120138007,24,-0.27614426308809514,0.30430202520142935,0.09710201800831506
12,0.9982121759307477,88.47032120138007,25,-0.29688950109129625,0.31967197994130764,0.09771124754444381
12,0.9982121759307477,88.47032120138007,26,-0.31517151486861067,0.33293567979057126,0.09781052602310786
12,0.9982121759307477,88.47032120138007,27,-0.3305897905515661,0.3441309008600816,0.09835672079568092
12,0.9982121759307477,88.47032120138007,28,-0.34331242480212965,0.3534643047358591,0.09846618927184225
12,0.9982121759307477,88.47032120138007,29,-0.3533434449605165,0.360805689654139,0.09862745530388209
12,0.9982121759307477,88.47032120138007,30,-0.3606853479247058,0.3663167709404465,0.09843699759492792
13,0.9995833297650925,92.86499740456293,1,-0.18430977923511296,-0.30948373321673395,0.40006037979697834
13,0.9995833297650925,92.86499740456293,2,-0.3581406713789803,-0.3431443683487047,0.40928937955378725
13,0.9995833297650925,92.86499740456293,3,-0.23319616169533527,-0.3384924959777864,0.36314584346703604
13,0.9995833297650925,92.86499740456293,4,-0.10911239302454971,-0.33387267029180345,0.30330121598428156
13,0.9995833297650925,92.86499740456293,5,0.014091603882799788,-0.3292855998342767,0.22986328485483598
13,0.9995833297650925,92.86499740456293,6,0.1363922508336676,-0.3247321624568627,0.14294780491183698
13,0.9995833297650925,92.86499740456293,7,0.2521800008310133,-0.3052088616679984,0.16847074912487178
13,0.9995833297650925,92.86499740456293,8,0.35012902485135344,-0.28376727803303664,0.18946857762664418
13,0.9995833297650925,92.86499740456293,9,0.30153068315180415,-0.22879374823666118,0.18721110858988926
13,0.9995833297650925,92.86499740456293,10,0.24910822828449625,-0.17329741521978057,0.17158217324417793
13,0.9995833297650925,92.86499740456293,11,0.19836784295168475,-0.11815794768830291,0.14776213338189512
13,0.9995833297650925,92.86499740456293,12,0.14668612819721327,-0.06727002130636846,0.13307793271392207
13,0.9995833297650925,92.86499740456293,13,0.09373522269311813,-0.020153747974840104,0.12134618668162826
13,0.9995833297650925,92.86499740456293,14,0.048497059225893174,0.022082969180295602,0.13101691984904149
13,0.9995833297650925,92.86499740456293,15,0.003438871094850084,0.06415165194175568,0.12661146867490455
13,0.9995833297650925,92.86499740456293,16,-0.04109677611324325,0.10479622898695043,0.11339565611048996
13,0.9995833297650925,92.86499740456293,17,-0.08310964849404356,0.14306326687364734,0.10183485763544581
13,0.9995833297650925,92.86499740456293,18,-0.12163713428875532,0.17561928752558106,0.10525138025406369
13,0.9995833297650925,92.86499740456293,19,-0.15886592306913544,0.20645904582442345,0.10331742173836268
13,0.9995833297650925,92.86499740456293,20,-0.1936917661393511,0.23532587524153933,0.10025824828884003
13,0.9995833297650925,92.86499740456293,21,-0.22509462590858,0.261581478276874,0.1011278232145046
13,0.9995833297650925,92.86499740456293,22,-0.2541289348018871,0.28630139963628654,0.09989716542649749
13,0.9995833297650925,92.86499740456293,23,-0.28047756167342447,0.30900250788771233,0.09860688680215893
13,0.9995833297650925,92.86499740456293,24,-0.3041374515925595,0.329565103701923,0.09773510960084619
13,0.9995833297650925,92.86499740456293,25,-0.32515060438898336,0.34787714290545624,0.09748066060783146
13,0.9995833297650925,92.86499740456293,26,-0.34344148018274084,0.3638999750029507,0.09804612501181058
13,0.9995833297650925,92.86499740456293,27,-0.3591583991544934,0.3708703311543453,0.09849308948134859
13,0.9995833297650925,92.86499740456293,28,-0.3724671767196468,0.3734881555777214,0.09838618261848973
13,0.9995833297650925,92.86499740456293,29,-0.38311366044939343,0.37563587582959435,0.09841137000641123
13,0.9995833297650925,92.86499740456293,30,-0.3903333174216818,0.37713094508161066,0.09901112125788061
14,0.9982121759307477,88.47032120138009,1,-0.18430977923511296,-0.30948373321673395,0.40006037979697834
14,0.9982121759307477,88.47032120138009,2,-0.3582130205777223,-0.34318687745777954,0.40931436176052854
14,0.9982121759307477,88.47032120138009,3,-0.23347895981537267,-0.3385874379516561,0.36323492751471664
14,0.9982121759307477,88.47032120138009,4,-0.10960310343195206,-0.33401964384455707,0.303453504620859
14,0.9982121759307477,88.47032120138009,5,0.013395506468744925,-0.32948419729436906,0.23007777009684532
14,0.9982121759307477,88.47032120138009,6,0.13549328144339756,-0.32498196810054725,0.14322337801958726
14,0.9982121759307477,88.47032120138009,7,0.2505787197536851,-0.30565149886373116,0.16965356059956668
14,0.9982121759307477,88.47032120138009,8,0.347983347569907,-0.2845715696664288,0.1915837539735958
14,0.9982121759307477,88.47032120138009,9,0.30468164502415235,-0.23135358372269596,0.18771343673730165
14,0.9982121759307477,88.47032120138009,10,0.25646698486154457,-0.17720590337405462,0.1703487504165941
14,0.9982121759307477,88.47032120138009,11,0.20937360744817288,-0.12333150586083275,0.1426464098756431
14,0.9982121759307477,88.47032120138009,12,0.15968931638538747,-0.07414401350598143,0.13053542797388334
14,0.9982121759307477,88.47032120138009,13,0.10940521507394803,-0.028536620395058315,0.12340639054931012
14,0.9982121759307477,88.47032120138009,14,0.0655996168008093,0.011941830903690501,0.13422882677498293
14,0.9982121759307477,88.47032120138009,15,0.021964538658071454,0.05226271351108506,0.13097086195992533
14,0.9982121759307477,88.47032120138009,16,-0.02136102851150463,0.09223153034238235,0.11464432861264302
14,0.9982121759307477,88.47032120138009,17,-0.06186106537861391,0.12920797615141544,0.10154023386425733
14,0.9982121759307477,88.47032120138009,18,-0.09894656877502295,0.1605635443973136,0.1041026652758399
14,0.9982121759307477,88.47032120138009,19,-0.13472308634160832,0.190634609274303,0.10058086850436727
14,0.9982121759307477,88.47032120138009,20,-0.16811443629716824,0.2177898548031027,0.09949146859012503
14,0.9982121759307477,88.47032120138009,21,-0.19869370169666836,0.24319751552327068,0.09834173774766355
14,0.9982121759307477,88.47032120138009,22,-0.22695973644947456,0.26617247698005136,0.09733307796866124
14,0.9982121759307477,88.47032120138009,23,-0.25279395774504115,0.2864800557468622,0.09701387874406202
14,0.9982121759307477,88.47032120138009,24,-0.27614426308809514,0.30430202520142935,0.09710201800831506
14,0.9982121759307477,88.47032120138009,25,-0.29688950109129625,0.31967197994130764,0.09771124754444381
14,0.9982121759307477,88.47032120138009,26,-0.31517151486861067,0.33293567979057126,0.09781052602310786
14,0.9982121759307477,88.47032120138009,27,-0.3305897905515661,0.3441309008600816,0.09835672079568092
14,0.9982121759307477,88.47032120138009,28,-0.34331242480212965,0.3534643047358591,0.09846618927184225
14,0.9982121759307477,88.47032120138009,29,-0.3533434449605165,0.360805689654139,0.09862745530388209
14,0.9982121759307477,88.47032120138009,30,-0.3606853479247058,0.3663167709404465,0.09843699759492792
15,0.9997505616886629,93.62954186567484,1,-0.18430977923511296,-0.30948373321673395,0.40006037979697834
15,0.9997505616886629,93.62954186567484,2,-0.35813184929825026,-0.34313918336045585,0.4092863316663681
15,0.9997505616886629,93.62954186567484,3,-0.2331616772567591,-0.3384809147340196,0.3631349755704521
15,0.9997505616886629,93.62954186567484,4,-0.10905255581084711,-0.3338547418061779,0.3032826375950933
15,0.9997505616886629,93.62954186567484,5,0.014176485682017433,-0.3292613738970624,0.22983711899202394
15,0.9997505616886629,93.62954186567484,6,0.1365018702880649,-0.3247016898379102,0.1429141868810635
15,0.9997505616886629,93.62954186567484,7,0.25237448562887443,-0.30515530342608815,0.16832491255370668
15,0.9997505616886629,93.62954186567484,8,0.35039100377409615,-0.2836709705002097,0.18920828786748725
15,0.9997505616886629,93.62954186567484,9,0.3016227846419298,-0.2285511610789865,0.1870277821540334
15,0.9997505616886629,93.62954186567484,10,0.24902454258657508,-0.1729133961428347,0.17148263894614424
15,0.9997505616886629,93.62954186567484,11,0.19837914557149286,-0.11759092251575848,0.14881778866508188
15,0.9997505616886629,93.62954186567484,12,0.14668833705284937,-0.06559289518063458,0.1305487537954642
15,0.9997505616886629,93.62954186567484,13,0.092949584215723,-0.018081804733863782,0.11933099056695658
15,0.9997505616886629,93.62954186567484,14,0.04713684008964009,0.02444169275143292,0.1304424673333917
15,0.9997505616886629,93.62954186567484,15,0.001507643607172368,0.06679482087967427,0.12747186242719966
15,0.9997505616886629,93.62954186567484,16,-0.04365381452667519,0.10714611787568853,0.1178940036771129
15,0.9997505616886629,93.62954186567484,17,-0.08704512959318268,0.14470077132503997,0.10872525487060625
15,0.9997505616886629,93.62954186567484,18,-0.1262258371892659,0.17970613220201725,0.10547928729622061
15,0.9997505616886629,93.62954186567484,19,-0.16172997390929708,0.21179080788553722,0.10821424549138148
15,0.9997505616886629,93.62954186567484,20,-0.1960504869180774,0.2433314395350839,0.10169823698089614
15,0.9997505616886629,93.62954186567484,21,-0.22823598973892467,0.27067474952415405,0.10162689882706719
15,0.9997505616886629,93.62954186567484,22,-0.25807195488774276,0.29633029222386376,0.09994779593451975
15,0.9997505616886629,93.62954186567484,23,-0.28534073241088265,0.3198284263223096,0.0984170971897493
15,0.9997505616886629,93.62954186567484,24,-0.309972369594097,0.3408682234635328,0.09768664666640565
15,0.9997505616886629,93.62954186567484,25,-0.3321730507823296,0.3593661239244952,0.09752671918340473
15,0.9997505616886629,93.62954186567484,26,-0.3520230114602125,0.37549148027372725,0.09702686281028518
15,0.9997505616886629,93.62954186567484,27,-0.3679466789748694,0.38402569118438057,0.09768312455864762
15,0.9997505616886629,93.62954186567484,28,-0.37868062223200216,0.38219430275397376,0.09823908742862839
15,0.9997505616886629,93.62954186567484,29,-0.38645636609756734,0.3811400088444759,0.09859801326537518
15,0.9997505616886629,93.62954186567484,30,-0.38628705282843434,0.3793905279244554,0.09906487339771326
16,0.9995408618847048,92.63561503388142,1,-0.18430977923511296,-0.30948373321673395,0.40006037979697834
16,0.9995408618847048,92.63561503388142,2,-0.3581429117785612,-0.3431456850422577,0.4092901535198404
16,0.9995408618847048,92.63561503388142,3,-0.23320491911864102,-0.33849543692945766,0.3631486032286361
16,0.9995408618847048,92.63561503388142,4,-0.10912758886133098,-0.33387722305723,0.3033059337330339
16,0.9995408618847048,92.63561503388142,5,0.01407004788930946,-0.329291751771802,0.22986992935336054
16,0.9995408618847048,92.63561503388142,6,0.13636441262076177,-0.3247399006759828,0.14295634180253103
16,0.9995408618847048,92.63561503388142,7,0.2521305837810432,-0.3052224773796437,0.16850772957115395
16,0.9995408618847048,92.63561503388142,8,0.35006250610164175,-0.2837917980068173,0.18953459648856602
16,0.9995408618847048,92.63561503388142,9,0.3015081035284721,-0.22885566619738434,0.18725759426161925
16,0.9995408618847048,92.63561503388142,10,0.24913113322295197,-0.1733954793632644,0.17160733498131764
16,0.9995408618847048,92.63561503388142,11,0.1984008556764559,-0.11830259978287787,0.14762935805137373
16,0.9995408618847048,92.63561503388142,12,0.14672239857976138,-0.06750403058156901,0.13297959150822858
16,0.9995408618847048,92.63561503388142,13,0.09375323477947872,-0.020493653125370635,0.12134848541455377
16,0.9995408618847048,92.63561503388142,14,0.04850812732164555,0.0216283572590736,0.1311789666538188
16,0.9995408618847048,92.63561503388142,15,0.003442908072224589,0.06358289643152348,0.12693263371194338
16,0.9995408618847048,92.63561503388142,16,-0.04104703738049726,0.10421422726412725,0.11356554656131544
16,0.9995408618847048,92.63561503388142,17,-0.08302905095765452,0.1423542147676431,0.10175154172733408
16,0.9995408618847048,92.63561503388142,18,-0.12150934823110454,0.17576982076370887,0.10171363499231467
16,0.9995408618847048,92.63561503388142,19,-0.15794181808661573,0.20719401964349368,0.10011508994762533
16,0.9995408618847048,92.63561503388142,20,-0.19134781189993985,0.23665908578175437,0.09940681547359627
16,0.9995408618847048,92.63561503388142,21,-0.22211087388747036,0.2642595189001251,0.09822908979068368
16,0.9995408618847048,92.63561503388142,22,-0.25059139192880525,0.2894887743561945,0.09714651335388753
16,0.9995408618847048,92.63561503388142,23,-0.27672236243776466,0.3121008930778676,0.09710786441043996
16,0.9995408618847048,92.63561503388142,24,-0.3005960308659779,0.3320591166268117,0.0975365904574816
16,0.9995408618847048,92.63561503388142,25,-0.3222599804342191,0.3498367877755033,0.09697958670894703
16,0.9995408618847048,92.63561503388142,26,-0.34140952486222753,0.36505070681691637,0.0973812401459769
16,0.9995408618847048,92.63561503388142,27,-0.3577281942220805,0.3721689640648068,0.09743364361580413
16,0.9995408618847048,92.63561503388142,28,-0.37124400389217865,0.3780365453870609,0.09824502396563324
16,0.9995408618847048,92.63561503388142,29,-0.3818595910263225,0.382914081107405,0.09884200806067765
16,0.9995408618847048,92.63561503388142,30,-0.3890065896085129,0.38644705460705847,0.09891819326799996
17,0.9982121759307477,88.47031433731726,1,-0.18430977923511296,-0.30948373321673395,0.40006037979697834
17,0.9982121759307477,88.47031433731726,2,-0.3582130205777223,-0.34318687745777954,0.40931436176052854
17,0.9982121759307477,88.47031433731726,3,-0.23347895981537267,-0.3385874379516561,0.36323492751471664
17,0.9982121759307477,88.47031433731726,4,-0.10960310343195206,-0.33401964384455707,0.303453504620859
17,0.9982121759307477,88.47031433731726,5,0.013395506468744925,-0.32948419729436906,0.23007777009684532
17,0.9982121759307477,88.47031433731726,6,0.13549328144339756,-0.32498196810054725,0.14322337801958726
17,0.9982121759307477,88.47031433731726,7,0.2505787197536851,-0.30565149886373116,0.16965356059956668
17,0.9982121759307477,88.47031433731726,8,0.347983347569907,-0.2845715696664288,0.1915837539735958
17,0.9982121759307477,88.47031433731726,9,0.30468164502415235,-0.23135358372269596,0.18771343673730165
17,0.9982121759307477,88.47031433731726,10,0.25646698486154457,-0.17720590337405462,0.1703487504165941
17,0.9982121759307477,88.47031433731726,11,0.20937360744817288,-0.12333150586083275,0.1426464098756431
17,0.9982121759307477,88.47031433731726,12,0.15968931638538747,-0.07414401350598143,0.13053542797388334
17,0.9982121759307477,88.47031433731726,13,0.10940521800076866,-0.028536621701486405,0.12340640269258042
17,0.9982121759307477,88.47031433731726,14,0.0655996379138646,0.011941821710180793,0.13422891585151245
17,0.9982121759307477,88.47031433731726,15,0.02196457786432672,0.05226269648174802,0.13097102767088806
17,0.9982121759307477,88.47031433731726,16,-0.021360971933786565,0.09223148501354003,0.11464463610584272
17,0.9982121759307477,88.47031433731726,17,-0.061861007059491935,0.12920803677201037,0.10154017409246896
17,0.9982121759307477,88.47031433731726,18,-0.09894653069054987,0.1605636799191655,0.1041022173735725
17,0.9982121759307477,88.47031433731726,19,-0.13472298876443006,0.19063478372640616,0.10058052372265015
17,0.9982121759307477,88.47031433731726,20,-0.16811422254705766,0.21778997827501925,0.0994917707356448
17,0.9982121759307477,88.47031433731726,21,-0.19869352800038123,0.24319772351432775,0.09834172189763005
17,0.9982121759307477,88.47031433731726,22,-0.2269595261256859,0.2661727423989561,0.09733307118912464
17,0.9982121759307477,88.47031433731726,23,-0.2527937091099962,0.2864803850555762,0.09701387332029208
17,0.9982121759307477,88.47031433731726,24,-0.27614398216899194,0.3043024079499972,0.09710202018589284
17,0.9982121759307477,88.47031433731726,25,-0.2968892027252872,0.3196723862483545,0.09771125090499785
17,0.9982121759307477,88.47031433731726,26,-0.31517118978129094,0.33293609661411244,0.09781052911544146
17,0.9982121759307477,88.47031433731726,27,-0.33058945399383416,0.34413128249643066,0.09835672363305599
17,0.9982121759307477,88.47031433731726,28,-0.3433120830485097,0.353464625314278,0.09846619395601755
17,0.9982121759307477,88.47031433731726,29,-0.3533430896175381,0.3608059525725808,0.09862745851468545
17,0.9982121759307477,88.47031433731726,30,-0.3606849753102768,0.3663169730839963,0.09843700198843888
18,0.9982121759307477,88.47032095185133,1,-0.18430977923511296,-0.30948373321673395,0.40006037979697834
18,0.9982121759307477,88.47032095185133,2,-0.3582130205777223,-0.34318687745777954,0.40931436176052854
18,0.9982121759307477,88.47032095185133,3,-0.23347895981537267,-0.3385874379516561,0.36323492751471664
18,0.9982121759307477,88.47032095185133,4,-0.10960310343195206,-0.33401964384455707,0.303453504620859
18,0.9982121759307477,88.47032095185133,5,0.013395506468744925,-0.32948419729436906,0.23007777009684532
18,0.9982121759307477,88.47032095185133,6,0.13549328144339756,-0.32498196810054725,0.14322337801958726
18,0.9982121759307477,88.47032095185133,7,0.2505787197536851,-0.30565149886373116,0.16965356059956668
18,0.9982121759307477,88.47032095185133,8,0.347983347569907,-0.2845715696664288,0.1915837539735958
18,0.9982121759307477,88.47032095185133,9,0.30468164502415235,-0.23135358372269596,0.18771343673730165
18,0.9982121759307477,88.47032095185133,10,0.25646698486154457,-0.17720590337405462,0.1703487504165941
18,0.9982121759307477,88.47032095185133,11,0.20937360744817288,-0.12333150586083275,0.1426464098756431
18,0.9982121759307477,88.47032095185133,12,0.15968931638538747,-0.07414401350598143,0.13053542797388334
18,0.9982121759307477,88.47032095185133,13,0.1094052154691834,-0.028536620182152115,0.12340639083675434
18,0.9982121759307477,88.47032095185133,14,0.06559961767039633,0.011941831361379772,0.13422882745564754
18,0.9982121759307477,88.47032095185133,15,0.021964539999900248,0.052262714212847956,0.13097086303229846
18,0.9982121759307477,88.47032095185133,16,-0.021361026712548577,0.09223153117157026,0.11464433042294539
18,0.9982121759307477,88.47032095185133,17,-0.06186106336786406,0.12920797772303236,0.1015402335388754
18,0.9982121759307477,88.47032095185133,18,-0.09894656660928758,0.16056354653506621,0.10410266272551358
18,0.9982121759307477,88.47032095185133,19,-0.13472308336214317,0.1906346118497596,0.10058086703345367
18,0.9982121759307477,88.47032095185133,20,-0.16811443212613578,0.21778985750396043,0.09949147081116355
18,0.9982121759307477,88.47032095185133,21,-0.19869369726767414,0.24319751918633178,0.09834173781081625
18,0.9982121759307477,88.47032095185133,22,-0.22695973129774807,0.26617248142202177,0.09733307799276494
18,0.9982121759307477,88.47032095185133,23,-0.25279395190751636,0.2864800609724184,0.0970138787371877
18,0.9982121759307477,88.47032095185133,24,-0.2761442566699768,0.30430203107984793,0.09710201804590929
18,0.9982121759307477,88.47032095185133,25,-0.29688949426225875,0.31967198617969367,0.09771124758123433
18,0.9982121759307477,88.47032095185133,26,-0.3151715075814112,0.3329356862533221,0.09781052605430196
18,0.9982121759307477,88.47032095185133,27,-0.33058978296041847,0.3441309071364614,0.09835672082196273
18,0.9982121759307477,88.47032095185133,28,-0.3433124169823307,0.3534643105889368,0.09846618931166484
18,0.9982121759307477,88.47032095185133,29,-0.35334343687078923,0.36080569508951077,0.0986274553317761
18,0.9982121759307477,88.47032095185133,30,-0.3606853395593983,0.36631677590930944,0.09843699763403549
19,0.9995408618847048,92.63564313716728,1,-0.18430977923511296,-0.30948373321673395,0.40006037979697834
19,0.9995408618847048,92.63564313716728,2,-0.3581429117785612,-0.3431456850422577,0.4092901535198404
19,0.9995408618847048,92.63564313716728,3,-0.23320491911864102,-0.33849543692945766,0.3631486032286361
19,0.9995408618847048,92.63564313716728,4,-0.10912758886133098,-0.33387722305723,0.3033059337330339
19,0.9995408618847048,92.63564313716728,5,0.01407004788930946,-0.329291751771802,0.22986992935336054
19,0.9995408618847048,92.63564313716728,6,0.13636441262076177,-0.3247399006759828,0.14295634180253103
19,0.9995408618847048,92.63564313716728,7,0.2521305837810432,-0.3052224773796437,0.16850772957115395
19,0.9995408618847048,92.63564313716728,8,0.35006250610164175,-0.2837917980068173,0.18953459648856602
19,0.9995408618847048,92.63564313716728,9,0.3015081035284721,-0.22885566619738434,0.18725759426161925
19,0.9995408618847048,92.63564313716728,10,0.24913113322295197,-0.1733954793632644,0.17160733498131764
19,0.9995408618847048,92.63564313716728,11,0.1984008556764559,-0.11830259978287787,0.14762935805137373
19,0.9995408618847048,92.63564313716728,12,0.14672239857976138,-0.06750403058156901,0.13297959150822858
19,0.9995408618847048,92.63564313716728,13,0.0937532337130485,-0.02049365385026919,0.12134848488075489
19,0.9995408618847048,92.63564313716728,14,0.04850813570745533,0.021628350263245312,0.13117901480654148
19,0.9995408618847048,92.63564313716728,15,0.003442925857681793,0.06358288320367336,0.12693273035778435
19,0.9995408618847048,92.63564313716728,16,-0.04104702282049964,0.10421417157377497,0.11356581222669072
19,0.9995408618847048,92.63564313716728,17,-0.08302913068900272,0.14235403840768357,0.10175197505828323
19,0.9995408618847048,92.63564313716728,18,-0.12150952378717488,0.1757696736682238,0.1017137962531544
19,0.9995408618847048,92.63564313716728,19,-0.15794205958712657,0.20719391045309773,0.10011508828348664
19,0.9995408618847048,92.63564313716728,20,-0.19134806648322789,0.2366590062406925,0.09940684901442484
19,0.9995408618847048,92.63564313716728,21,-0.22211114914066926,0.26425948121256443,0.0982291046213206
19,0.9995408618847048,92.63564313716728,22,-0.25059168995708375,0.2894887755557779,0.09714651954736749
19,0.9995408618847048,92.63564313716728,23,-0.27672268439786,0.3121009303052574,0.09710786713168246
19,0.9995408618847048,92.63564313716728,24,-0.3005963773186451,0.3320591868685213,0.09753659101434185
19,0.9995408618847048,92.63564313716728,25,-0.322260353840212,0.34983688591530443,0.09697958673206822
19,0.9995408618847048,92.63564313716728,26,-0.3414099249636438,0.3650508296961062,0.09738124020502353
19,0.9995408618847048,92.63564313716728,27,-0.3577287180063329,0.37216952059820635,0.0974337174479081
19,0.9995408618847048,92.63564313716728,28,-0.3712447838106505,0.3780374079944188,0.09824505692153691
19,0.9995408618847048,92.63564313716728,29,-0.3818606148614833,0.3829151349312813,0.09884202337124415
19,0.9995408618847048,92.63564313716728,30,-0.3890078131393179,0.3864482616687139,0.09891819982128204
20,0.9982121759307477,88.47032120138012,1,-0.18430977923511296,-0.30948373321673395,0.40006037979697834
20,0.9982121759307477,88.47032120138012,2,-0.3582130205777223,-0.34318687745777954,0.40931436176052854
20,0.9982121759307477,88.47032120138012,3,-0.23347895981537267,-0.3385874379516561,0.36323492751471664
20,0.9982121759307477,88.47032120138012,4,-0.10960310343195206,-0.33401964384455707,0.303453504620859
20,0.9982121759307477,88.47032120138012,5,0.013395506468744925,-0.32948419729436906,0.23007777009684532
20,0.9982121759307477,88.47032120138012,6,0.13549328144339756,-0.32498196810054725,0.14322337801958726
20,0.9982121759307477,88.47032120138012,7,0.2505787197536851,-0.30565149886373116,0.16965356059956668
20,0.9982121759307477,88.47032120138012,8,0.347983347569907,-0.2845715696664288,0.1915837539735958
20,0.9982121759307477,88.47032120138012,9,0.30468164502415235,-0.23135358372269596,0.18771343673730165
20,0.9982121759307477,88.47032120138012,10,0.25646698486154457,-0.17720590337405462,0.1703487504165941
20,0.9982121759307477,88.47032120138012,11,0.20937360744817288,-0.12333150586083275,0.1426464098756431
20,0.9982121759307477,88.47032120138012,12,0.15968931638538747,-0.07414401350598143,0.13053542797388334
20,0.9982121759307477,88.47032120138012,13,0.10940521507394803,-0.028536620395058315,0.12340639054931012
20,0.9982121759307477,88.47032120138012,14,0.0655996168008093,0.011941830903690501,0.13422882677498293
20,0.9982121759307477,88.47032120138012,15,0.021964538658071454,0.05226271351108506,0.13097086195992533
20,0.9982121759307477,88.47032120138012,16,-0.02136102851150463,0.09223153034238235,0.11464432861264302
20,0.9982121759307477,88.47032120138012,17,-0.06186106537861391,0.12920797615141544,0.10154023386425733
20,0.9982121759307477,88.47032120138012,18,-0.09894656877502295,0.1605635443973136,0.1041026652758399
20,0.9982121759307477,88.47032120138012,19,-0.13472308634160832,0.190634609274303,0.10058086850436727
20,0.9982121759307477,88.47032120138012,20,-0.16811443629716824,0.2177898548031027,0.09949146859012503
20,0.9982121759307477,88.47032120138012,21,-0.19869370169666836,0.24319751552327068,0.09834173774766355
20,0.9982121759307477,88.47032120138012,22,-0.22695973644947456,0.26617247698005136,0.09733307796866124
20,0.9982121759307477,88.47032120138012,23,-0.25279395774504115,0.2864800557468622,0.09701387874406202
20,0.9982121759307477,88.47032120138012,24,-0.27614426308809514,0.30430202520142935,0.09710201800831506
20,0.9982121759307477,88.47032120138012,25,-0.29688950109129625,0.31967197994130764,0.09771124754444381
20,0.9982121759307477,88.47032120138012,26,-0.31517151486861067,0.33293567979057126,0.09781052602310786
20,0.9982121759307477,88.47032120138012,27,-0.3305897905515661,0.3441309008600816,0.09835672079568092
20,0.9982121759307477,88.47032120138012,28,-0.34331242480212965,0.3534643047358591,0.09846618927184225
20,0.9982121759307477,88.47032120138012,29,-0.3533434449605165,0.360805689654139,0.09862745530388209
20,0.9982121759307477,88.47032120138012,30,-0.3606853479247058,0.3663167709404465,0.09843699759492792
