particle,elasticity,weight,frame,x,y,z
1,0.008894850297340056,35.46576646163235,1,0.32618461974034774,0.2835529028930176,0.7609337579649326
1,0.008894850297340056,35.46576646163235,2,0.23745008271930187,0.3526269612714173,0.9040151771991852
1,0.008894850297340056,35.46576646163235,3,0.20422355693980374,0.35118777863653655,0.8845215549798858
1,0.008894850297340056,35.46576646163235,4,0.1711028645961984,0.3497531800994378,0.8510482163850547
1,0.008894850297340056,35.46576646163235,5,0.13810027882499765,0.3483236972620422,0.8036550192730013
1,0.008894850297340056,35.46576646163235,6,0.10523007442531795,0.34689994842682137,0.7424155976004667
1,0.008894850297340056,35.46576646163235,7,0.07250746019743866,0.34548259235182294,0.6674178688747384
1,0.008894850297340056,35.46576646163235,8,0.039948013196023036,0.3440723037457638,0.5787639651260671
1,0.008894850297340056,35.46576646163235,9,0.007567361315887519,0.3426697595194649,0.4765699242657148
1,0.008894850297340056,35.46576646163235,10,-0.024619010911148768,0.3412756303740837,0.36096525730971335
1,0.008894850297340056,35.46576646163235,11,-0.056595891579315966,0.33989057520218025,0.23209243572686458
1,0.008894850297340056,35.46576646163235,12,-0.08834843376238119,0.338515237087493,0.09010631935768444
1,0.008894850297340056,35.46576646163235,13,-0.1090381733051451,0.34125298257215564,0.07903791876317287
1,0.008894850297340056,35.46576646163235,14,-0.12340945281356215,0.34425974453894537,0.09033442688019679
1,0.008894850297340056,35.46576646163235,15,-0.1362412027148256,0.34686433297968244,0.0938914663389688
1,0.008894850297340056,35.46576646163235,16,-0.14640370257332938,0.3481818356923574,0.09656641753684607
1,0.008894850297340056,35.46576646163235,17,-0.1535800253177724,0.3490430821402707,0.09784907116760198
1,0.008894850297340056,35.46576646163235,18,-0.15767603330176827,0.3494362121447822,0.09887622992114953
1,0.008894850297340056,35.46576646163235,19,-0.15878692458721916,0.34965577617517696,0.09946423976898822
1,0.008894850297340056,35.46576646163235,20,-0.15874637979598996,0.34966510579746596,0.09974175365173592
1,0.008894850297340056,35.46576646163235,21,-0.15872846096573978,0.34966945794042986,0.0998728096814674
1,0.008894850297340056,35.46576646163235,22,-0.15873379830507553,0.3496744473123299,0.09993472600470266
1,0.008894850297340056,35.46576646163235,23,-0.15873629640733988,0.3496767770373058,0.09996395967375647
1,0.008894850297340056,35.46576646163235,24,-0.1587374656568438,0.34967786478354407,0.09997776234722391
1,0.008894850297340056,35.46576646163235,25,-0.15873801293890172,0.34967837263379936,0.0999842792905455
1,0.008894850297340056,35.46576646163235,26,-0.15873661333990122,0.3496781864227775,0.09998716164215787
1,0.008894850297340056,35.46576646163235,27,-0.15873574909153568,0.3496780508078356,0.0999885090966078
1,0.008894850297340056,35.46576646163235,28,-0.15873537625308323,0.3496781530734855,0.09998890614182449
1,0.008894850297340056,35.46576646163235,29,-0.15873529850871065,0.3496782352858709,0.09998905145376126
1,0.008894850297340056,35.46576646163235,30,-0.15873527302359075,0.34967827506625676,0.09998911366966587
2,0.006290088279012181,35.50579527296651,1,0.32618461974034774,0.2835529028930176,0.7609337579649326
2,0.006290088279012181,35.50579527296651,2,0.23744186366508524,0.3526365413733444,0.9040375502649475
2,0.006290088279012181,35.50579527296651,3,0.20414147267501564,0.3512834363884911,0.884744943690153
2,0.006290088279012181,35.50579527296651,4,0.17094706437782628,0.34993463783085327,0.8514719094984465
2,0.006290088279012181,35.50579527296651,5,0.13787088398162697,0.3485906432637219,0.8042781310119307
2,0.006290088279012181,35.50579527296651,6,0.10492720644136139,0.3472520327257127,0.7432370455689427
2,0.006290088279012181,35.50579527296651,7,0.07213125654183429,0.34591942485016913,0.6684363683467692
2,0.006290088279012181,35.50579527296651,8,0.03949863613493621,0.34459345359191673,0.5799780300947481
2,0.006290088279012181,35.50579527296651,9,0.007045002955113698,0.3432747551764743,0.4779778716786258
2,0.006290088279012181,35.50579527296651,10,-0.025214125688438112,0.3419639601234183,0.3625652131114947
2,0.006290088279012181,35.50579527296651,11,-0.05726350342798944,0.34066168794307766,0.2338823421074535
2,0.006290088279012181,35.50579527296651,12,-0.08908824798944157,0.33936854335145333,0.09208394289836777
2,0.006290088279012181,35.50579527296651,13,-0.1098135037942359,0.34206520784446526,0.0798201013308106
2,0.006290088279012181,35.50579527296651,14,-0.12412900042607297,0.3450213769983092,0.09012010648730286
2,0.006290088279012181,35.50579527296651,15,-0.13668470314486245,0.34749465992667017,0.09370682499778264
2,0.006290088279012181,35.50579527296651,16,-0.14645002918559355,0.34871675881665587,0.09671927914491406
2,0.006290088279012181,35.50579527296651,17,-0.1533566311421503,0.3495317414778973,0.09776561414292381
2,0.006290088279012181,35.50579527296651,18,-0.15710427677710956,0.3498891780497665,0.0989397243013789
2,0.006290088279012181,35.50579527296651,19,-0.15798557526702478,0.3500644022125052,0.09941081986824978
2,0.006290088279012181,35.50579527296651,20,-0.15795739197125172,0.35010695239127776,0.09971656874244827
2,0.006290088279012181,35.50579527296651,21,-0.15798062051987208,0.35013548540710004,0.0998609350566442
2,0.006290088279012181,35.50579527296651,22,-0.15799152085858745,0.35014889430148916,0.09992909195142989
2,0.006290088279012181,35.50579527296651,23,-0.15799663618835275,0.3501551947052691,0.09996127077192299
2,0.006290088279012181,35.50579527296651,24,-0.1579990364252999,0.35015815694443325,0.09997646360019134
2,0.006290088279012181,35.50579527296651,25,-0.1580001624653576,0.3501595510928857,0.09998363676594395
2,0.006290088279012181,35.50579527296651,26,-0.15800117010622444,0.35015849410484057,0.09998693046207283
2,0.006290088279012181,35.50579527296651,27,-0.15800183687185945,0.35015744148290845,0.09998847019576053
2,0.006290088279012181,35.50579527296651,28,-0.15800218976935917,0.3501571788445101,0.09998897360319477
2,0.006290088279012181,35.50579527296651,29,-0.15800239363486746,0.35015702600654997,0.09998916745224258
2,0.006290088279012181,35.50579527296651,30,-0.15800242123496688,0.35015709072764273,0.099989272234993
3,0.040709664179473457,31.753328102416535,1,0.32618461974034774,0.2835529028930176,0.7609337579649326
3,0.040709664179473457,31.753328102416535,2,0.23753737375484915,0.35251123268475953,0.9037419084372567
3,0.040709664179473457,31.753328102416535,3,0.20509551437291332,0.35003224204258926,0.8817931463144877
3,0.040709664179473457,31.753328102416535,4,0.17275824494877537,0.3475612434678154,0.8458736357434586
3,0.040709664179473457,31.753328102416535,5,0.1405381447118519,0.345099198181299,0.7960454430223305
3,0.040709664179473457,31.753328102416535,6,0.10844948342090353,0.3426471965828849,0.7323846350989448
3,0.040709664179473457,31.753328102416535,7,0.07650729311349971,0.340206387320683,0.6549816114126863
3,0.040709664179473457,31.753328102416535,8,0.04472687913645043,0.33777793992727395,0.5639409629103187
3,0.040709664179473457,31.753328102416535,9,0.013123543353127062,0.3353630236690569,0.45938112899433076
3,0.040709664179473457,31.753328102416535,10,-0.01828758753279651,0.3329627944278948,0.34143394474841365
3,0.040709664179473457,31.753328102416535,11,-0.04949167785931698,0.3305783858461858,0.21024411462525971
3,0.040709664179473457,31.753328102416535,12,-0.07973725323777071,0.327897885948887,0.08394711221530118
3,0.040709664179473457,31.753328102416535,13,-0.09755151448107828,0.3316383190835176,0.08648318628481241
3,0.040709664179473457,31.753328102416535,14,-0.11133642727870526,0.33438235978256065,0.09255265793106252
3,0.040709664179473457,31.753328102416535,15,-0.12280233422235395,0.3362030458657017,0.09532524869639386
3,0.040709664179473457,31.753328102416535,16,-0.13147580981147733,0.33698198905211735,0.09715624035175759
3,0.040709664179473457,31.753328102416535,17,-0.1370404106382185,0.33724851867571265,0.09841178704919937
3,0.040709664179473457,31.753328102416535,18,-0.1394456537420643,0.3374180212768661,0.09904612313409976
3,0.040709664179473457,31.753328102416535,19,-0.13953699868588437,0.3373805964166985,0.09954433584487485
3,0.040709664179473457,31.753328102416535,20,-0.1395455124567779,0.3373547133501783,0.0997795896005343
3,0.040709664179473457,31.753328102416535,21,-0.13954815086696967,0.3373603928500335,0.0998907104295746
3,0.040709664179473457,31.753328102416535,22,-0.13954938565859845,0.3373630537150372,0.09994317693070832
3,0.040709664179473457,31.753328102416535,23,-0.1395499638427884,0.33736430077423346,0.09996794941505978
3,0.040709664179473457,31.753328102416535,24,-0.1395502345781718,0.3373648852336296,0.09997964595345951
3,0.040709664179473457,31.753328102416535,25,-0.13955044127443994,0.33736493717282345,0.09998510330536294
3,0.040709664179473457,31.753328102416535,26,-0.13955066971758984,0.3373631757036575,0.0999875377126345
3,0.040709664179473457,31.753328102416535,27,-0.13955079224566333,0.33736244654495867,0.09998868638504546
3,0.040709664179473457,31.753328102416535,28,-0.13955068136213783,0.3373621638595988,0.09998898230676925
3,0.040709664179473457,31.753328102416535,29,-0.13955061572258878,0.3373621284218797,0.09998908764132351
3,0.040709664179473457,31.753328102416535,30,-0.13955058522696898,0.3373621225830881,0.09998913103055725
4,0.01014173470385814,35.72290399880566,1,0.32618461974034774,0.2835529028930176,0.7609337579649326
4,0.01014173470385814,35.72290399880566,2,0.2374539563991083,0.3526223829358272,0.9040044673301203
4,0.01014173470385814,35.72290399880566,3,0.20426224447406963,0.3511420638107025,0.8844146203939625
4,0.01014173470385814,35.72290399880566,4,0.17117629724519473,0.34966646169152343,0.8508453987571427
4,0.01014173470385814,35.72290399880566,5,0.13820840105007165,0.34819612453738735,0.803356744199048
4,0.01014173470385814,35.72290399880566,6,0.10537283059029992,0.34673168898655593,0.7420223849534431
4,0.01014173470385814,35.72290399880566,7,0.07268478709343427,0.34527383299947684,0.6669303354381382
4,0.01014173470385814,35.72290399880566,8,0.040159835883610384,0.34382325077496284,0.5781828240423537
4,0.01014173470385814,35.72290399880566,9,0.007813590746470825,0.342380638673164,0.47589598298148617
4,0.01014173470385814,35.72290399880566,10,-0.024338479281675315,0.3409466865985465,0.3601994146659197
4,0.01014173470385814,35.72290399880566,11,-0.05628117858624885,0.3395220722612245,0.23123567847707066
4,0.01014173470385814,35.72290399880566,12,-0.08799967695144802,0.3381074570748706,0.08915971825953174
4,0.01014173470385814,35.72290399880566,13,-0.108673564385037,0.34086545478581676,0.07866344858368805
4,0.01014173470385814,35.72290399880566,14,-0.12307233244129895,0.34390143413766516,0.09043848014220912
4,0.01014173470385814,35.72290399880566,15,-0.13605700895921038,0.34659158310447274,0.0938447075861889
4,0.01014173470385814,35.72290399880566,16,-0.14651971161196067,0.34808981274184797,0.09618738092814118
4,0.01014173470385814,35.72290399880566,17,-0.15419651119189393,0.3490124354785993,0.09726740257791974
4,0.01014173470385814,35.72290399880566,18,-0.1585691307271803,0.3496077217986246,0.09870451080283535
4,0.01014173470385814,35.72290399880566,19,-0.16002996894314625,0.3499227229015862,0.09931911070547726
4,0.01014173470385814,35.72290399880566,20,-0.15998520263437294,0.34997098408660815,0.09967324535655071
4,0.01014173470385814,35.72290399880566,21,-0.1599455288180988,0.3499900827637832,0.09984044003682992
4,0.01014173470385814,35.72290399880566,22,-0.15995270202528367,0.3500062398357939,0.0999194055967234
4,0.01014173470385814,35.72290399880566,23,-0.1599595689656647,0.3500146814224562,0.09995669082348065
4,0.01014173470385814,35.72290399880566,24,-0.1599631971285448,0.3500192401406716,0.09997430163825169
4,0.01014173470385814,35.72290399880566,25,-0.15996489487609894,0.3500213736032587,0.09998261308323572
4,0.01014173470385814,35.72290399880566,26,-0.15996512362033843,0.3500214857982786,0.09998569594434524
4,0.01014173470385814,35.72290399880566,27,-0.1599647920115888,0.35002098691635486,0.09998629195501539
4,0.01014173470385814,35.72290399880566,28,-0.15996463411961265,0.35002075279912265,0.09998657290444289
4,0.01014173470385814,35.72290399880566,29,-0.15996455830689368,0.35002064253366,0.09998670497964056
4,0.01014173470385814,35.72290399880566,30,-0.15996452108028855,0.35002059049147494,0.09998676706867686
5,0.04693268965983636,31.932973778547147,1,0.32618461974034774,0.2835529028930176,0.7609337579649326
5,0.04693268965983636,31.932973778547147,2,0.23755178466069235,0.3524888312246056,0.9036884512075685
5,0.04693268965983636,31.932973778547147,3,0.2052395064729638,0.3498085712781899,0.8812594352739813
5,0.04693268965983636,31.932973778547147,4,0.17303169152744394,0.3471369764169885,0.8448614875084113
5,0.04693268965983636,31.932973778547147,5,0.14094097233957728,0.34447509449113967,0.7945571206952597
5,0.04693268965983636,31.932973778547147,6,0.10898161764132387,0.3418241090727375,0.730422883436076
5,0.04693268965983636,31.932973778547147,7,0.0771686290971773,0.33918526452964237,0.6525496624380916
5,0.04693268965983636,31.932973778547147,8,0.045517265552540556,0.3365598265625247,0.5610425294724116
5,0.04693268965983636,31.932973778547147,9,0.01404277312344113,0.3339490598161702,0.4560203924376737
5,0.04693268965983636,31.932973778547147,10,-0.017239782688994724,0.3313542139536019,0.3376155390626777
5,0.04693268965983636,31.932973778547147,11,-0.048315630634306043,0.3287765142301464,0.20597310812317574
5,0.04693268965983636,31.932973778547147,12,-0.07843429355180251,0.3259056376119147,0.07974842045265587
5,0.04693268965983636,31.932973778547147,13,-0.09627085970377212,0.3298615284776275,0.08528049007186142
5,0.04693268965983636,31.932973778547147,14,-0.11056245073361315,0.33287260583418654,0.09237580318554994
5,0.04693268965983636,31.932973778547147,15,-0.12292800512314545,0.3353201317519784,0.09384509054834188
5,0.04693268965983636,31.932973778547147,16,-0.1323589679047576,0.33628992165657373,0.09632915114912602
5,0.04693268965983636,31.932973778547147,17,-0.13895537994906568,0.3365053395246651,0.09766035452808533
5,0.04693268965983636,31.932973778547147,18,-0.14234467553596178,0.3365814571548189,0.09871722134964672
5,0.04693268965983636,31.932973778547147,19,-0.14283812846550828,0.3365384741136855,0.09938907880911663
5,0.04693268965983636,31.932973778547147,20,-0.1428024734582614,0.3364959319964739,0.0997062817811598
5,0.04693268965983636,31.932973778547147,21,-0.1427828579355029,0.3365165824805442,0.09985610516582309
5,0.04693268965983636,31.932973778547147,22,-0.14277369494922357,0.33652623421527506,0.09992684033155887
5,0.04693268965983636,31.932973778547147,23,-0.14276941657212572,0.33653074843011593,0.09996023695027631
5,0.04693268965983636,31.932973778547147,24,-0.14276741904900767,0.3365328596915037,0.09997600487048594
5,0.04693268965983636,31.932973778547147,25,-0.1427664864586667,0.33653384709967116,0.099983449594976
5,0.04693268965983636,31.932973778547147,26,-0.14276621700855194,0.33653309842903734,0.09998680570006004
5,0.04693268965983636,31.932973778547147,27,-0.1427661229899849,0.3365319407687013,0.09998833997501702
5,0.04693268965983636,31.932973778547147,28,-0.14276593155011957,0.33653153737059127,0.09998882543651247
5,0.04693268965983636,31.932973778547147,29,-0.14276582261942897,0.3365314451806104,0.09998902388512036
5,0.04693268965983636,31.932973778547147,30,-0.14276577115394087,0.3365314264031757,0.09998910717660281
6,0.0012315573635485605,34.95383916914986,1,0.32618461974034774,0.2835529028930176,0.7609337579649326
6,0.0012315573635485605,34.95383916914986,2,0.23742540500372122,0.35265521122471183,0.9040809994180531
6,0.0012315573635485605,34.95383916914986,3,0.20397710567119767,0.35146985615686976,0.885178774423031
6,0.0012315573635485605,34.95383916914986,4,0.17063510112921443,0.3502882680090555,0.852294750231836
6,0.0012315573635485605,34.95383916914986,5,0.13741158095334943,0.3491108787606364,0.8054882742990754
6,0.0012315573635485605,34.95383916914986,6,0.10432082018810256,0.3479381942967152,0.7448324034385222
6,0.0012315573635485605,34.95383916914986,7,0.07137807528686889,0.3467707552819806,0.670414460375245
6,0.0012315573635485605,34.95383916914986,8,0.0385989973878827,0.3456091163681309,0.5823359850334978
6,0.0012315573635485605,34.95383916914986,9,0.005999303596132256,0.3444538345446219,0.4807124354521094
6,0.0012315573635485605,34.95383916914986,10,-0.02640542353725531,0.3433054620325327,0.3656727604095193
6,0.0012315573635485605,34.95383916914986,11,-0.05859986904129507,0.3421645415703234,0.23735889036209434
6,0.0012315573635485605,34.95383916914986,12,-0.090569080277091,0.3410316030559751,0.09592516802922366
6,0.0012315573635485605,34.95383916914986,13,-0.11137251981724401,0.3436533065936211,0.0813387967243359
6,0.0012315573635485605,34.95383916914986,14,-0.12543094041837607,0.34640936217495405,0.0904195674527486
6,0.0012315573635485605,34.95383916914986,15,-0.13763954895785682,0.34853871537330927,0.09349155938777916
6,0.0012315573635485605,34.95383916914986,16,-0.14693532381171048,0.3495973416492026,0.096874621005622
6,0.0012315573635485605,34.95383916914986,17,-0.15334666060270716,0.35028175603476186,0.09817320951309969
6,0.0012315573635485605,34.95383916914986,18,-0.15655854832392904,0.3506705025957789,0.0991321462234366
6,0.0012315573635485605,34.95383916914986,19,-0.157134835586994,0.35080225401529663,0.09952556183767129
6,0.0012315573635485605,34.95383916914986,20,-0.15713605712839698,0.35083030708467133,0.09977069286753096
6,0.0012315573635485605,34.95383916914986,21,-0.1571366000040794,0.3508435410798858,0.09988643098060972
6,0.0012315573635485605,34.95383916914986,22,-0.15714079599074168,0.3508522143583762,0.09994111005498113
6,0.0012315573635485605,34.95383916914986,23,-0.1571445474902038,0.35085765901423094,0.09996694314055943
6,0.0012315573635485605,34.95383916914986,24,-0.15714631295130627,0.35086022197382477,0.09997913881976149
6,0.0012315573635485605,34.95383916914986,25,-0.15714693196514928,0.35086120850971336,0.09998487870609905
6,0.0012315573635485605,34.95383916914986,26,-0.15714641161236845,0.35086043136825207,0.0999860319525293
6,0.0012315573635485605,34.95383916914986,27,-0.15714617733394204,0.350860083281823,0.09998645034634229
6,0.0012315573635485605,34.95383916914986,28,-0.157146065580655,0.35085991944383504,0.09998664703579259
6,0.0012315573635485605,34.95383916914986,29,-0.157146011426761,0.35085984222244565,0.09998673950040614
6,0.0012315573635485605,34.95383916914986,30,-0.1571459843507162,0.35085980571995046,0.09998678296847174
7,0.002694488189173866,35.02797823540104,1,0.32618461974034774,0.2835529028930176,0.7609337579649326
7,0.002694488189173866,35.02797823540104,2,0.23743023292867493,0.3526498027202451,0.9040684338936965
7,0.002694488189173866,35.02797823540104,3,0.2040253195958284,0.3514158518054176,0.8850533098468872
7,0.002694488189173866,35.02797823540104,4,0.17072660774240084,0.3501858238887246,0.8520567819602346
7,0.002694488189173866,35.02797823540104,5,0.1375463032258124,0.34896016984482564,0.8051382943941516
7,0.002694488189173866,35.02797823540104,6,0.1044986810963127,0.3477394169827169,0.7443710138274094
7,0.002694488189173866,35.02797823540104,7,0.07159898856491743,0.34652412852223946,0.6698423764151837
7,0.002694488189173866,35.02797823540104,8,0.03886286236293682,0.3453148820718043,0.5816540350980676
7,0.002694488189173866,35.02797823540104,9,0.006306002231713856,0.3441122575673625,0.47992155864956115
7,0.002694488189173866,35.02797823540104,10,-0.026056028362330057,0.3429168299109786,0.36477400324996867
7,0.002694488189173866,35.02797823540104,11,-0.05820793451751488,0.3417291640841487,0.23635340272907687
7,0.002694488189173866,35.02797823540104,12,-0.09013478417946094,0.3405498116650787,0.09481419863642006
7,0.002694488189173866,35.02797823540104,13,-0.11091436931106308,0.3431925326031411,0.08089963074975348
7,0.002694488189173866,35.02797823540104,14,-0.12515159856187066,0.34610155840112683,0.0898598685297312
7,0.002694488189173866,35.02797823540104,15,-0.13731483017043736,0.348448647104139,0.09352581569725965
7,0.002694488189173866,35.02797823540104,16,-0.14676144771348454,0.34970020425176723,0.09666931766252983
7,0.002694488189173866,35.02797823540104,17,-0.15340162319687006,0.3505199943678272,0.09760069067746534
7,0.002694488189173866,35.02797823540104,18,-0.15697853393987227,0.3509139204785892,0.09856010073418119
7,0.002694488189173866,35.02797823540104,19,-0.1577160842077645,0.3511328575017338,0.09931488403731092
7,0.002694488189173866,35.02797823540104,20,-0.1575960504134813,0.35115166523617664,0.09967128344043971
7,0.002694488189173866,35.02797823540104,21,-0.15755464625982543,0.35116346858864506,0.09983955245298892
7,0.002694488189173866,35.02797823540104,22,-0.15756464007792917,0.3511750173601008,0.09991902540301617
7,0.002694488189173866,35.02797823540104,23,-0.15756931516151548,0.3511804107463119,0.09995654725884079
7,0.002694488189173866,35.02797823540104,24,-0.15757150206731815,0.35118292929288125,0.09997426282009234
7,0.002694488189173866,35.02797823540104,25,-0.1575725250470788,0.3511841053292639,0.09998262709327746
7,0.002694488189173866,35.02797823540104,26,-0.1575721429724107,0.3511844152967025,0.09998645978873695
7,0.002694488189173866,35.02797823540104,27,-0.15757084812789163,0.3511843405856643,0.09998817645123252
7,0.002694488189173866,35.02797823540104,28,-0.1575703909515223,0.3511844373611608,0.09998879964053194
7,0.002694488189173866,35.02797823540104,29,-0.15757026528997709,0.35118455097861656,0.0999890012897561
7,0.002694488189173866,35.02797823540104,30,-0.1575702179680309,0.3511846056251368,0.09998909008608663
8,0.008894850297340056,35.46576646163235,1,0.32618461974034774,0.2835529028930176,0.7609337579649326
8,0.008894850297340056,35.46576646163235,2,0.23745008271930187,0.3526269612714173,0.9040151771991852
8,0.008894850297340056,35.46576646163235,3,0.20422355693980374,0.35118777863653655,0.8845215549798858
8,0.008894850297340056,35.46576646163235,4,0.1711028645961984,0.3497531800994378,0.8510482163850547
8,0.008894850297340056,35.46576646163235,5,0.13810027882499765,0.3483236972620422,0.8036550192730013
8,0.008894850297340056,35.46576646163235,6,0.10523007442531795,0.34689994842682137,0.7424155976004667
8,0.008894850297340056,35.46576646163235,7,0.07250746019743866,0.34548259235182294,0.6674178688747384
8,0.008894850297340056,35.46576646163235,8,0.039948013196023036,0.3440723037457638,0.5787639651260671
8,0.008894850297340056,35.46576646163235,9,0.007567361315887519,0.3426697595194649,0.4765699242657148
8,0.008894850297340056,35.46576646163235,10,-0.024619010911148768,0.3412756303740837,0.36096525730971335
8,0.008894850297340056,35.46576646163235,11,-0.056595891579315966,0.33989057520218025,0.23209243572686458
8,0.008894850297340056,35.46576646163235,12,-0.08834843376238119,0.338515237087493,0.09010631935768444
8,0.008894850297340056,35.46576646163235,13,-0.1090381733051451,0.34125298257215564,0.07903791876317287
8,0.008894850297340056,35.46576646163235,14,-0.12340945281356215,0.34425974453894537,0.09033442688019679
8,0.008894850297340056,35.46576646163235,15,-0.1362412027148256,0.34686433297968244,0.0938914663389688
8,0.008894850297340056,35.46576646163235,16,-0.14640370257332938,0.3481818356923574,0.09656641753684607
8,0.008894850297340056,35.46576646163235,17,-0.1535800253177724,0.3490430821402707,0.09784907116760198
8,0.008894850297340056,35.46576646163235,18,-0.15767603330176827,0.3494362121447822,0.09887622992114953
8,0.008894850297340056,35.46576646163235,19,-0.15878692458721916,0.34965577617517696,0.09946423976898822
8,0.008894850297340056,35.46576646163235,20,-0.15874637979598996,0.34966510579746596,0.09974175365173592
8,0.008894850297340056,35.46576646163235,21,-0.15872846096573978,0.34966945794042986,0.0998728096814674
8,0.008894850297340056,35.46576646163235,22,-0.15873379830507553,0.3496744473123299,0.09993472600470266
8,0.008894850297340056,35.46576646163235,23,-0.15873629640733988,0.3496767770373058,0.09996395967375647
8,0.008894850297340056,35.46576646163235,24,-0.1587374656568438,0.34967786478354407,0.09997776234722391
8,0.008894850297340056,35.46576646163235,25,-0.15873801293890172,0.34967837263379936,0.0999842792905455
8,0.008894850297340056,35.46576646163235,26,-0.15873661333990122,0.3496781864227775,0.09998716164215787
8,0.008894850297340056,35.46576646163235,27,-0.15873574909153568,0.3496780508078356,0.0999885090966078
8,0.008894850297340056,35.46576646163235,28,-0.15873537625308323,0.3496781530734855,0.09998890614182449
8,0.008894850297340056,35.46576646163235,29,-0.15873529850871065,0.3496782352858709,0.09998905145376126
8,0.008894850297340056,35.46576646163235,30,-0.15873527302359075,0.34967827506625676,0.09998911366966587
9,0.06192853371047388,29.95625313559612,1,0.32618461974034774,0.2835529028930176,0.7609337579649326
9,0.06192853371047388,29.95625313559612,2,0.237583248989392,0.3524351131617099,0.9035596334073812
9,0.06192853371047388,29.95625313559612,3,0.20555395206515084,0.3492722240716271,0.8799733682682254
9,0.06192853371047388,29.95625313559612,4,0.17362895407916337,0.3461196344887326,0.8424226345733303
9,0.06192853371047388,29.95625313559612,5,0.14182100861241195,0.34297860382756334,0.7909710371310514
9,0.06192853371047388,29.95625313559612,6,0.11014438268614132,0.33985054095469375,0.725696291194537
9,0.06192853371047388,29.95625313559612,7,0.07861401052178589,0.3367369206226342,0.6466904591754467
9,0.06192853371047388,29.95625313559612,8,0.04724504745853026,0.3336392394192454,0.5540597708196245
9,0.06192853371047388,29.95625313559612,9,0.016052615382489747,0.33055899062890154,0.44792426103085514
9,0.06192853371047388,29.95625313559612,10,-0.014948356735428462,0.3274976484856241,0.32841730551709836
9,0.06192853371047388,29.95625313559612,11,-0.045743241489261836,0.3244566574439338,0.19568508627881412
9,0.06192853371047388,29.95625313559612,12,-0.07518245629753287,0.3220512698357904,0.0812299160850375
9,0.06192853371047388,29.95625313559612,13,-0.09181842682721703,0.3255710295461778,0.0885117769575411
9,0.06192853371047388,29.95625313559612,14,-0.10569605656440766,0.3284510073945845,0.09324401652416335
9,0.06192853371047388,29.95625313559612,15,-0.11707248989659995,0.3303742302510051,0.0955744205694922
9,0.06192853371047388,29.95625313559612,16,-0.1255770696478469,0.3313786843366212,0.09714700366442741
9,0.06192853371047388,29.95625313559612,17,-0.13076490256259285,0.3317596525588701,0.09859088890646932
9,0.06192853371047388,29.95625313559612,18,-0.13284512580292307,0.331866165475141,0.09927595113505186
9,0.06192853371047388,29.95625313559612,19,-0.13290290885171746,0.33192395577012573,0.09965286671384843
9,0.06192853371047388,29.95625313559612,20,-0.13286548780788524,0.3319500548727523,0.09983081942372109
9,0.06192853371047388,29.95625313559612,21,-0.13287330719760132,0.33196474618835775,0.09991486147750969
9,0.06192853371047388,29.95625313559612,22,-0.13288033671168423,0.3319717016084392,0.0999545457650798
9,0.06192853371047388,29.95625313559612,23,-0.13288373732962375,0.33197506992594933,0.09997327895837435
9,0.06192853371047388,29.95625313559612,24,-0.13288522642362113,0.33197654218378025,0.0999821274343572
9,0.06192853371047388,29.95625313559612,25,-0.13288590968987612,0.33197722624283965,0.0999861282587736
9,0.06192853371047388,29.95625313559612,26,-0.13288527993163438,0.3319765681417273,0.0999868409552997
9,0.06192853371047388,29.95625313559612,27,-0.13288513210200387,0.3319764051185969,0.09998723972330763
9,0.06192853371047388,29.95625313559612,28,-0.13288492635497573,0.33197618671905504,0.09998737118691872
9,0.06192853371047388,29.95625313559612,29,-0.13288497322007803,0.33197622584699327,0.09998748912454168
9,0.06192853371047388,29.95625313559612,30,-0.13288485897973168,0.331976102474825,0.09998748849234662
10,0.012011411585661151,35.91297438605561,1,0.32618461974034774,0.2835529028930176,0.7609337579649326
10,0.012011411585661151,35.91297438605561,2,0.23745977488153322,0.3526154196765202,0.9039884223942314
10,0.012011411585661151,35.91297438605561,3,0.2043203556211787,0.35107253549502954,0.8842544171636594
10,0.012011411585661151,35.91297438605561,4,0.1712865980275534,0.34953457064277954,0.850541549986887
10,0.012011411585661151,35.91297438605561,5,0.1383708078746324,0.3480020980442339,0.8029098886646842
10,0.012011411585661151,35.91297438605561,6,0.10558725947322112,0.3464757822737525,0.7414333027861211
10,0.012011411585661151,35.91297438605561,7,0.07295114253115921,0.3449563305241732,0.6661999519898835
10,0.012011411585661151,35.91297438605561,8,0.040478004665906064,0.34344446665166395,0.5773122090228568
10,0.012011411585661151,35.91297438605561,9,0.008183438418321115,0.3419409166039083,0.47488634736005375
10,0.012011411585661151,35.91297438605561,10,-0.023917110480551805,0.3404463994935107,0.35905210630011736
10,0.012011411585661151,35.91297438605561,11,-0.05580847090193792,0.3389616216483166,0.22995217688818156
10,0.012011411585661151,35.91297438605561,12,-0.08747583773523707,0.3374872723553278,0.08774162877066095
10,0.012011411585661151,35.91297438605561,13,-0.10812779778481585,0.3402824114907347,0.07810359542584765
10,0.012011411585661151,35.91297438605561,14,-0.12256976144405524,0.34337456277696954,0.09059701198527212
10,0.012011411585661151,35.91297438605561,15,-0.13572411627199596,0.3461408606618579,0.09421087885976401
10,0.012011411585661151,35.91297438605561,16,-0.14646928918370375,0.3478228349675461,0.09616290820936796
10,0.012011411585661151,35.91297438605561,17,-0.15437524309424586,0.3488183414340034,0.09737143391958503
10,0.012011411585661151,35.91297438605561,18,-0.15905236726857913,0.34941926463037687,0.09861294887108879
10,0.012011411585661151,35.91297438605561,19,-0.16073096276945695,0.3497647106872492,0.09927028337923129
10,0.012011411585661151,35.91297438605561,20,-0.16070449727172553,0.3498215208456979,0.09965019652182752
10,0.012011411585661151,35.91297438605561,21,-0.16066209242943857,0.3498423534698044,0.09982955651634616
10,0.012011411585661151,35.91297438605561,22,-0.16066943940478778,0.34985953888428784,0.0999142668071338
10,0.012011411585661151,35.91297438605561,23,-0.16067644092590727,0.3498685707120578,0.09995426463494071
10,0.012011411585661151,35.91297438605561,24,-0.1606801319777169,0.3498734068310762,0.09997315623309486
10,0.012011411585661151,35.91297438605561,25,-0.1606818592022527,0.34987567005597736,0.09998207233235185
10,0.012011411585661151,35.91297438605561,26,-0.1606821797369185,0.3498759907139338,0.09998558179051086
10,0.012011411585661151,35.91297438605561,27,-0.16068181281410232,0.3498754408788361,0.09998623875583895
10,0.012011411585661151,35.91297438605561,28,-0.16068163950686187,0.34987518307147836,0.09998654803774655
10,0.012011411585661151,35.91297438605561,29,-0.1606815564635423,0.34987506166755583,0.09998669343196204
10,0.012011411585661151,35.91297438605561,30,-0.16068151585388465,0.3498750043873951,0.09998676178224186
11,0.011093900124336796,35.9430893877384,1,0.32618461974034774,0.2835529028930176,0.7609337579649326
11,0.011093900124336796,35.9430893877384,2,0.2374569715940206,0.35261878345101616,0.9039963034209806
11,0.011093900124336796,35.9430893877384,3,0.20429235774910565,0.3511061228381096,0.8843331063420605
11,0.011093900124336796,35.9430893877384,4,0.17123345405390536,0.3495982837370894,0.8506907949439907
11,0.011093900124336796,35.9430893877384,5,0.13829255669635984,0.34809582698545755,0.8031293749883915
11,0.011093900124336796,35.9430893877384,6,0.10548394007452956,0.3465994036482263,0.7417226465695294
11,0.011093900124336796,35.9430893877384,7,0.07282279940571909,0.34510970678960035,0.6665586979704631
11,0.011093900124336796,35.9430893877384,8,0.04032469082971881,0.3436274459357049,0.5777398310261412
11,0.011093900124336796,35.9430893877384,9,0.008005217133136778,0.34215333274025805,0.4753822498327287
11,0.011093900124336796,35.9430893877384,10,-0.024120164702347693,0.3406880722067159,0.3596156264644816
11,0.011093900124336796,35.9430893877384,11,-0.05603627171998448,0.3392323568400709,0.23058258731351558
11,0.011093900124336796,35.9430893877384,12,-0.0877282866763419,0.3377868624648824,0.08843814025637924
11,0.011093900124336796,35.9430893877384,13,-0.1083909897997787,0.3405666147688809,0.0783791746829703
11,0.011093900124336796,35.9430893877384,14,-0.12281222995852337,0.34363367869001277,0.09051950642833134
11,0.011093900124336796,35.9430893877384,15,-0.13588761674330677,0.3463821451278473,0.09400219256878552
11,0.011093900124336796,35.9430893877384,16,-0.14639682351838723,0.3478510805462381,0.0963828216497297
11,0.011093900124336796,35.9430893877384,17,-0.15382232483214303,0.34876628909184904,0.09794477107405357
11,0.011093900124336796,35.9430893877384,18,-0.1580947971269645,0.3492772829154455,0.09897330610094193
11,0.011093900124336796,35.9430893877384,19,-0.15943508422081454,0.3495429706650514,0.09943354331099763
11,0.011093900124336796,35.9430893877384,20,-0.15943755216480243,0.34958241918043365,0.09972724930415844
11,0.011093900124336796,35.9430893877384,21,-0.15943866515215702,0.34960102562287176,0.09986591954487042
11,0.011093900124336796,35.9430893877384,22,-0.15944071114396596,0.34961084831772965,0.09993140158384929
11,0.011093900124336796,35.9430893877384,23,-0.1594456692692912,0.3496180437549446,0.09996235871869459
11,0.011093900124336796,35.9430893877384,24,-0.159448165069753,0.3496216731911287,0.09997697585739682
11,0.011093900124336796,35.9430893877384,25,-0.15944933207382045,0.34962336991863513,0.09998387464512135
11,0.011093900124336796,35.9430893877384,26,-0.15944901946679446,0.34962295602720966,0.09998585500972557
11,0.011093900124336796,35.9430893877384,27,-0.15944873712152705,0.34962252556222284,0.0999863692403717
11,0.011093900124336796,35.9430893877384,28,-0.15944860309041436,0.34962232298785273,0.09998661096733576
11,0.011093900124336796,35.9430893877384,29,-0.15944853879440107,0.34962222755925865,0.09998672460242862
11,0.011093900124336796,35.9430893877384,30,-0.15944850728078203,0.3496221824996176,0.09998677802197846
12,0.02618307274108104,33.91623119277959,1,0.32618461974034774,0.2835529028930176,0.7609337579649326
12,0.02618307274108104,33.91623119277959,2,0.2375004717045884,0.3525637516526565,0.903866691966207
12,0.02618307274108104,33.91623119277959,3,0.20472685175781996,0.3505566329158625,0.8830390029770085
12,0.02618307274108104,33.91623119277959,4,0.17205825980803954,0.34855594629309755,0.8482364049277906
12,0.02618307274108104,33.91623119277959,5,0.1395071427517252,0.34656245405594405,0.799519939167623
12,0.02618307274108104,33.91623119277959,6,0.10708777290680203,0.3445770302682608,0.7369645550135104
12,0.02618307274108104,33.91623119277959,7,0.07481525853000479,0.34260060018838767,0.6606595164236309
12,0.02618307274108104,33.91623119277959,8,0.04270502177897441,0.34063410829855173,0.5707082915774166
12,0.02618307274108104,33.91623119277959,9,0.010772504563659578,0.3386785002906493,0.46722822456881535
12,0.02618307274108104,33.91623119277959,10,-0.020967012721572385,0.33673471196505517,0.35035009131845385
12,0.02618307274108104,33.91623119277959,11,-0.05249853277012798,0.3348036617853117,0.22021757926969165
12,0.02618307274108104,33.91623119277959,12,-0.08354130391398809,0.3316694503116748,0.0819689388469576
12,0.02618307274108104,33.91623119277959,13,-0.10262205108614528,0.3359583227377105,0.08274025853649802
12,0.02618307274108104,33.91623119277959,14,-0.11686245778391617,0.3388722764365493,0.09137763851874964
12,0.02618307274108104,33.91623119277959,15,-0.12928340870915617,0.34122761834821824,0.09383456624430168
12,0.02618307274108104,33.91623119277959,16,-0.13870776487615394,0.3422731667135237,0.09673812747295117
12,0.02618307274108104,33.91623119277959,17,-0.14526593633682983,0.34278777355912987,0.09818068854229031
12,0.02618307274108104,33.91623119277959,18,-0.14875387994555833,0.34317646561098003,0.09897697829724232
12,0.02618307274108104,33.91623119277959,19,-0.14952481456021,0.343378804030408,0.09951172269646293
12,0.02618307274108104,33.91623119277959,20,-0.14940361634745195,0.3434076999778355,0.09976423318533982
12,0.02618307274108104,33.91623119277959,21,-0.1493492909389451,0.3434220160504377,0.0998834336872469
12,0.02618307274108104,33.91623119277959,22,-0.14936307801996365,0.3434343865578916,0.09993974476957737
12,0.02618307274108104,33.91623119277959,23,-0.14936952328087888,0.3434401727490449,0.09996633018186471
12,0.02618307274108104,33.91623119277959,24,-0.14937253618791885,0.3434428793478136,0.09997888193454114
12,0.02618307274108104,33.91623119277959,25,-0.14937394454263325,0.3434441454101982,0.09998480805846187
12,0.02618307274108104,33.91623119277959,26,-0.14937309433500778,0.34344457285162205,0.09998743377101008
12,0.02618307274108104,33.91623119277959,27,-0.1493722907771696,0.34344473241268914,0.09998863751293684
12,0.02618307274108104,33.91623119277959,28,-0.14937190587192717,0.3434446750583089,0.09998902279785586
12,0.02618307274108104,33.91623119277959,29,-0.14937189939380427,0.3434446324703732,0.09998911668668094
12,0.02618307274108104,33.91623119277959,30,-0.14937192127094404,0.3434446175035109,0.09998915093391075
13,0.0257636530414647,33.53624634296636,1,0.32618461974034774,0.2835529028930176,0.7609337579649326
13,0.0257636530414647,33.53624634296636,2,0.23749933566809042,0.35256527386301934,0.9038702947172749
13,0.0257636530414647,33.53624634296636,3,0.2047155035685227,0.3505718320034914,0.8830749739968088
13,0.0257636530414647,33.53624634296636,4,0.17203671520365876,0.3485847773953745,0.8483046257360357
13,0.0257636530414647,33.53624634296636,5,0.13947541347208514,0.3466048666370683,0.7996202620782511
13,0.0257636530414647,33.53624634296636,6,0.1070458707626787,0.3446329675702984,0.7370968002250066
13,0.0257636530414647,33.53624634296636,7,0.0747631976430005,0.34266999900278083,0.6608234713979647
13,0.0257636530414647,33.53624634296636,8,0.042642819818686006,0.3407168989044039,0.570903711355345
13,0.0257636530414647,33.53624634296636,9,0.010700183455392358,0.3387746064891402,0.46745483253350995
13,0.0257636530414647,33.53624634296636,10,-0.02104942638243631,0.3368440511751004,0.35060758022031907
13,0.0257636530414647,33.53624634296636,11,-0.05259100747794542,0.3349261451816668,0.2205056124300204
13,0.0257636530414647,33.53624634296636,12,-0.08364471067869365,0.33180715635297253,0.08227788346646396
13,0.0257636530414647,33.53624634296636,13,-0.1027268038700712,0.33608317081423655,0.08284285561310499
13,0.0257636530414647,33.53624634296636,14,-0.11695222381923365,0.3389870959987728,0.09133680132161628
13,0.0257636530414647,33.53624634296636,15,-0.1292230062726724,0.34125663825200947,0.09432985033338327
13,0.0257636530414647,33.53624634296636,16,-0.1386151132232971,0.3422879105553624,0.09683058540694994
13,0.0257636530414647,33.53624634296636,17,-0.14495855437904773,0.3429057078513681,0.09827765446520381
13,0.0257636530414647,33.53624634296636,18,-0.14826608068342173,0.3432675373778451,0.09903585170871036
13,0.0257636530414647,33.53624634296636,19,-0.14893342607529841,0.3434155594847839,0.09953958002660007
13,0.0257636530414647,33.53624634296636,20,-0.14884169595488422,0.34343349784541566,0.0997773605823349
13,0.0257636530414647,33.53624634296636,21,-0.14881111833286514,0.3434440379094864,0.09988963275361082
13,0.0257636530414647,33.53624634296636,22,-0.14882056682480865,0.3434523693991568,0.09994267007922106
13,0.0257636530414647,33.53624634296636,23,-0.14882498476204112,0.3434562669644705,0.09996771084871538
13,0.0257636530414647,33.53624634296636,24,-0.14882705039007493,0.3434580903027548,0.09997953362216043
13,0.0257636530414647,33.53624634296636,25,-0.1488280161596872,0.3434589432897122,0.09998511567258636
13,0.0257636530414647,33.53624634296636,26,-0.14882667225767918,0.3434591403805373,0.09998755537625613
13,0.0257636530414647,33.53624634296636,27,-0.1488259236826101,0.3434592334510751,0.09998869484602799
13,0.0257636530414647,33.53624634296636,28,-0.14882568323648326,0.34345916385146247,0.0999890207424885
13,0.0257636530414647,33.53624634296636,29,-0.14882566109610634,0.34345910408141794,0.09998909961916552
13,0.0257636530414647,33.53624634296636,30,-0.1488255211225869,0.3434590281344048,0.099989133422246
14,0.03125118598859028,34.40535623473274,1,0.32618461974034774,0.2835529028930176,0.7609337579649326
14,0.03125118598859028,34.40535623473274,2,0.2375138805605922,0.35254538621615333,0.9038231573472567
14,0.03125118598859028,34.40535623473274,3,0.20486080152248426,0.3503732568120458,0.8826043421779058
14,0.03125118598859028,34.40535623473274,4,0.1723125742904928,0.34820810229967436,0.8474120568944791
14,0.03125118598859028,34.40535623473274,5,0.13988169326020267,0.3460507538240591,0.7983076975314993
14,0.03125118598859028,34.40535623473274,6,0.10758242986565565,0.34390216074135377,0.7353666021866077
14,0.03125118598859028,34.40535623473274,7,0.07542986492765798,0.3417633262492743,0.658678430620063
14,0.03125118598859028,34.40535623473274,8,0.04343937851576615,0.3396352734519905,0.5683470427666644
14,0.03125118598859028,34.40535623473274,9,0.011626362068601057,0.33751902620995866,0.46449016511527896
14,0.03125118598859028,34.40535623473274,10,-0.01999395940413258,0.33541559731254594,0.34723894351249535
14,0.03125118598859028,34.40535623473274,11,-0.05140664683418207,0.33332598052788626,0.216737420722236
14,0.03125118598859028,34.40535623473274,12,-0.08231966853952125,0.3300081827036524,0.07823617581896901
14,0.03125118598859028,34.40535623473274,13,-0.10139191101893992,0.3344555490511172,0.08149955188226071
14,0.03125118598859028,34.40535623473274,14,-0.11583085145403706,0.33757212836633865,0.09177003982202514
14,0.03125118598859028,34.40535623473274,15,-0.12883045246444397,0.3403624100171055,0.09389397224337125
14,0.03125118598859028,34.40535623473274,16,-0.13912585721430526,0.3416823976576073,0.09647479870278346
14,0.03125118598859028,34.40535623473274,17,-0.1467696809433223,0.34231430125529355,0.0974663402818007
14,0.03125118598859028,34.40535623473274,18,-0.15116145885934285,0.34250551785288635,0.09848524866325947
14,0.03125118598859028,34.40535623473274,19,-0.1525630038835767,0.3425775058941735,0.09907810219184524
14,0.03125118598859028,34.40535623473274,20,-0.15250039425922302,0.34252849535302315,0.09955945616416507
14,0.03125118598859028,34.40535623473274,21,-0.1524562962909051,0.3425032085482196,0.09978672536729476
14,0.03125118598859028,34.40535623473274,22,-0.15247247533479974,0.3424961116800185,0.09989408267943212
14,0.03125118598859028,34.40535623473274,23,-0.1524800352004596,0.3424927940864414,0.09994477019220385
14,0.03125118598859028,34.40535623473274,24,-0.15248357145462516,0.3424912414055857,0.09996870209440144
14,0.03125118598859028,34.40535623473274,25,-0.15248522554342966,0.3424905147078355,0.09998000151095739
14,0.03125118598859028,34.40535623473274,26,-0.15248610723383071,0.34249011655468636,0.09998530001200738
14,0.03125118598859028,34.40535623473274,27,-0.1524844605149259,0.3424896706426009,0.09998763003163097
14,0.03125118598859028,34.40535623473274,28,-0.152483634689255,0.34248946080757176,0.09998872873757303
14,0.03125118598859028,34.40535623473274,29,-0.152483515794265,0.34248951533163813,0.09998899968164286
14,0.03125118598859028,34.40535623473274,30,-0.15248331806835344,0.3424895825000984,0.09998908606743769
15,0.011435802802444774,35.8448652749658,1,0.32618461974034774,0.2835529028930176,0.7609337579649326
15,0.011435802802444774,35.8448652749658,2,0.23745801866973296,0.35261752967516,0.9039933666264284
15,0.011435802802444774,35.8448652749658,3,0.2043028153977282,0.35109360386296096,0.8843037835018003
15,0.011435802802444774,35.8448652749658,4,0.1712533040995291,0.3495745360130461,0.8506351800527
15,0.011435802802444774,35.8448652749658,5,0.13832178454191596,0.3480608914644947,0.8030475851443108
15,0.011435802802444774,35.8448652749658,6,0.10552253109122783,0.3465533263156914,0.7416148247613378
15,0.011435802802444774,35.8448652749658,7,0.07287073690841916,0.345052538895944,0.6664250137747013
15,0.011435802802444774,35.8448652749658,8,0.04038195495178521,0.34355924407206856,0.5775804804438379
15,0.011435802802444774,35.8448652749658,9,0.008071784182824667,0.34207415882534487,0.4751974547191987
15,0.011435802802444774,35.8448652749658,10,-0.024044322617145765,0.34059799341811475,0.3594056337271751
15,0.011435802802444774,35.8448652749658,11,-0.05595118690730187,0.339131445507695,0.23034766795430214
15,0.011435802802444774,35.8448652749658,12,-0.08763399597392774,0.33767519593674533,0.08817858829753149
15,0.011435802802444774,35.8448652749658,13,-0.10829264829205941,0.3404606585643881,0.0782764844269519
15,0.011435802802444774,35.8448652749658,14,-0.12272158896769798,0.34353689423855266,0.09054834495727174
15,0.011435802802444774,35.8448652749658,15,-0.13582640596679127,0.3462916426464663,0.09407977847756692
15,0.011435802802444774,35.8448652749658,16,-0.14642353234562183,0.34785582667722714,0.09647788866384628
15,0.011435802802444774,35.8448652749658,17,-0.15416339275729057,0.34874505681693896,0.09735448061921266
15,0.011435802802444774,35.8448652749658,18,-0.15883904335224466,0.3492590274470167,0.09847817459071931
15,0.011435802802444774,35.8448652749658,19,-0.16044052283867047,0.3495583127503944,0.09927619990157334
15,0.011435802802444774,35.8448652749658,20,-0.1604157313976427,0.34959147400089785,0.09965297448131404
15,0.011435802802444774,35.8448652749658,21,-0.16038003960745884,0.34960213571906207,0.09983086492102854
15,0.011435802802444774,35.8448652749658,22,-0.16039025929388617,0.3496148479207651,0.09991488658381403
15,0.011435802802444774,35.8448652749658,23,-0.1603958351886874,0.34962145344062384,0.09995456204525713
15,0.011435802802444774,35.8448652749658,24,-0.16039854550219332,0.34962469627116805,0.09997329500360137
15,0.011435802802444774,35.8448652749658,25,-0.16039981295108124,0.34962621254855897,0.09998213689319392
15,0.011435802802444774,35.8448652749658,26,-0.16039982436587985,0.3496260008715208,0.09998542837309093
15,0.011435802802444774,35.8448652749658,27,-0.16039941764502497,0.34962537897458407,0.09998616805825367
15,0.011435802802444774,35.8448652749658,28,-0.1603992255786258,0.3496250872229586,0.0999865163943795
15,0.011435802802444774,35.8448652749658,29,-0.16039913400060432,0.3496249498723542,0.09998668014593345
15,0.011435802802444774,35.8448652749658,30,-0.16039908966221852,0.34962488510533096,0.09998675712507014
16,0.01374878241536251,35.9745516361696,1,0.32618461974034774,0.2835529028930176,0.7609337579649326
16,0.01374878241536251,35.9745516361696,2,0.23746502577939071,0.3526090569305442,0.9039734990911136
16,0.01374878241536251,35.9745516361696,3,0.20437279983383635,0.3510090034405074,0.8841054138365083
16,0.01374878241536251,35.9745516361696,4,0.1713861462956576,0.34941405451790436,0.8502589456929721
16,0.01374878241536251,35.9745516361696,5,0.13851738893503146,0.34782480603354515,0.8024942802806022
16,0.01374878241536251,35.9745516361696,6,0.10578080187972255,0.34624194816064413,0.7408854189254627
16,0.01374878241536251,35.9745516361696,7,0.07319156448252968,0.34466621484125953,0.6655206564336853
16,0.01374878241536251,35.9745516361696,8,0.04076520835730024,0.3430983570497434,0.5765024998337782
16,0.01374878241536251,35.9745516361696,9,0.008517306810384428,0.3415391277763364,0.4739473539539767
16,0.01374878241536251,35.9745516361696,10,-0.023536715546121367,0.33998927282171265,0.3579850853504748
16,0.01374878241536251,35.9745516361696,11,-0.05538170978581322,0.3384495246567735,0.2287585074456316
16,0.01374878241536251,35.9745516361696,12,-0.08677292230575435,0.3359597374599103,0.09037479832103644
16,0.01374878241536251,35.9745516361696,13,-0.10827642049986869,0.3354996865729476,0.08362995352259105
16,0.01374878241536251,35.9745516361696,14,-0.12477842083415257,0.33377667070963785,0.09054114485199853
16,0.01374878241536251,35.9745516361696,15,-0.13848877856372194,0.33252745724242516,0.09474693726431307
16,0.01374878241536251,35.9745516361696,16,-0.1491707123957962,0.3316285361984135,0.09726526547506813
16,0.01374878241536251,35.9745516361696,17,-0.1568141349725757,0.33101640075720873,0.09833577393081544
16,0.01374878241536251,35.9745516361696,18,-0.16120647378890907,0.3305806155595658,0.0991176711141149
16,0.01374878241536251,35.9745516361696,19,-0.1624550360603135,0.330382147584952,0.09951208108603432
16,0.01374878241536251,35.9745516361696,20,-0.1624894536564846,0.3303995784201377,0.09976438513543276
16,0.01374878241536251,35.9745516361696,21,-0.16250562940184873,0.3304077480064782,0.09988350539791313
16,0.01374878241536251,35.9745516361696,22,-0.16251323562846542,0.33041157857655706,0.09993974678343415
16,0.01374878241536251,35.9745516361696,23,-0.16251681400837573,0.33041337455203856,0.0999663008777025
16,0.01374878241536251,35.9745516361696,24,-0.1625184992501773,0.3304142165113342,0.09997883833335752
16,0.01374878241536251,35.9745516361696,25,-0.16251897415901198,0.3304147296778259,0.09998473457883882
16,0.01374878241536251,35.9745516361696,26,-0.16251739768869408,0.3304157020693774,0.09998743360851735
16,0.01374878241536251,35.9745516361696,27,-0.16251667332430123,0.33041614816672427,0.09998870794731989
16,0.01374878241536251,35.9745516361696,28,-0.162516412119212,0.33041645322879337,0.09998910731220012
16,0.01374878241536251,35.9745516361696,29,-0.16251637693451648,0.3304165726354991,0.09998925929191903
16,0.01374878241536251,35.9745516361696,30,-0.16251637185053552,0.3304166245889963,0.0999893258508581
17,0.03191275851245148,34.673065761153794,1,0.32618461974034774,0.2835529028930176,0.7609337579649326
17,0.03191275851245148,34.673065761153794,2,0.23751558795808278,0.3525429924979811,0.9038174744616418
17,0.03191275851245148,34.673065761153794,3,0.20487785850120005,0.3503493559794007,0.8825476031729775
17,0.03191275851245148,34.673065761153794,4,0.17234495973260344,0.34816276530714346,0.8473044505993972
17,0.03191275851245148,34.673065761153794,5,0.1399293921400289,0.34598406065994913,0.7981494593114073
17,0.03191275851245148,34.673065761153794,6,0.10764542703978354,0.3438142012369145,0.7351580182506796
17,0.03191275851245148,34.673065761153794,7,0.07550814173790016,0.3416542004090572,0.6584198388734921
17,0.03191275851245148,34.673065761153794,8,0.0435329109163184,0.3395050915345283,0.5680388322507893
17,0.03191275851245148,34.673065761153794,9,0.01173511955423533,0.33736790866357474,0.46413277476789877
17,0.03191275851245148,34.673065761153794,10,-0.019870014426941255,0.33524367461820936,0.34683286052875945
17,0.03191275851245148,34.673065761153794,11,-0.05126755941330825,0.3331333929772375,0.21628317863993174
17,0.03191275851245148,34.673065761153794,12,-0.08216396012935182,0.32979167760291256,0.07774897088005814
17,0.03191275851245148,34.673065761153794,13,-0.10123615560974203,0.334260146577827,0.08133746271875358
17,0.03191275851245148,34.673065761153794,14,-0.11569611147663014,0.3373955695152491,0.09185254166776818
17,0.03191275851245148,34.673065761153794,15,-0.12877528450623774,0.340233585436598,0.09396932618089489
17,0.03191275851245148,34.673065761153794,16,-0.13913077068331506,0.34158164278511605,0.0963933986543064
17,0.03191275851245148,34.673065761153794,17,-0.14669911580144468,0.3421816314027884,0.09730554160516307
17,0.03191275851245148,34.673065761153794,18,-0.1510116425822745,0.34251244435588396,0.09866596418523066
17,0.03191275851245148,34.673065761153794,19,-0.1524412964750811,0.34274751562247474,0.09936492417900587
17,0.03191275851245148,34.673065761153794,20,-0.15240207546793486,0.34275972618738443,0.09969487085037054
17,0.03191275851245148,34.673065761153794,21,-0.15237906144547175,0.3427651512923377,0.09985066231148458
17,0.03191275851245148,34.673065761153794,22,-0.15238494237285266,0.34277025539016026,0.09992426860157792
17,0.03191275851245148,34.673065761153794,23,-0.15238769387367967,0.34277264332987617,0.09995902195406432
17,0.03191275851245148,34.673065761153794,24,-0.15238898163446246,0.3427737609116602,0.09997543088700514
17,0.03191275851245148,34.673065761153794,25,-0.1523895843308203,0.34277428395729437,0.09998317844322577
17,0.03191275851245148,34.673065761153794,26,-0.15238858654911477,0.3427744056566716,0.09998668141485652
17,0.03191275851245148,34.673065761153794,27,-0.1523873874540885,0.3427743391270509,0.09998828129024646
17,0.03191275851245148,34.673065761153794,28,-0.15238703594604272,0.34277429466756926,0.09998890643977727
17,0.03191275851245148,34.673065761153794,29,-0.15238682928737063,0.3427741349785459,0.09998904229492406
17,0.03191275851245148,34.673065761153794,30,-0.152386829888428,0.34277410075174475,0.09998912591220736
18,0.01438790868973298,36.002054504554756,1,0.32618461974034774,0.2835529028930176,0.7609337579649326
18,0.01438790868973298,36.002054504554756,2,0.23746693865417248,0.35260671845355407,0.9039680092451658
18,0.01438790868973298,36.002054504554756,3,0.20439190525187853,0.35098565375749535,0.884050600015566
18,0.01438790868973298,36.002054504554756,4,0.1714224122542643,0.3493697617795396,0.8501549845145496
18,0.01438790868973298,36.002054504554756,5,0.13857079000104885,0.347759646851001,0.8023413918164201
18,0.01438790868973298,36.002054504554756,6,0.10585131254715426,0.3461560085680441,0.7406838717560069
18,0.01438790868973298,36.002054504554756,7,0.07327915546171378,0.34455959071160663,0.6652707688798193
18,0.01438790868973298,36.002054504554756,8,0.0408698445153988,0.3429711542266108,0.5762046396159985
18,0.01438790868973298,36.002054504554756,9,0.00863894599342642,0.34139146204366666,0.4736019371068662
18,0.01438790868973298,36.002054504554756,10,-0.02339812320048549,0.33982126977193816,0.3575925747107906
18,0.01438790868973298,36.002054504554756,11,-0.05522622224368448,0.3382613194893781,0.2283194108533003
18,0.01438790868973298,36.002054504554756,12,-0.08659760914267838,0.3357157628545967,0.09003143756829426
18,0.01438790868973298,36.002054504554756,13,-0.10811373894901963,0.3354130545520765,0.08390157187146244
18,0.01438790868973298,36.002054504554756,14,-0.12466673224669758,0.33389297701796994,0.09083902580695753
18,0.01438790868973298,36.002054504554756,15,-0.13852444299767164,0.33275479140052494,0.09457969282032075
18,0.01438790868973298,36.002054504554756,16,-0.1493152613305324,0.33193829080577153,0.09690427568845918
18,0.01438790868973298,36.002054504554756,17,-0.15703035498641907,0.3313310593244441,0.09793249536676571
18,0.01438790868973298,36.002054504554756,18,-0.16149285282271814,0.33089402409167107,0.0987149027211586
18,0.01438790868973298,36.002054504554756,19,-0.16274380010815773,0.3306766261962424,0.09938798463070073
18,0.01438790868973298,36.002054504554756,20,-0.16267153643111928,0.3307337745077003,0.09970585962973308
18,0.01438790868973298,36.002054504554756,21,-0.16263771275682987,0.3307603251896147,0.09985591242588933
18,0.01438790868973298,36.002054504554756,22,-0.16262190669492388,0.3307727469618236,0.09992675125838342
18,0.01438790868973298,36.002054504554756,23,-0.16261451852831815,0.33077855889524016,0.09996019550208078
18,0.01438790868973298,36.002054504554756,24,-0.16261106543543222,0.33078127836899623,0.09997598550022585
18,0.01438790868973298,36.002054504554756,25,-0.1626094516081626,0.3307825508620373,0.09998344050377124
18,0.01438790868973298,36.002054504554756,26,-0.1626095610804472,0.3307829490033794,0.09998684472167939
18,0.01438790868973298,36.002054504554756,27,-0.16261070495830962,0.3307827969755178,0.0999883583007549
18,0.01438790868973298,36.002054504554756,28,-0.1626110312109446,0.33078274669530044,0.09998894685063146
18,0.01438790868973298,36.002054504554756,29,-0.1626112040167392,0.33078257670795,0.09998906205714367
18,0.01438790868973298,36.002054504554756,30,-0.16261119388396605,0.3307825514273744,0.09998913600139252
19,0.008486835655672698,35.43861242915604,1,0.32618461974034774,0.2835529028930176,0.7609337579649326
19,0.008486835655672698,35.43861242915604,2,0.23744880663604087,0.35262846048136154,0.9040186817590666
19,0.008486835655672698,35.43861242915604,3,0.20421081245316433,0.3512027483043138,0.884556546938078
19,0.008486835655672698,35.43861242915604,4,0.17107867457893294,0.34978157673303856,0.8511145841063167
19,0.008486835655672698,35.43861242915604,5,0.13806466180663393,0.34836547202576573,0.803752623712696
19,0.008486835655672698,35.43861242915604,6,0.10518304896418712,0.3469550464876748,0.7425442688858005
19,0.008486835655672698,35.43861242915604,7,0.07244904734102216,0.34555095259257174,0.6675774054289634
19,0.008486835655672698,35.43861242915604,8,0.03987823784999238,0.34415385866890813,0.5789541338420734
19,0.008486835655672698,35.43861242915604,9,0.007486253027365724,0.34276443525947276,0.4767904611746055
19,0.008486835655672698,35.43861242915604,10,-0.024711417497157794,0.34138334677721305,0.3612158685305572
19,0.008486835655672698,35.43861242915604,11,-0.056699556458065604,0.34001124595227344,0.23237279860432997
19,0.008486835655672698,35.43861242915604,12,-0.08846331143152353,0.3386487698652612,0.09041608373975073
19,0.008486835655672698,35.43861242915604,13,-0.10915840009517261,0.3413799704108648,0.07916044935278457
19,0.008486835655672698,35.43861242915604,14,-0.12352078423623256,0.3443778514628365,0.09030056789127745
19,0.008486835655672698,35.43861242915604,15,-0.1363144658120747,0.34697552249254016,0.09381863781965774
19,0.008486835655672698,35.43861242915604,16,-0.14643638269572945,0.3482641174398222,0.09652884229216353
19,0.008486835655672698,35.43861242915604,17,-0.15357789901694568,0.3490946914725201,0.09783203354517206
19,0.008486835655672698,35.43861242915604,18,-0.1576419976150548,0.3494649221112159,0.09886824957247506
19,0.008486835655672698,35.43861242915604,19,-0.15872347028417544,0.3496712642130202,0.09946047033466583
19,0.008486835655672698,35.43861242915604,20,-0.15868348016294248,0.3496784120399596,0.09973997332275261
19,0.008486835655672698,35.43861242915604,21,-0.15866582632180948,0.34968172929957525,0.099871968874307
19,0.008486835655672698,35.43861242915604,22,-0.15867126063575118,0.349686221213022,0.09993432896437623
19,0.008486835655672698,35.43861242915604,23,-0.15867380411342707,0.3496883184739024,0.09996377219071842
19,0.008486835655672698,35.43861242915604,24,-0.15867499459435014,0.34968929759199013,0.09997767381854444
19,0.008486835655672698,35.43861242915604,25,-0.1586755518105521,0.34968975468221886,0.09998423748797634
19,0.008486835655672698,35.43861242915604,26,-0.15867424642822311,0.3496895458524639,0.09998714155543496
19,0.008486835655672698,35.43861242915604,27,-0.15867322843361456,0.34968939722050396,0.09998849831844099
19,0.008486835655672698,35.43861242915604,28,-0.1586730039697507,0.34968949505255265,0.09998889566483257
19,0.008486835655672698,35.43861242915604,29,-0.1586727553336871,0.34968957663157907,0.09998903698023304
19,0.008486835655672698,35.43861242915604,30,-0.15867274213188454,0.3496896101701766,0.0999891229231245
20,0.008894850297340056,35.46576646163235,1,0.32618461974034774,0.2835529028930176,0.7609337579649326
20,0.008894850297340056,35.46576646163235,2,0.23745008271930187,0.3526269612714173,0.9040151771991852
20,0.008894850297340056,35.46576646163235,3,0.20422355693980374,0.35118777863653655,0.8845215549798858
20,0.008894850297340056,35.46576646163235,4,0.1711028645961984,0.3497531800994378,0.8510482163850547
20,0.008894850297340056,35.46576646163235,5,0.13810027882499765,0.3483236972620422,0.8036550192730013
20,0.008894850297340056,35.46576646163235,6,0.10523007442531795,0.34689994842682137,0.7424155976004667
20,0.008894850297340056,35.46576646163235,7,0.07250746019743866,0.34548259235182294,0.6674178688747384
20,0.008894850297340056,35.46576646163235,8,0.039948013196023036,0.3440723037457638,0.5787639651260671
20,0.008894850297340056,35.46576646163235,9,0.007567361315887519,0.3426697595194649,0.4765699242657148
20,0.008894850297340056,35.46576646163235,10,-0.024619010911148768,0.3412756303740837,0.36096525730971335
20,0.008894850297340056,35.46576646163235,11,-0.056595891579315966,0.33989057520218025,0.23209243572686458
20,0.008894850297340056,35.46576646163235,12,-0.08834843376238119,0.338515237087493,0.09010631935768444
20,0.008894850297340056,35.46576646163235,13,-0.1090381733051451,0.34125298257215564,0.07903791876317287
20,0.008894850297340056,35.46576646163235,14,-0.12340945281356215,0.34425974453894537,0.09033442688019679
20,0.008894850297340056,35.46576646163235,15,-0.1362412027148256,0.34686433297968244,0.0938914663389688
20,0.008894850297340056,35.46576646163235,16,-0.14640370257332938,0.3481818356923574,0.09656641753684607
20,0.008894850297340056,35.46576646163235,17,-0.1535800253177724,0.3490430821402707,0.09784907116760198
20,0.008894850297340056,35.46576646163235,18,-0.15767603330176827,0.3494362121447822,0.09887622992114953
20,0.008894850297340056,35.46576646163235,19,-0.15878692458721916,0.34965577617517696,0.09946423976898822
20,0.008894850297340056,35.46576646163235,20,-0.15874637979598996,0.34966510579746596,0.09974175365173592
20,0.008894850297340056,35.46576646163235,21,-0.15872846096573978,0.34966945794042986,0.0998728096814674
20,0.008894850297340056,35.46576646163235,22,-0.15873379830507553,0.3496744473123299,0.09993472600470266
20,0.008894850297340056,35.46576646163235,23,-0.15873629640733988,0.3496767770373058,0.09996395967375647
20,0.008894850297340056,35.46576646163235,24,-0.1587374656568438,0.34967786478354407,0.09997776234722391
20,0.008894850297340056,35.46576646163235,25,-0.15873801293890172,0.34967837263379936,0.0999842792905455
20,0.008894850297340056,35.46576646163235,26,-0.15873661333990122,0.3496781864227775,0.09998716164215787
20,0.008894850297340056,35.46576646163235,27,-0.15873574909153568,0.3496780508078356,0.0999885090966078
20,0.008894850297340056,35.46576646163235,28,-0.15873537625308323,0.3496781530734855,0.09998890614182449
20,0.008894850297340056,35.46576646163235,29,-0.15873529850871065,0.3496782352858709,0.09998905145376126
20,0.008894850297340056,35.46576646163235,30,-0.15873527302359075,0.34967827506625676,0.09998911366966587
