particle,elasticity,weight,frame,x,y,z
1,0.21388585681721758,49.61393496990798,1,-0.22724377979377997,0.35781321096398416,0.5840436959215308
1,0.21388585681721758,49.61393496990798,2,-0.12862164257594494,0.35881202625395026,0.6654255561319283
1,0.21388585681721758,49.61393496990798,3,-0.03379967942055698,0.3418216371175959,0.7291381974164586
1,0.21388585681721758,49.61393496990798,4,0.05876144255003595,0.3133891307088052,0.7761590042143671
1,0.21388585681721758,49.61393496990798,5,0.15079656807254763,0.2851181975076709,0.8088851025047936
1,0.21388585681721758,49.61393496990798,6,0.24232761271125045,0.2570021055903751,0.8274033308725645
1,0.21388585681721758,49.61393496990798,7,0.3216720904279896,0.22843953823846225,0.8324545737663991
1,0.21388585681721758,49.61393496990798,8,0.30724752831598334,0.1952232772638366,0.82872579217701
1,0.21388585681721758,49.61393496990798,9,0.29286641970405064,0.16210707913947275,0.8109649087006128
1,0.21388585681721758,49.61393496990798,10,0.2785318731047392,0.1290981020143131,0.7792199751509957
1,0.21388585681721758,49.61393496990798,11,0.26424879089132325,0.09620763486259525,0.733549887837455
1,0.21388585681721758,49.61393496990798,12,0.25002306564157106,0.0634492468588593,0.67402685933657
1,0.21388585681721758,49.61393496990798,13,0.2358610850475221,0.03083764730548557,0.6007371890912497
1,0.21388585681721758,49.61393496990798,14,0.22176945630832745,-0.0016119490236138462,0.5137813190586152
1,0.21388585681721758,49.61393496990798,15,0.2077548485365775,-0.033884184782922856,0.4132735856211095
1,0.21388585681721758,49.61393496990798,16,0.19382389618808427,-0.0659637824330636,0.29934181939152554
1,0.21388585681721758,49.61393496990798,17,0.17998313527489251,-0.09783569112672934,0.1721268522917658
1,0.21388585681721758,49.61393496990798,18,0.17646378658549075,-0.1512247451994101,0.15492318114432121
1,0.21388585681721758,49.61393496990798,19,0.172210077192745,-0.20287490676831874,0.15795532473614504
1,0.21388585681721758,49.61393496990798,20,0.166536027554329,-0.25149474239794206,0.15970386992848704
1,0.21388585681721758,49.61393496990798,21,0.1598088700992327,-0.29835907761563146,0.15508976111224965
1,0.21388585681721758,49.61393496990798,22,0.1516237167480017,-0.3399329023725695,0.14114874543087136
1,0.21388585681721758,49.61393496990798,23,0.13781394859612403,-0.34731153452140673,0.11429086460888194
1,0.21388585681721758,49.61393496990798,24,0.1256560436425367,-0.35065432625579807,0.0996691321366198
1,0.21388585681721758,49.61393496990798,25,0.11629476625438083,-0.35359113233976236,0.1005090480295858
1,0.21388585681721758,49.61393496990798,26,0.10880180309169976,-0.3565243058138296,0.09766030957053551
1,0.21388585681721758,49.61393496990798,27,0.10378843117811531,-0.3589447637295826,0.09823172508079024
1,0.21388585681721758,49.61393496990798,28,0.10149950640907765,-0.3602288527639458,0.0991598890267075
1,0.21388585681721758,49.61393496990798,29,0.1014158035281975,-0.36038334913783054,0.09959812418546356
1,0.21388585681721758,49.61393496990798,30,0.10154400669972644,-0.3603434405607113,0.09980502485108872
2,0.21388585681721758,49.61393496990798,1,-0.22724377979377997,0.35781321096398416,0.5840436959215308
2,0.21388585681721758,49.61393496990798,2,-0.12862164257594494,0.35881202625395026,0.6654255561319283
2,0.21388585681721758,49.61393496990798,3,-0.03379967942055698,0.3418216371175959,0.7291381974164586
2,0.21388585681721758,49.61393496990798,4,0.05876144255003595,0.3133891307088052,0.7761590042143671
2,0.21388585681721758,49.61393496990798,5,0.15079656807254763,0.2851181975076709,0.8088851025047936
2,0.21388585681721758,49.61393496990798,6,0.24232761271125045,0.2570021055903751,0.8274033308725645
2,0.21388585681721758,49.61393496990798,7,0.3216720904279896,0.22843953823846225,0.8324545737663991
2,0.21388585681721758,49.61393496990798,8,0.30724752831598334,0.1952232772638366,0.82872579217701
2,0.21388585681721758,49.61393496990798,9,0.29286641970405064,0.16210707913947275,0.8109649087006128
2,0.21388585681721758,49.61393496990798,10,0.2785318731047392,0.1290981020143131,0.7792199751509957
2,0.21388585681721758,49.61393496990798,11,0.26424879089132325,0.09620763486259525,0.733549887837455
2,0.21388585681721758,49.61393496990798,12,0.25002306564157106,0.0634492468588593,0.67402685933657
2,0.21388585681721758,49.61393496990798,13,0.2358610850475221,0.03083764730548557,0.6007371890912497
2,0.21388585681721758,49.61393496990798,14,0.22176945630832745,-0.0016119490236138462,0.5137813190586152
2,0.21388585681721758,49.61393496990798,15,0.2077548485365775,-0.033884184782922856,0.4132735856211095
2,0.21388585681721758,49.61393496990798,16,0.19382389618808427,-0.0659637824330636,0.29934181939152554
2,0.21388585681721758,49.61393496990798,17,0.17998313527489251,-0.09783569112672934,0.1721268522917658
2,0.21388585681721758,49.61393496990798,18,0.17646378658549075,-0.1512247451994101,0.15492318114432121
2,0.21388585681721758,49.61393496990798,19,0.172210077192745,-0.20287490676831874,0.15795532473614504
2,0.21388585681721758,49.61393496990798,20,0.166536027554329,-0.25149474239794206,0.15970386992848704
2,0.21388585681721758,49.61393496990798,21,0.1598088700992327,-0.29835907761563146,0.15508976111224965
2,0.21388585681721758,49.61393496990798,22,0.1516237167480017,-0.3399329023725695,0.14114874543087136
2,0.21388585681721758,49.61393496990798,23,0.13781394859612403,-0.34731153452140673,0.11429086460888194
2,0.21388585681721758,49.61393496990798,24,0.1256560436425367,-0.35065432625579807,0.0996691321366198
2,0.21388585681721758,49.61393496990798,25,0.11629476625438083,-0.35359113233976236,0.1005090480295858
2,0.21388585681721758,49.61393496990798,26,0.10880180309169976,-0.3565243058138296,0.09766030957053551
2,0.21388585681721758,49.61393496990798,27,0.10378843117811531,-0.3589447637295826,0.09823172508079024
2,0.21388585681721758,49.61393496990798,28,0.10149950640907765,-0.3602288527639458,0.0991598890267075
2,0.21388585681721758,49.61393496990798,29,0.1014158035281975,-0.36038334913783054,0.09959812418546356
2,0.21388585681721758,49.61393496990798,30,0.10154400669972644,-0.3603434405607113,0.09980502485108872
3,0.21388585681721758,49.61393496990798,1,-0.22724377979377997,0.35781321096398416,0.5840436959215308
3,0.21388585681721758,49.61393496990798,2,-0.12862164257594494,0.35881202625395026,0.6654255561319283
3,0.21388585681721758,49.61393496990798,3,-0.03379967942055698,0.3418216371175959,0.7291381974164586
3,0.21388585681721758,49.61393496990798,4,0.05876144255003595,0.3133891307088052,0.7761590042143671
3,0.21388585681721758,49.61393496990798,5,0.15079656807254763,0.2851181975076709,0.8088851025047936
3,0.21388585681721758,49.61393496990798,6,0.24232761271125045,0.2570021055903751,0.8274033308725645
3,0.21388585681721758,49.61393496990798,7,0.3216720904279896,0.22843953823846225,0.8324545737663991
3,0.21388585681721758,49.61393496990798,8,0.30724752831598334,0.1952232772638366,0.82872579217701
3,0.21388585681721758,49.61393496990798,9,0.29286641970405064,0.16210707913947275,0.8109649087006128
3,0.21388585681721758,49.61393496990798,10,0.2785318731047392,0.1290981020143131,0.7792199751509957
3,0.21388585681721758,49.61393496990798,11,0.26424879089132325,0.09620763486259525,0.733549887837455
3,0.21388585681721758,49.61393496990798,12,0.25002306564157106,0.0634492468588593,0.67402685933657
3,0.21388585681721758,49.61393496990798,13,0.2358610850475221,0.03083764730548557,0.6007371890912497
3,0.21388585681721758,49.61393496990798,14,0.22176945630832745,-0.0016119490236138462,0.5137813190586152
3,0.21388585681721758,49.61393496990798,15,0.2077548485365775,-0.033884184782922856,0.4132735856211095
3,0.21388585681721758,49.61393496990798,16,0.19382389618808427,-0.0659637824330636,0.29934181939152554
3,0.21388585681721758,49.61393496990798,17,0.17998313527489251,-0.09783569112672934,0.1721268522917658
3,0.21388585681721758,49.61393496990798,18,0.17646378658549075,-0.1512247451994101,0.15492318114432121
3,0.21388585681721758,49.61393496990798,19,0.172210077192745,-0.20287490676831874,0.15795532473614504
3,0.21388585681721758,49.61393496990798,20,0.166536027554329,-0.25149474239794206,0.15970386992848704
3,0.21388585681721758,49.61393496990798,21,0.1598088700992327,-0.29835907761563146,0.15508976111224965
3,0.21388585681721758,49.61393496990798,22,0.1516237167480017,-0.3399329023725695,0.14114874543087136
3,0.21388585681721758,49.61393496990798,23,0.13781394859612403,-0.34731153452140673,0.11429086460888194
3,0.21388585681721758,49.61393496990798,24,0.1256560436425367,-0.35065432625579807,0.0996691321366198
3,0.21388585681721758,49.61393496990798,25,0.11629476625438083,-0.35359113233976236,0.1005090480295858
3,0.21388585681721758,49.61393496990798,26,0.10880180309169976,-0.3565243058138296,0.09766030957053551
3,0.21388585681721758,49.61393496990798,27,0.10378843117811531,-0.3589447637295826,0.09823172508079024
3,0.21388585681721758,49.61393496990798,28,0.10149950640907765,-0.3602288527639458,0.0991598890267075
3,0.21388585681721758,49.61393496990798,29,0.1014158035281975,-0.36038334913783054,0.09959812418546356
3,0.21388585681721758,49.61393496990798,30,0.10154400669972644,-0.3603434405607113,0.09980502485108872
4,0.21388585681721758,49.61393496990798,1,-0.22724377979377997,0.35781321096398416,0.5840436959215308
4,0.21388585681721758,49.61393496990798,2,-0.12862164257594494,0.35881202625395026,0.6654255561319283
4,0.21388585681721758,49.61393496990798,3,-0.03379967942055698,0.3418216371175959,0.7291381974164586
4,0.21388585681721758,49.61393496990798,4,0.05876144255003595,0.3133891307088052,0.7761590042143671
4,0.21388585681721758,49.61393496990798,5,0.15079656807254763,0.2851181975076709,0.8088851025047936
4,0.21388585681721758,49.61393496990798,6,0.24232761271125045,0.2570021055903751,0.8274033308725645
4,0.21388585681721758,49.61393496990798,7,0.3216720904279896,0.22843953823846225,0.8324545737663991
4,0.21388585681721758,49.61393496990798,8,0.30724752831598334,0.1952232772638366,0.82872579217701
4,0.21388585681721758,49.61393496990798,9,0.29286641970405064,0.16210707913947275,0.8109649087006128
4,0.21388585681721758,49.61393496990798,10,0.2785318731047392,0.1290981020143131,0.7792199751509957
4,0.21388585681721758,49.61393496990798,11,0.26424879089132325,0.09620763486259525,0.733549887837455
4,0.21388585681721758,49.61393496990798,12,0.25002306564157106,0.0634492468588593,0.67402685933657
4,0.21388585681721758,49.61393496990798,13,0.2358610850475221,0.03083764730548557,0.6007371890912497
4,0.21388585681721758,49.61393496990798,14,0.22176945630832745,-0.0016119490236138462,0.5137813190586152
4,0.21388585681721758,49.61393496990798,15,0.2077548485365775,-0.033884184782922856,0.4132735856211095
4,0.21388585681721758,49.61393496990798,16,0.19382389618808427,-0.0659637824330636,0.29934181939152554
4,0.21388585681721758,49.61393496990798,17,0.17998313527489251,-0.09783569112672934,0.1721268522917658
4,0.21388585681721758,49.61393496990798,18,0.17646378658549075,-0.1512247451994101,0.15492318114432121
4,0.21388585681721758,49.61393496990798,19,0.172210077192745,-0.20287490676831874,0.15795532473614504
4,0.21388585681721758,49.61393496990798,20,0.166536027554329,-0.25149474239794206,0.15970386992848704
4,0.21388585681721758,49.61393496990798,21,0.1598088700992327,-0.29835907761563146,0.15508976111224965
4,0.21388585681721758,49.61393496990798,22,0.1516237167480017,-0.3399329023725695,0.14114874543087136
4,0.21388585681721758,49.61393496990798,23,0.13781394859612403,-0.34731153452140673,0.11429086460888194
4,0.21388585681721758,49.61393496990798,24,0.1256560436425367,-0.35065432625579807,0.0996691321366198
4,0.21388585681721758,49.61393496990798,25,0.11629476625438083,-0.35359113233976236,0.1005090480295858
4,0.21388585681721758,49.61393496990798,26,0.10880180309169976,-0.3565243058138296,0.09766030957053551
4,0.21388585681721758,49.61393496990798,27,0.10378843117811531,-0.3589447637295826,0.09823172508079024
4,0.21388585681721758,49.61393496990798,28,0.10149950640907765,-0.3602288527639458,0.0991598890267075
4,0.21388585681721758,49.61393496990798,29,0.1014158035281975,-0.36038334913783054,0.09959812418546356
4,0.21388585681721758,49.61393496990798,30,0.10154400669972644,-0.3603434405607113,0.09980502485108872
5,0.21388585681721758,49.61393496990798,1,-0.22724377979377997,0.35781321096398416,0.5840436959215308
5,0.21388585681721758,49.61393496990798,2,-0.12862164257594494,0.35881202625395026,0.6654255561319283
5,0.21388585681721758,49.61393496990798,3,-0.03379967942055698,0.3418216371175959,0.7291381974164586
5,0.21388585681721758,49.61393496990798,4,0.05876144255003595,0.3133891307088052,0.7761590042143671
5,0.21388585681721758,49.61393496990798,5,0.15079656807254763,0.2851181975076709,0.8088851025047936
5,0.21388585681721758,49.61393496990798,6,0.24232761271125045,0.2570021055903751,0.8274033308725645
5,0.21388585681721758,49.61393496990798,7,0.3216720904279896,0.22843953823846225,0.8324545737663991
5,0.21388585681721758,49.61393496990798,8,0.30724752831598334,0.1952232772638366,0.82872579217701
5,0.21388585681721758,49.61393496990798,9,0.29286641970405064,0.16210707913947275,0.8109649087006128
5,0.21388585681721758,49.61393496990798,10,0.2785318731047392,0.1290981020143131,0.7792199751509957
5,0.21388585681721758,49.61393496990798,11,0.26424879089132325,0.09620763486259525,0.733549887837455
5,0.21388585681721758,49.61393496990798,12,0.25002306564157106,0.0634492468588593,0.67402685933657
5,0.21388585681721758,49.61393496990798,13,0.2358610850475221,0.03083764730548557,0.6007371890912497
5,0.21388585681721758,49.61393496990798,14,0.22176945630832745,-0.0016119490236138462,0.5137813190586152
5,0.21388585681721758,49.61393496990798,15,0.2077548485365775,-0.033884184782922856,0.4132735856211095
5,0.21388585681721758,49.61393496990798,16,0.19382389618808427,-0.0659637824330636,0.29934181939152554
5,0.21388585681721758,49.61393496990798,17,0.17998313527489251,-0.09783569112672934,0.1721268522917658
5,0.21388585681721758,49.61393496990798,18,0.17646378658549075,-0.1512247451994101,0.15492318114432121
5,0.21388585681721758,49.61393496990798,19,0.172210077192745,-0.20287490676831874,0.15795532473614504
5,0.21388585681721758,49.61393496990798,20,0.166536027554329,-0.25149474239794206,0.15970386992848704
5,0.21388585681721758,49.61393496990798,21,0.1598088700992327,-0.29835907761563146,0.15508976111224965
5,0.21388585681721758,49.61393496990798,22,0.1516237167480017,-0.3399329023725695,0.14114874543087136
5,0.21388585681721758,49.61393496990798,23,0.13781394859612403,-0.34731153452140673,0.11429086460888194
5,0.21388585681721758,49.61393496990798,24,0.1256560436425367,-0.35065432625579807,0.0996691321366198
5,0.21388585681721758,49.61393496990798,25,0.11629476625438083,-0.35359113233976236,0.1005090480295858
5,0.21388585681721758,49.61393496990798,26,0.10880180309169976,-0.3565243058138296,0.09766030957053551
5,0.21388585681721758,49.61393496990798,27,0.10378843117811531,-0.3589447637295826,0.09823172508079024
5,0.21388585681721758,49.61393496990798,28,0.10149950640907765,-0.3602288527639458,0.0991598890267075
5,0.21388585681721758,49.61393496990798,29,0.1014158035281975,-0.36038334913783054,0.09959812418546356
5,0.21388585681721758,49.61393496990798,30,0.10154400669972644,-0.3603434405607113,0.09980502485108872
6,0.21388585681721758,49.61393496990798,1,-0.22724377979377997,0.35781321096398416,0.5840436959215308
6,0.21388585681721758,49.61393496990798,2,-0.12862164257594494,0.35881202625395026,0.6654255561319283
6,0.21388585681721758,49.61393496990798,3,-0.03379967942055698,0.3418216371175959,0.7291381974164586
6,0.21388585681721758,49.61393496990798,4,0.05876144255003595,0.3133891307088052,0.7761590042143671
6,0.21388585681721758,49.61393496990798,5,0.15079656807254763,0.2851181975076709,0.8088851025047936
6,0.21388585681721758,49.61393496990798,6,0.24232761271125045,0.2570021055903751,0.8274033308725645
6,0.21388585681721758,49.61393496990798,7,0.3216720904279896,0.22843953823846225,0.8324545737663991
6,0.21388585681721758,49.61393496990798,8,0.30724752831598334,0.1952232772638366,0.82872579217701
6,0.21388585681721758,49.61393496990798,9,0.29286641970405064,0.16210707913947275,0.8109649087006128
6,0.21388585681721758,49.61393496990798,10,0.2785318731047392,0.1290981020143131,0.7792199751509957
6,0.21388585681721758,49.61393496990798,11,0.26424879089132325,0.09620763486259525,0.733549887837455
6,0.21388585681721758,49.61393496990798,12,0.25002306564157106,0.0634492468588593,0.67402685933657
6,0.21388585681721758,49.61393496990798,13,0.2358610850475221,0.03083764730548557,0.6007371890912497
6,0.21388585681721758,49.61393496990798,14,0.22176945630832745,-0.0016119490236138462,0.5137813190586152
6,0.21388585681721758,49.61393496990798,15,0.2077548485365775,-0.033884184782922856,0.4132735856211095
6,0.21388585681721758,49.61393496990798,16,0.19382389618808427,-0.0659637824330636,0.29934181939152554
6,0.21388585681721758,49.61393496990798,17,0.17998313527489251,-0.09783569112672934,0.1721268522917658
6,0.21388585681721758,49.61393496990798,18,0.17646378658549075,-0.1512247451994101,0.15492318114432121
6,0.21388585681721758,49.61393496990798,19,0.172210077192745,-0.20287490676831874,0.15795532473614504
6,0.21388585681721758,49.61393496990798,20,0.166536027554329,-0.25149474239794206,0.15970386992848704
6,0.21388585681721758,49.61393496990798,21,0.1598088700992327,-0.29835907761563146,0.15508976111224965
6,0.21388585681721758,49.61393496990798,22,0.1516237167480017,-0.3399329023725695,0.14114874543087136
6,0.21388585681721758,49.61393496990798,23,0.13781394859612403,-0.34731153452140673,0.11429086460888194
6,0.21388585681721758,49.61393496990798,24,0.1256560436425367,-0.35065432625579807,0.0996691321366198
6,0.21388585681721758,49.61393496990798,25,0.11629476625438083,-0.35359113233976236,0.1005090480295858
6,0.21388585681721758,49.61393496990798,26,0.10880180309169976,-0.3565243058138296,0.09766030957053551
6,0.21388585681721758,49.61393496990798,27,0.10378843117811531,-0.3589447637295826,0.09823172508079024
6,0.21388585681721758,49.61393496990798,28,0.10149950640907765,-0.3602288527639458,0.0991598890267075
6,0.21388585681721758,49.61393496990798,29,0.1014158035281975,-0.36038334913783054,0.09959812418546356
6,0.21388585681721758,49.61393496990798,30,0.10154400669972644,-0.3603434405607113,0.09980502485108872
7,0.21388585681721758,49.61393496990798,1,-0.22724377979377997,0.35781321096398416,0.5840436959215308
7,0.21388585681721758,49.61393496990798,2,-0.12862164257594494,0.35881202625395026,0.6654255561319283
7,0.21388585681721758,49.61393496990798,3,-0.03379967942055698,0.3418216371175959,0.7291381974164586
7,0.21388585681721758,49.61393496990798,4,0.05876144255003595,0.3133891307088052,0.7761590042143671
7,0.21388585681721758,49.61393496990798,5,0.15079656807254763,0.2851181975076709,0.8088851025047936
7,0.21388585681721758,49.61393496990798,6,0.24232761271125045,0.2570021055903751,0.8274033308725645
7,0.21388585681721758,49.61393496990798,7,0.3216720904279896,0.22843953823846225,0.8324545737663991
7,0.21388585681721758,49.61393496990798,8,0.30724752831598334,0.1952232772638366,0.82872579217701
7,0.21388585681721758,49.61393496990798,9,0.29286641970405064,0.16210707913947275,0.8109649087006128
7,0.21388585681721758,49.61393496990798,10,0.2785318731047392,0.1290981020143131,0.7792199751509957
7,0.21388585681721758,49.61393496990798,11,0.26424879089132325,0.09620763486259525,0.733549887837455
7,0.21388585681721758,49.61393496990798,12,0.25002306564157106,0.0634492468588593,0.67402685933657
7,0.21388585681721758,49.61393496990798,13,0.2358610850475221,0.03083764730548557,0.6007371890912497
7,0.21388585681721758,49.61393496990798,14,0.22176945630832745,-0.0016119490236138462,0.5137813190586152
7,0.21388585681721758,49.61393496990798,15,0.2077548485365775,-0.033884184782922856,0.4132735856211095
7,0.21388585681721758,49.61393496990798,16,0.19382389618808427,-0.0659637824330636,0.29934181939152554
7,0.21388585681721758,49.61393496990798,17,0.17998313527489251,-0.09783569112672934,0.1721268522917658
7,0.21388585681721758,49.61393496990798,18,0.17646378658549075,-0.1512247451994101,0.15492318114432121
7,0.21388585681721758,49.61393496990798,19,0.172210077192745,-0.20287490676831874,0.15795532473614504
7,0.21388585681721758,49.61393496990798,20,0.166536027554329,-0.25149474239794206,0.15970386992848704
7,0.21388585681721758,49.61393496990798,21,0.1598088700992327,-0.29835907761563146,0.15508976111224965
7,0.21388585681721758,49.61393496990798,22,0.1516237167480017,-0.3399329023725695,0.14114874543087136
7,0.21388585681721758,49.61393496990798,23,0.13781394859612403,-0.34731153452140673,0.11429086460888194
7,0.21388585681721758,49.61393496990798,24,0.1256560436425367,-0.35065432625579807,0.0996691321366198
7,0.21388585681721758,49.61393496990798,25,0.11629476625438083,-0.35359113233976236,0.1005090480295858
7,0.21388585681721758,49.61393496990798,26,0.10880180309169976,-0.3565243058138296,0.09766030957053551
7,0.21388585681721758,49.61393496990798,27,0.10378843117811531,-0.3589447637295826,0.09823172508079024
7,0.21388585681721758,49.61393496990798,28,0.10149950640907765,-0.3602288527639458,0.0991598890267075
7,0.21388585681721758,49.61393496990798,29,0.1014158035281975,-0.36038334913783054,0.09959812418546356
7,0.21388585681721758,49.61393496990798,30,0.10154400669972644,-0.3603434405607113,0.09980502485108872
8,0.21388585681721758,49.61393496990798,1,-0.22724377979377997,0.35781321096398416,0.5840436959215308
8,0.21388585681721758,49.61393496990798,2,-0.12862164257594494,0.35881202625395026,0.6654255561319283
8,0.21388585681721758,49.61393496990798,3,-0.03379967942055698,0.3418216371175959,0.7291381974164586
8,0.21388585681721758,49.61393496990798,4,0.05876144255003595,0.3133891307088052,0.7761590042143671
8,0.21388585681721758,49.61393496990798,5,0.15079656807254763,0.2851181975076709,0.8088851025047936
8,0.21388585681721758,49.61393496990798,6,0.24232761271125045,0.2570021055903751,0.8274033308725645
8,0.21388585681721758,49.61393496990798,7,0.3216720904279896,0.22843953823846225,0.8324545737663991
8,0.21388585681721758,49.61393496990798,8,0.30724752831598334,0.1952232772638366,0.82872579217701
8,0.21388585681721758,49.61393496990798,9,0.29286641970405064,0.16210707913947275,0.8109649087006128
8,0.21388585681721758,49.61393496990798,10,0.2785318731047392,0.1290981020143131,0.7792199751509957
8,0.21388585681721758,49.61393496990798,11,0.26424879089132325,0.09620763486259525,0.733549887837455
8,0.21388585681721758,49.61393496990798,12,0.25002306564157106,0.0634492468588593,0.67402685933657
8,0.21388585681721758,49.61393496990798,13,0.2358610850475221,0.03083764730548557,0.6007371890912497
8,0.21388585681721758,49.61393496990798,14,0.22176945630832745,-0.0016119490236138462,0.5137813190586152
8,0.21388585681721758,49.61393496990798,15,0.2077548485365775,-0.033884184782922856,0.4132735856211095
8,0.21388585681721758,49.61393496990798,16,0.19382389618808427,-0.0659637824330636,0.29934181939152554
8,0.21388585681721758,49.61393496990798,17,0.17998313527489251,-0.09783569112672934,0.1721268522917658
8,0.21388585681721758,49.61393496990798,18,0.17646378658549075,-0.1512247451994101,0.15492318114432121
8,0.21388585681721758,49.61393496990798,19,0.172210077192745,-0.20287490676831874,0.15795532473614504
8,0.21388585681721758,49.61393496990798,20,0.166536027554329,-0.25149474239794206,0.15970386992848704
8,0.21388585681721758,49.61393496990798,21,0.1598088700992327,-0.29835907761563146,0.15508976111224965
8,0.21388585681721758,49.61393496990798,22,0.1516237167480017,-0.3399329023725695,0.14114874543087136
8,0.21388585681721758,49.61393496990798,23,0.13781394859612403,-0.34731153452140673,0.11429086460888194
8,0.21388585681721758,49.61393496990798,24,0.1256560436425367,-0.35065432625579807,0.0996691321366198
8,0.21388585681721758,49.61393496990798,25,0.11629476625438083,-0.35359113233976236,0.1005090480295858
8,0.21388585681721758,49.61393496990798,26,0.10880180309169976,-0.3565243058138296,0.09766030957053551
8,0.21388585681721758,49.61393496990798,27,0.10378843117811531,-0.3589447637295826,0.09823172508079024
8,0.21388585681721758,49.61393496990798,28,0.10149950640907765,-0.3602288527639458,0.0991598890267075
8,0.21388585681721758,49.61393496990798,29,0.1014158035281975,-0.36038334913783054,0.09959812418546356
8,0.21388585681721758,49.61393496990798,30,0.10154400669972644,-0.3603434405607113,0.09980502485108872
9,0.21388585681721758,49.61393496990798,1,-0.22724377979377997,0.35781321096398416,0.5840436959215308
9,0.21388585681721758,49.61393496990798,2,-0.12862164257594494,0.35881202625395026,0.6654255561319283
9,0.21388585681721758,49.61393496990798,3,-0.03379967942055698,0.3418216371175959,0.7291381974164586
9,0.21388585681721758,49.61393496990798,4,0.05876144255003595,0.3133891307088052,0.7761590042143671
9,0.21388585681721758,49.61393496990798,5,0.15079656807254763,0.2851181975076709,0.8088851025047936
9,0.21388585681721758,49.61393496990798,6,0.24232761271125045,0.2570021055903751,0.8274033308725645
9,0.21388585681721758,49.61393496990798,7,0.3216720904279896,0.22843953823846225,0.8324545737663991
9,0.21388585681721758,49.61393496990798,8,0.30724752831598334,0.1952232772638366,0.82872579217701
9,0.21388585681721758,49.61393496990798,9,0.29286641970405064,0.16210707913947275,0.8109649087006128
9,0.21388585681721758,49.61393496990798,10,0.2785318731047392,0.1290981020143131,0.7792199751509957
9,0.21388585681721758,49.61393496990798,11,0.26424879089132325,0.09620763486259525,0.733549887837455
9,0.21388585681721758,49.61393496990798,12,0.25002306564157106,0.0634492468588593,0.67402685933657
9,0.21388585681721758,49.61393496990798,13,0.2358610850475221,0.03083764730548557,0.6007371890912497
9,0.21388585681721758,49.61393496990798,14,0.22176945630832745,-0.0016119490236138462,0.5137813190586152
9,0.21388585681721758,49.61393496990798,15,0.2077548485365775,-0.033884184782922856,0.4132735856211095
9,0.21388585681721758,49.61393496990798,16,0.19382389618808427,-0.0659637824330636,0.29934181939152554
9,0.21388585681721758,49.61393496990798,17,0.17998313527489251,-0.09783569112672934,0.1721268522917658
9,0.21388585681721758,49.61393496990798,18,0.17646378658549075,-0.1512247451994101,0.15492318114432121
9,0.21388585681721758,49.61393496990798,19,0.172210077192745,-0.20287490676831874,0.15795532473614504
9,0.21388585681721758,49.61393496990798,20,0.166536027554329,-0.25149474239794206,0.15970386992848704
9,0.21388585681721758,49.61393496990798,21,0.1598088700992327,-0.29835907761563146,0.15508976111224965
9,0.21388585681721758,49.61393496990798,22,0.1516237167480017,-0.3399329023725695,0.14114874543087136
9,0.21388585681721758,49.61393496990798,23,0.13781394859612403,-0.34731153452140673,0.11429086460888194
9,0.21388585681721758,49.61393496990798,24,0.1256560436425367,-0.35065432625579807,0.0996691321366198
9,0.21388585681721758,49.61393496990798,25,0.11629476625438083,-0.35359113233976236,0.1005090480295858
9,0.21388585681721758,49.61393496990798,26,0.10880180309169976,-0.3565243058138296,0.09766030957053551
9,0.21388585681721758,49.61393496990798,27,0.10378843117811531,-0.3589447637295826,0.09823172508079024
9,0.21388585681721758,49.61393496990798,28,0.10149950640907765,-0.3602288527639458,0.0991598890267075
9,0.21388585681721758,49.61393496990798,29,0.1014158035281975,-0.36038334913783054,0.09959812418546356
9,0.21388585681721758,49.61393496990798,30,0.10154400669972644,-0.3603434405607113,0.09980502485108872
10,0.21388585681721758,49.61393496990798,1,-0.22724377979377997,0.35781321096398416,0.5840436959215308
10,0.21388585681721758,49.61393496990798,2,-0.12862164257594494,0.35881202625395026,0.6654255561319283
10,0.21388585681721758,49.61393496990798,3,-0.03379967942055698,0.3418216371175959,0.7291381974164586
10,0.21388585681721758,49.61393496990798,4,0.05876144255003595,0.3133891307088052,0.7761590042143671
10,0.21388585681721758,49.61393496990798,5,0.15079656807254763,0.2851181975076709,0.8088851025047936
10,0.21388585681721758,49.61393496990798,6,0.24232761271125045,0.2570021055903751,0.8274033308725645
10,0.21388585681721758,49.61393496990798,7,0.3216720904279896,0.22843953823846225,0.8324545737663991
10,0.21388585681721758,49.61393496990798,8,0.30724752831598334,0.1952232772638366,0.82872579217701
10,0.21388585681721758,49.61393496990798,9,0.29286641970405064,0.16210707913947275,0.8109649087006128
10,0.21388585681721758,49.61393496990798,10,0.2785318731047392,0.1290981020143131,0.7792199751509957
10,0.21388585681721758,49.61393496990798,11,0.26424879089132325,0.09620763486259525,0.733549887837455
10,0.21388585681721758,49.61393496990798,12,0.25002306564157106,0.0634492468588593,0.67402685933657
10,0.21388585681721758,49.61393496990798,13,0.2358610850475221,0.03083764730548557,0.6007371890912497
10,0.21388585681721758,49.61393496990798,14,0.22176945630832745,-0.0016119490236138462,0.5137813190586152
10,0.21388585681721758,49.61393496990798,15,0.2077548485365775,-0.033884184782922856,0.4132735856211095
10,0.21388585681721758,49.61393496990798,16,0.19382389618808427,-0.0659637824330636,0.29934181939152554
10,0.21388585681721758,49.61393496990798,17,0.17998313527489251,-0.09783569112672934,0.1721268522917658
10,0.21388585681721758,49.61393496990798,18,0.17646378658549075,-0.1512247451994101,0.15492318114432121
10,0.21388585681721758,49.61393496990798,19,0.172210077192745,-0.20287490676831874,0.15795532473614504
10,0.21388585681721758,49.61393496990798,20,0.166536027554329,-0.25149474239794206,0.15970386992848704
10,0.21388585681721758,49.61393496990798,21,0.1598088700992327,-0.29835907761563146,0.15508976111224965
10,0.21388585681721758,49.61393496990798,22,0.1516237167480017,-0.3399329023725695,0.14114874543087136
10,0.21388585681721758,49.61393496990798,23,0.13781394859612403,-0.34731153452140673,0.11429086460888194
10,0.21388585681721758,49.61393496990798,24,0.1256560436425367,-0.35065432625579807,0.0996691321366198
10,0.21388585681721758,49.61393496990798,25,0.11629476625438083,-0.35359113233976236,0.1005090480295858
10,0.21388585681721758,49.61393496990798,26,0.10880180309169976,-0.3565243058138296,0.09766030957053551
10,0.21388585681721758,49.61393496990798,27,0.10378843117811531,-0.3589447637295826,0.09823172508079024
10,0.21388585681721758,49.61393496990798,28,0.10149950640907765,-0.3602288527639458,0.0991598890267075
10,0.21388585681721758,49.61393496990798,29,0.1014158035281975,-0.36038334913783054,0.09959812418546356
10,0.21388585681721758,49.61393496990798,30,0.10154400669972644,-0.3603434405607113,0.09980502485108872
11,0.21388585681721758,49.61393496990798,1,-0.22724377979377997,0.35781321096398416,0.5840436959215308
11,0.21388585681721758,49.61393496990798,2,-0.12862164257594494,0.35881202625395026,0.6654255561319283
11,0.21388585681721758,49.61393496990798,3,-0.03379967942055698,0.3418216371175959,0.7291381974164586
11,0.21388585681721758,49.61393496990798,4,0.05876144255003595,0.3133891307088052,0.7761590042143671
11,0.21388585681721758,49.61393496990798,5,0.15079656807254763,0.2851181975076709,0.8088851025047936
11,0.21388585681721758,49.61393496990798,6,0.24232761271125045,0.2570021055903751,0.8274033308725645
11,0.21388585681721758,49.61393496990798,7,0.3216720904279896,0.22843953823846225,0.8324545737663991
11,0.21388585681721758,49.61393496990798,8,0.30724752831598334,0.1952232772638366,0.82872579217701
11,0.21388585681721758,49.61393496990798,9,0.29286641970405064,0.16210707913947275,0.8109649087006128
11,0.21388585681721758,49.61393496990798,10,0.2785318731047392,0.1290981020143131,0.7792199751509957
11,0.21388585681721758,49.61393496990798,11,0.26424879089132325,0.09620763486259525,0.733549887837455
11,0.21388585681721758,49.61393496990798,12,0.25002306564157106,0.0634492468588593,0.67402685933657
11,0.21388585681721758,49.61393496990798,13,0.2358610850475221,0.03083764730548557,0.6007371890912497
11,0.21388585681721758,49.61393496990798,14,0.22176945630832745,-0.0016119490236138462,0.5137813190586152
11,0.21388585681721758,49.61393496990798,15,0.2077548485365775,-0.033884184782922856,0.4132735856211095
11,0.21388585681721758,49.61393496990798,16,0.19382389618808427,-0.0659637824330636,0.29934181939152554
11,0.21388585681721758,49.61393496990798,17,0.17998313527489251,-0.09783569112672934,0.1721268522917658
11,0.21388585681721758,49.61393496990798,18,0.17646378658549075,-0.1512247451994101,0.15492318114432121
11,0.21388585681721758,49.61393496990798,19,0.172210077192745,-0.20287490676831874,0.15795532473614504
11,0.21388585681721758,49.61393496990798,20,0.166536027554329,-0.25149474239794206,0.15970386992848704
11,0.21388585681721758,49.61393496990798,21,0.1598088700992327,-0.29835907761563146,0.15508976111224965
11,0.21388585681721758,49.61393496990798,22,0.1516237167480017,-0.3399329023725695,0.14114874543087136
11,0.21388585681721758,49.61393496990798,23,0.13781394859612403,-0.34731153452140673,0.11429086460888194
11,0.21388585681721758,49.61393496990798,24,0.1256560436425367,-0.35065432625579807,0.0996691321366198
11,0.21388585681721758,49.61393496990798,25,0.11629476625438083,-0.35359113233976236,0.1005090480295858
11,0.21388585681721758,49.61393496990798,26,0.10880180309169976,-0.3565243058138296,0.09766030957053551
11,0.21388585681721758,49.61393496990798,27,0.10378843117811531,-0.3589447637295826,0.09823172508079024
11,0.21388585681721758,49.61393496990798,28,0.10149950640907765,-0.3602288527639458,0.0991598890267075
11,0.21388585681721758,49.61393496990798,29,0.1014158035281975,-0.36038334913783054,0.09959812418546356
11,0.21388585681721758,49.61393496990798,30,0.10154400669972644,-0.3603434405607113,0.09980502485108872
12,0.21388585681721758,49.61393496990798,1,-0.22724377979377997,0.35781321096398416,0.5840436959215308
12,0.21388585681721758,49.61393496990798,2,-0.12862164257594494,0.35881202625395026,0.6654255561319283
12,0.21388585681721758,49.61393496990798,3,-0.03379967942055698,0.3418216371175959,0.7291381974164586
12,0.21388585681721758,49.61393496990798,4,0.05876144255003595,0.3133891307088052,0.7761590042143671
12,0.21388585681721758,49.61393496990798,5,0.15079656807254763,0.2851181975076709,0.8088851025047936
12,0.21388585681721758,49.61393496990798,6,0.24232761271125045,0.2570021055903751,0.8274033308725645
12,0.21388585681721758,49.61393496990798,7,0.3216720904279896,0.22843953823846225,0.8324545737663991
12,0.21388585681721758,49.61393496990798,8,0.30724752831598334,0.1952232772638366,0.82872579217701
12,0.21388585681721758,49.61393496990798,9,0.29286641970405064,0.16210707913947275,0.8109649087006128
12,0.21388585681721758,49.61393496990798,10,0.2785318731047392,0.1290981020143131,0.7792199751509957
12,0.21388585681721758,49.61393496990798,11,0.26424879089132325,0.09620763486259525,0.733549887837455
12,0.21388585681721758,49.61393496990798,12,0.25002306564157106,0.0634492468588593,0.67402685933657
12,0.21388585681721758,49.61393496990798,13,0.2358610850475221,0.03083764730548557,0.6007371890912497
12,0.21388585681721758,49.61393496990798,14,0.22176945630832745,-0.0016119490236138462,0.5137813190586152
12,0.21388585681721758,49.61393496990798,15,0.2077548485365775,-0.033884184782922856,0.4132735856211095
12,0.21388585681721758,49.61393496990798,16,0.19382389618808427,-0.0659637824330636,0.29934181939152554
12,0.21388585681721758,49.61393496990798,17,0.17998313527489251,-0.09783569112672934,0.1721268522917658
12,0.21388585681721758,49.61393496990798,18,0.17646378658549075,-0.1512247451994101,0.15492318114432121
12,0.21388585681721758,49.61393496990798,19,0.172210077192745,-0.20287490676831874,0.15795532473614504
12,0.21388585681721758,49.61393496990798,20,0.166536027554329,-0.25149474239794206,0.15970386992848704
12,0.21388585681721758,49.61393496990798,21,0.1598088700992327,-0.29835907761563146,0.15508976111224965
12,0.21388585681721758,49.61393496990798,22,0.1516237167480017,-0.3399329023725695,0.14114874543087136
12,0.21388585681721758,49.61393496990798,23,0.13781394859612403,-0.34731153452140673,0.11429086460888194
12,0.21388585681721758,49.61393496990798,24,0.1256560436425367,-0.35065432625579807,0.0996691321366198
12,0.21388585681721758,49.61393496990798,25,0.11629476625438083,-0.35359113233976236,0.1005090480295858
12,0.21388585681721758,49.61393496990798,26,0.10880180309169976,-0.3565243058138296,0.09766030957053551
12,0.21388585681721758,49.61393496990798,27,0.10378843117811531,-0.3589447637295826,0.09823172508079024
12,0.21388585681721758,49.61393496990798,28,0.10149950640907765,-0.3602288527639458,0.0991598890267075
12,0.21388585681721758,49.61393496990798,29,0.1014158035281975,-0.36038334913783054,0.09959812418546356
12,0.21388585681721758,49.61393496990798,30,0.10154400669972644,-0.3603434405607113,0.09980502485108872
13,0.21388585681721758,49.61393496990798,1,-0.22724377979377997,0.35781321096398416,0.5840436959215308
13,0.21388585681721758,49.61393496990798,2,-0.12862164257594494,0.35881202625395026,0.6654255561319283
13,0.21388585681721758,49.61393496990798,3,-0.03379967942055698,0.3418216371175959,0.7291381974164586
13,0.21388585681721758,49.61393496990798,4,0.05876144255003595,0.3133891307088052,0.7761590042143671
13,0.21388585681721758,49.61393496990798,5,0.15079656807254763,0.2851181975076709,0.8088851025047936
13,0.21388585681721758,49.61393496990798,6,0.24232761271125045,0.2570021055903751,0.8274033308725645
13,0.21388585681721758,49.61393496990798,7,0.3216720904279896,0.22843953823846225,0.8324545737663991
13,0.21388585681721758,49.61393496990798,8,0.30724752831598334,0.1952232772638366,0.82872579217701
13,0.21388585681721758,49.61393496990798,9,0.29286641970405064,0.16210707913947275,0.8109649087006128
13,0.21388585681721758,49.61393496990798,10,0.2785318731047392,0.1290981020143131,0.7792199751509957
13,0.21388585681721758,49.61393496990798,11,0.26424879089132325,0.09620763486259525,0.733549887837455
13,0.21388585681721758,49.61393496990798,12,0.25002306564157106,0.0634492468588593,0.67402685933657
13,0.21388585681721758,49.61393496990798,13,0.2358610850475221,0.03083764730548557,0.6007371890912497
13,0.21388585681721758,49.61393496990798,14,0.22176945630832745,-0.0016119490236138462,0.5137813190586152
13,0.21388585681721758,49.61393496990798,15,0.2077548485365775,-0.033884184782922856,0.4132735856211095
13,0.21388585681721758,49.61393496990798,16,0.19382389618808427,-0.0659637824330636,0.29934181939152554
13,0.21388585681721758,49.61393496990798,17,0.17998313527489251,-0.09783569112672934,0.1721268522917658
13,0.21388585681721758,49.61393496990798,18,0.17646378658549075,-0.1512247451994101,0.15492318114432121
13,0.21388585681721758,49.61393496990798,19,0.172210077192745,-0.20287490676831874,0.15795532473614504
13,0.21388585681721758,49.61393496990798,20,0.166536027554329,-0.25149474239794206,0.15970386992848704
13,0.21388585681721758,49.61393496990798,21,0.1598088700992327,-0.29835907761563146,0.15508976111224965
13,0.21388585681721758,49.61393496990798,22,0.1516237167480017,-0.3399329023725695,0.14114874543087136
13,0.21388585681721758,49.61393496990798,23,0.13781394859612403,-0.34731153452140673,0.11429086460888194
13,0.21388585681721758,49.61393496990798,24,0.1256560436425367,-0.35065432625579807,0.0996691321366198
13,0.21388585681721758,49.61393496990798,25,0.11629476625438083,-0.35359113233976236,0.1005090480295858
13,0.21388585681721758,49.61393496990798,26,0.10880180309169976,-0.3565243058138296,0.09766030957053551
13,0.21388585681721758,49.61393496990798,27,0.10378843117811531,-0.3589447637295826,0.09823172508079024
13,0.21388585681721758,49.61393496990798,28,0.10149950640907765,-0.3602288527639458,0.0991598890267075
13,0.21388585681721758,49.61393496990798,29,0.1014158035281975,-0.36038334913783054,0.09959812418546356
13,0.21388585681721758,49.61393496990798,30,0.10154400669972644,-0.3603434405607113,0.09980502485108872
14,0.21388585681721758,49.61393496990798,1,-0.22724377979377997,0.35781321096398416,0.5840436959215308
14,0.21388585681721758,49.61393496990798,2,-0.12862164257594494,0.35881202625395026,0.6654255561319283
14,0.21388585681721758,49.61393496990798,3,-0.03379967942055698,0.3418216371175959,0.7291381974164586
14,0.21388585681721758,49.61393496990798,4,0.05876144255003595,0.3133891307088052,0.7761590042143671
14,0.21388585681721758,49.61393496990798,5,0.15079656807254763,0.2851181975076709,0.8088851025047936
14,0.21388585681721758,49.61393496990798,6,0.24232761271125045,0.2570021055903751,0.8274033308725645
14,0.21388585681721758,49.61393496990798,7,0.3216720904279896,0.22843953823846225,0.8324545737663991
14,0.21388585681721758,49.61393496990798,8,0.30724752831598334,0.1952232772638366,0.82872579217701
14,0.21388585681721758,49.61393496990798,9,0.29286641970405064,0.16210707913947275,0.8109649087006128
14,0.21388585681721758,49.61393496990798,10,0.2785318731047392,0.1290981020143131,0.7792199751509957
14,0.21388585681721758,49.61393496990798,11,0.26424879089132325,0.09620763486259525,0.733549887837455
14,0.21388585681721758,49.61393496990798,12,0.25002306564157106,0.0634492468588593,0.67402685933657
14,0.21388585681721758,49.61393496990798,13,0.2358610850475221,0.03083764730548557,0.6007371890912497
14,0.21388585681721758,49.61393496990798,14,0.22176945630832745,-0.0016119490236138462,0.5137813190586152
14,0.21388585681721758,49.61393496990798,15,0.2077548485365775,-0.033884184782922856,0.4132735856211095
14,0.21388585681721758,49.61393496990798,16,0.19382389618808427,-0.0659637824330636,0.29934181939152554
14,0.21388585681721758,49.61393496990798,17,0.17998313527489251,-0.09783569112672934,0.1721268522917658
14,0.21388585681721758,49.61393496990798,18,0.17646378658549075,-0.1512247451994101,0.15492318114432121
14,0.21388585681721758,49.61393496990798,19,0.172210077192745,-0.20287490676831874,0.15795532473614504
14,0.21388585681721758,49.61393496990798,20,0.166536027554329,-0.25149474239794206,0.15970386992848704
14,0.21388585681721758,49.61393496990798,21,0.1598088700992327,-0.29835907761563146,0.15508976111224965
14,0.21388585681721758,49.61393496990798,22,0.1516237167480017,-0.3399329023725695,0.14114874543087136
14,0.21388585681721758,49.61393496990798,23,0.13781394859612403,-0.34731153452140673,0.11429086460888194
14,0.21388585681721758,49.61393496990798,24,0.1256560436425367,-0.35065432625579807,0.0996691321366198
14,0.21388585681721758,49.61393496990798,25,0.11629476625438083,-0.35359113233976236,0.1005090480295858
14,0.21388585681721758,49.61393496990798,26,0.10880180309169976,-0.3565243058138296,0.09766030957053551
14,0.21388585681721758,49.61393496990798,27,0.10378843117811531,-0.3589447637295826,0.09823172508079024
14,0.21388585681721758,49.61393496990798,28,0.10149950640907765,-0.3602288527639458,0.0991598890267075
14,0.21388585681721758,49.61393496990798,29,0.1014158035281975,-0.36038334913783054,0.09959812418546356
14,0.21388585681721758,49.61393496990798,30,0.10154400669972644,-0.3603434405607113,0.09980502485108872
15,0.21388585681721758,49.61393496990798,1,-0.22724377979377997,0.35781321096398416,0.5840436959215308
15,0.21388585681721758,49.61393496990798,2,-0.12862164257594494,0.35881202625395026,0.6654255561319283
15,0.21388585681721758,49.61393496990798,3,-0.03379967942055698,0.3418216371175959,0.7291381974164586
15,0.21388585681721758,49.61393496990798,4,0.05876144255003595,0.3133891307088052,0.7761590042143671
15,0.21388585681721758,49.61393496990798,5,0.15079656807254763,0.2851181975076709,0.8088851025047936
15,0.21388585681721758,49.61393496990798,6,0.24232761271125045,0.2570021055903751,0.8274033308725645
15,0.21388585681721758,49.61393496990798,7,0.3216720904279896,0.22843953823846225,0.8324545737663991
15,0.21388585681721758,49.61393496990798,8,0.30724752831598334,0.1952232772638366,0.82872579217701
15,0.21388585681721758,49.61393496990798,9,0.29286641970405064,0.16210707913947275,0.8109649087006128
15,0.21388585681721758,49.61393496990798,10,0.2785318731047392,0.1290981020143131,0.7792199751509957
15,0.21388585681721758,49.61393496990798,11,0.26424879089132325,0.09620763486259525,0.733549887837455
15,0.21388585681721758,49.61393496990798,12,0.25002306564157106,0.0634492468588593,0.67402685933657
15,0.21388585681721758,49.61393496990798,13,0.2358610850475221,0.03083764730548557,0.6007371890912497
15,0.21388585681721758,49.61393496990798,14,0.22176945630832745,-0.0016119490236138462,0.5137813190586152
15,0.21388585681721758,49.61393496990798,15,0.2077548485365775,-0.033884184782922856,0.4132735856211095
15,0.21388585681721758,49.61393496990798,16,0.19382389618808427,-0.0659637824330636,0.29934181939152554
15,0.21388585681721758,49.61393496990798,17,0.17998313527489251,-0.09783569112672934,0.1721268522917658
15,0.21388585681721758,49.61393496990798,18,0.17646378658549075,-0.1512247451994101,0.15492318114432121
15,0.21388585681721758,49.61393496990798,19,0.172210077192745,-0.20287490676831874,0.15795532473614504
15,0.21388585681721758,49.61393496990798,20,0.166536027554329,-0.25149474239794206,0.15970386992848704
15,0.21388585681721758,49.61393496990798,21,0.1598088700992327,-0.29835907761563146,0.15508976111224965
15,0.21388585681721758,49.61393496990798,22,0.1516237167480017,-0.3399329023725695,0.14114874543087136
15,0.21388585681721758,49.61393496990798,23,0.13781394859612403,-0.34731153452140673,0.11429086460888194
15,0.21388585681721758,49.61393496990798,24,0.1256560436425367,-0.35065432625579807,0.0996691321366198
15,0.21388585681721758,49.61393496990798,25,0.11629476625438083,-0.35359113233976236,0.1005090480295858
15,0.21388585681721758,49.61393496990798,26,0.10880180309169976,-0.3565243058138296,0.09766030957053551
15,0.21388585681721758,49.61393496990798,27,0.10378843117811531,-0.3589447637295826,0.09823172508079024
15,0.21388585681721758,49.61393496990798,28,0.10149950640907765,-0.3602288527639458,0.0991598890267075
15,0.21388585681721758,49.61393496990798,29,0.1014158035281975,-0.36038334913783054,0.09959812418546356
15,0.21388585681721758,49.61393496990798,30,0.10154400669972644,-0.3603434405607113,0.09980502485108872
16,0.21388585681721758,49.61393496990798,1,-0.22724377979377997,0.35781321096398416,0.5840436959215308
16,0.21388585681721758,49.61393496990798,2,-0.12862164257594494,0.35881202625395026,0.6654255561319283
16,0.21388585681721758,49.61393496990798,3,-0.03379967942055698,0.3418216371175959,0.7291381974164586
16,0.21388585681721758,49.61393496990798,4,0.05876144255003595,0.3133891307088052,0.7761590042143671
16,0.21388585681721758,49.61393496990798,5,0.15079656807254763,0.2851181975076709,0.8088851025047936
16,0.21388585681721758,49.61393496990798,6,0.24232761271125045,0.2570021055903751,0.8274033308725645
16,0.21388585681721758,49.61393496990798,7,0.3216720904279896,0.22843953823846225,0.8324545737663991
16,0.21388585681721758,49.61393496990798,8,0.30724752831598334,0.1952232772638366,0.82872579217701
16,0.21388585681721758,49.61393496990798,9,0.29286641970405064,0.16210707913947275,0.8109649087006128
16,0.21388585681721758,49.61393496990798,10,0.2785318731047392,0.1290981020143131,0.7792199751509957
16,0.21388585681721758,49.61393496990798,11,0.26424879089132325,0.09620763486259525,0.733549887837455
16,0.21388585681721758,49.61393496990798,12,0.25002306564157106,0.0634492468588593,0.67402685933657
16,0.21388585681721758,49.61393496990798,13,0.2358610850475221,0.03083764730548557,0.6007371890912497
16,0.21388585681721758,49.61393496990798,14,0.22176945630832745,-0.0016119490236138462,0.5137813190586152
16,0.21388585681721758,49.61393496990798,15,0.2077548485365775,-0.033884184782922856,0.4132735856211095
16,0.21388585681721758,49.61393496990798,16,0.19382389618808427,-0.0659637824330636,0.29934181939152554
16,0.21388585681721758,49.61393496990798,17,0.17998313527489251,-0.09783569112672934,0.1721268522917658
16,0.21388585681721758,49.61393496990798,18,0.17646378658549075,-0.1512247451994101,0.15492318114432121
16,0.21388585681721758,49.61393496990798,19,0.172210077192745,-0.20287490676831874,0.15795532473614504
16,0.21388585681721758,49.61393496990798,20,0.166536027554329,-0.25149474239794206,0.15970386992848704
16,0.21388585681721758,49.61393496990798,21,0.1598088700992327,-0.29835907761563146,0.15508976111224965
16,0.21388585681721758,49.61393496990798,22,0.1516237167480017,-0.3399329023725695,0.14114874543087136
16,0.21388585681721758,49.61393496990798,23,0.13781394859612403,-0.34731153452140673,0.11429086460888194
16,0.21388585681721758,49.61393496990798,24,0.1256560436425367,-0.35065432625579807,0.0996691321366198
16,0.21388585681721758,49.61393496990798,25,0.11629476625438083,-0.35359113233976236,0.1005090480295858
16,0.21388585681721758,49.61393496990798,26,0.10880180309169976,-0.3565243058138296,0.09766030957053551
16,0.21388585681721758,49.61393496990798,27,0.10378843117811531,-0.3589447637295826,0.09823172508079024
16,0.21388585681721758,49.61393496990798,28,0.10149950640907765,-0.3602288527639458,0.0991598890267075
16,0.21388585681721758,49.61393496990798,29,0.1014158035281975,-0.36038334913783054,0.09959812418546356
16,0.21388585681721758,49.61393496990798,30,0.10154400669972644,-0.3603434405607113,0.09980502485108872
17,0.21388585681721758,49.61393496990798,1,-0.22724377979377997,0.35781321096398416,0.5840436959215308
17,0.21388585681721758,49.61393496990798,2,-0.12862164257594494,0.35881202625395026,0.6654255561319283
17,0.21388585681721758,49.61393496990798,3,-0.03379967942055698,0.3418216371175959,0.7291381974164586
17,0.21388585681721758,49.61393496990798,4,0.05876144255003595,0.3133891307088052,0.7761590042143671
17,0.21388585681721758,49.61393496990798,5,0.15079656807254763,0.2851181975076709,0.8088851025047936
17,0.21388585681721758,49.61393496990798,6,0.24232761271125045,0.2570021055903751,0.8274033308725645
17,0.21388585681721758,49.61393496990798,7,0.3216720904279896,0.22843953823846225,0.8324545737663991
17,0.21388585681721758,49.61393496990798,8,0.30724752831598334,0.1952232772638366,0.82872579217701
17,0.21388585681721758,49.61393496990798,9,0.29286641970405064,0.16210707913947275,0.8109649087006128
17,0.21388585681721758,49.61393496990798,10,0.2785318731047392,0.1290981020143131,0.7792199751509957
17,0.21388585681721758,49.61393496990798,11,0.26424879089132325,0.09620763486259525,0.733549887837455
17,0.21388585681721758,49.61393496990798,12,0.25002306564157106,0.0634492468588593,0.67402685933657
17,0.21388585681721758,49.61393496990798,13,0.2358610850475221,0.03083764730548557,0.6007371890912497
17,0.21388585681721758,49.61393496990798,14,0.22176945630832745,-0.0016119490236138462,0.5137813190586152
17,0.21388585681721758,49.61393496990798,15,0.2077548485365775,-0.033884184782922856,0.4132735856211095
17,0.21388585681721758,49.61393496990798,16,0.19382389618808427,-0.0659637824330636,0.29934181939152554
17,0.21388585681721758,49.61393496990798,17,0.17998313527489251,-0.09783569112672934,0.1721268522917658
17,0.21388585681721758,49.61393496990798,18,0.17646378658549075,-0.1512247451994101,0.15492318114432121
17,0.21388585681721758,49.61393496990798,19,0.172210077192745,-0.20287490676831874,0.15795532473614504
17,0.21388585681721758,49.61393496990798,20,0.166536027554329,-0.25149474239794206,0.15970386992848704
17,0.21388585681721758,49.61393496990798,21,0.1598088700992327,-0.29835907761563146,0.15508976111224965
17,0.21388585681721758,49.61393496990798,22,0.1516237167480017,-0.3399329023725695,0.14114874543087136
17,0.21388585681721758,49.61393496990798,23,0.13781394859612403,-0.34731153452140673,0.11429086460888194
17,0.21388585681721758,49.61393496990798,24,0.1256560436425367,-0.35065432625579807,0.0996691321366198
17,0.21388585681721758,49.61393496990798,25,0.11629476625438083,-0.35359113233976236,0.1005090480295858
17,0.21388585681721758,49.61393496990798,26,0.10880180309169976,-0.3565243058138296,0.09766030957053551
17,0.21388585681721758,49.61393496990798,27,0.10378843117811531,-0.3589447637295826,0.09823172508079024
17,0.21388585681721758,49.61393496990798,28,0.10149950640907765,-0.3602288527639458,0.0991598890267075
17,0.21388585681721758,49.61393496990798,29,0.1014158035281975,-0.36038334913783054,0.09959812418546356
17,0.21388585681721758,49.61393496990798,30,0.10154400669972644,-0.3603434405607113,0.09980502485108872
18,0.21388585681721758,49.61393496990798,1,-0.22724377979377997,0.35781321096398416,0.5840436959215308
18,0.21388585681721758,49.61393496990798,2,-0.12862164257594494,0.35881202625395026,0.6654255561319283
18,0.21388585681721758,49.61393496990798,3,-0.03379967942055698,0.3418216371175959,0.7291381974164586
18,0.21388585681721758,49.61393496990798,4,0.05876144255003595,0.3133891307088052,0.7761590042143671
18,0.21388585681721758,49.61393496990798,5,0.15079656807254763,0.2851181975076709,0.8088851025047936
18,0.21388585681721758,49.61393496990798,6,0.24232761271125045,0.2570021055903751,0.8274033308725645
18,0.21388585681721758,49.61393496990798,7,0.3216720904279896,0.22843953823846225,0.8324545737663991
18,0.21388585681721758,49.61393496990798,8,0.30724752831598334,0.1952232772638366,0.82872579217701
18,0.21388585681721758,49.61393496990798,9,0.29286641970405064,0.16210707913947275,0.8109649087006128
18,0.21388585681721758,49.61393496990798,10,0.2785318731047392,0.1290981020143131,0.7792199751509957
18,0.21388585681721758,49.61393496990798,11,0.26424879089132325,0.09620763486259525,0.733549887837455
18,0.21388585681721758,49.61393496990798,12,0.25002306564157106,0.0634492468588593,0.67402685933657
18,0.21388585681721758,49.61393496990798,13,0.2358610850475221,0.03083764730548557,0.6007371890912497
18,0.21388585681721758,49.61393496990798,14,0.22176945630832745,-0.0016119490236138462,0.5137813190586152
18,0.21388585681721758,49.61393496990798,15,0.2077548485365775,-0.033884184782922856,0.4132735856211095
18,0.21388585681721758,49.61393496990798,16,0.19382389618808427,-0.0659637824330636,0.29934181939152554
18,0.21388585681721758,49.61393496990798,17,0.17998313527489251,-0.09783569112672934,0.1721268522917658
18,0.21388585681721758,49.61393496990798,18,0.17646378658549075,-0.1512247451994101,0.15492318114432121
18,0.21388585681721758,49.61393496990798,19,0.172210077192745,-0.20287490676831874,0.15795532473614504
18,0.21388585681721758,49.61393496990798,20,0.166536027554329,-0.25149474239794206,0.15970386992848704
18,0.21388585681721758,49.61393496990798,21,0.1598088700992327,-0.29835907761563146,0.15508976111224965
18,0.21388585681721758,49.61393496990798,22,0.1516237167480017,-0.3399329023725695,0.14114874543087136
18,0.21388585681721758,49.61393496990798,23,0.13781394859612403,-0.34731153452140673,0.11429086460888194
18,0.21388585681721758,49.61393496990798,24,0.1256560436425367,-0.35065432625579807,0.0996691321366198
18,0.21388585681721758,49.61393496990798,25,0.11629476625438083,-0.35359113233976236,0.1005090480295858
18,0.21388585681721758,49.61393496990798,26,0.10880180309169976,-0.3565243058138296,0.09766030957053551
18,0.21388585681721758,49.61393496990798,27,0.10378843117811531,-0.3589447637295826,0.09823172508079024
18,0.21388585681721758,49.61393496990798,28,0.10149950640907765,-0.3602288527639458,0.0991598890267075
18,0.21388585681721758,49.61393496990798,29,0.1014158035281975,-0.36038334913783054,0.09959812418546356
18,0.21388585681721758,49.61393496990798,30,0.10154400669972644,-0.3603434405607113,0.09980502485108872
19,0.21388585681721758,49.61393496990798,1,-0.22724377979377997,0.35781321096398416,0.5840436959215308
19,0.21388585681721758,49.61393496990798,2,-0.12862164257594494,0.35881202625395026,0.6654255561319283
19,0.21388585681721758,49.61393496990798,3,-0.03379967942055698,0.3418216371175959,0.7291381974164586
19,0.21388585681721758,49.61393496990798,4,0.05876144255003595,0.3133891307088052,0.7761590042143671
19,0.21388585681721758,49.61393496990798,5,0.15079656807254763,0.2851181975076709,0.8088851025047936
19,0.21388585681721758,49.61393496990798,6,0.24232761271125045,0.2570021055903751,0.8274033308725645
19,0.21388585681721758,49.61393496990798,7,0.3216720904279896,0.22843953823846225,0.8324545737663991
19,0.21388585681721758,49.61393496990798,8,0.30724752831598334,0.1952232772638366,0.82872579217701
19,0.21388585681721758,49.61393496990798,9,0.29286641970405064,0.16210707913947275,0.8109649087006128
19,0.21388585681721758,49.61393496990798,10,0.2785318731047392,0.1290981020143131,0.7792199751509957
19,0.21388585681721758,49.61393496990798,11,0.26424879089132325,0.09620763486259525,0.733549887837455
19,0.21388585681721758,49.61393496990798,12,0.25002306564157106,0.0634492468588593,0.67402685933657
19,0.21388585681721758,49.61393496990798,13,0.2358610850475221,0.03083764730548557,0.6007371890912497
19,0.21388585681721758,49.61393496990798,14,0.22176945630832745,-0.0016119490236138462,0.5137813190586152
19,0.21388585681721758,49.61393496990798,15,0.2077548485365775,-0.033884184782922856,0.4132735856211095
19,0.21388585681721758,49.61393496990798,16,0.19382389618808427,-0.0659637824330636,0.29934181939152554
19,0.21388585681721758,49.61393496990798,17,0.17998313527489251,-0.09783569112672934,0.1721268522917658
19,0.21388585681721758,49.61393496990798,18,0.17646378658549075,-0.1512247451994101,0.15492318114432121
19,0.21388585681721758,49.61393496990798,19,0.172210077192745,-0.20287490676831874,0.15795532473614504
19,0.21388585681721758,49.61393496990798,20,0.166536027554329,-0.25149474239794206,0.15970386992848704
19,0.21388585681721758,49.61393496990798,21,0.1598088700992327,-0.29835907761563146,0.15508976111224965
19,0.21388585681721758,49.61393496990798,22,0.1516237167480017,-0.3399329023725695,0.14114874543087136
19,0.21388585681721758,49.61393496990798,23,0.13781394859612403,-0.34731153452140673,0.11429086460888194
19,0.21388585681721758,49.61393496990798,24,0.1256560436425367,-0.35065432625579807,0.0996691321366198
19,0.21388585681721758,49.61393496990798,25,0.11629476625438083,-0.35359113233976236,0.1005090480295858
19,0.21388585681721758,49.61393496990798,26,0.10880180309169976,-0.3565243058138296,0.09766030957053551
19,0.21388585681721758,49.61393496990798,27,0.10378843117811531,-0.3589447637295826,0.09823172508079024
19,0.21388585681721758,49.61393496990798,28,0.10149950640907765,-0.3602288527639458,0.0991598890267075
19,0.21388585681721758,49.61393496990798,29,0.1014158035281975,-0.36038334913783054,0.09959812418546356
19,0.21388585681721758,49.61393496990798,30,0.10154400669972644,-0.3603434405607113,0.09980502485108872
20,0.21388585681721758,49.61393496990798,1,-0.22724377979377997,0.35781321096398416,0.5840436959215308
20,0.21388585681721758,49.61393496990798,2,-0.12862164257594494,0.35881202625395026,0.6654255561319283
20,0.21388585681721758,49.61393496990798,3,-0.03379967942055698,0.3418216371175959,0.7291381974164586
20,0.21388585681721758,49.61393496990798,4,0.05876144255003595,0.3133891307088052,0.7761590042143671
20,0.21388585681721758,49.61393496990798,5,0.15079656807254763,0.2851181975076709,0.8088851025047936
20,0.21388585681721758,49.61393496990798,6,0.24232761271125045,0.2570021055903751,0.8274033308725645
20,0.21388585681721758,49.61393496990798,7,0.3216720904279896,0.22843953823846225,0.8324545737663991
20,0.21388585681721758,49.61393496990798,8,0.30724752831598334,0.1952232772638366,0.82872579217701
20,0.21388585681721758,49.61393496990798,9,0.29286641970405064,0.16210707913947275,0.8109649087006128
20,0.21388585681721758,49.61393496990798,10,0.2785318731047392,0.1290981020143131,0.7792199751509957
20,0.21388585681721758,49.61393496990798,11,0.26424879089132325,0.09620763486259525,0.733549887837455
20,0.21388585681721758,49.61393496990798,12,0.25002306564157106,0.0634492468588593,0.67402685933657
20,0.21388585681721758,49.61393496990798,13,0.2358610850475221,0.03083764730548557,0.6007371890912497
20,0.21388585681721758,49.61393496990798,14,0.22176945630832745,-0.0016119490236138462,0.5137813190586152
20,0.21388585681721758,49.61393496990798,15,0.2077548485365775,-0.033884184782922856,0.4132735856211095
20,0.21388585681721758,49.61393496990798,16,0.19382389618808427,-0.0659637824330636,0.29934181939152554
20,0.21388585681721758,49.61393496990798,17,0.17998313527489251,-0.09783569112672934,0.1721268522917658
20,0.21388585681721758,49.61393496990798,18,0.17646378658549075,-0.1512247451994101,0.15492318114432121
20,0.21388585681721758,49.61393496990798,19,0.172210077192745,-0.20287490676831874,0.15795532473614504
20,0.21388585681721758,49.61393496990798,20,0.166536027554329,-0.25149474239794206,0.15970386992848704
20,0.21388585681721758,49.61393496990798,21,0.1598088700992327,-0.29835907761563146,0.15508976111224965
20,0.21388585681721758,49.61393496990798,22,0.1516237167480017,-0.3399329023725695,0.14114874543087136
20,0.21388585681721758,49.61393496990798,23,0.13781394859612403,-0.34731153452140673,0.11429086460888194
20,0.21388585681721758,49.61393496990798,24,0.1256560436425367,-0.35065432625579807,0.0996691321366198
20,0.21388585681721758,49.61393496990798,25,0.11629476625438083,-0.35359113233976236,0.1005090480295858
20,0.21388585681721758,49.61393496990798,26,0.10880180309169976,-0.3565243058138296,0.09766030957053551
20,0.21388585681721758,49.61393496990798,27,0.10378843117811531,-0.3589447637295826,0.09823172508079024
20,0.21388585681721758,49.61393496990798,28,0.10149950640907765,-0.3602288527639458,0.0991598890267075
20,0.21388585681721758,49.61393496990798,29,0.1014158035281975,-0.36038334913783054,0.09959812418546356
20,0.21388585681721758,49.61393496990798,30,0.10154400669972644,-0.3603434405607113,0.09980502485108872
