particle,elasticity,weight,frame,x,y,z
1,0.45327072800295864,-315.83687985118064,1,0.3557613226032567,0.3408368056482585,0.091161029548598
1,0.45327072800295864,-315.83687985118064,2,0.32813284475462307,0.2884502818995587,0.138950876027096
1,0.45327072800295864,-315.83687985118064,3,0.3017809294630522,0.24004823507388634,0.19588712771023248
1,0.45327072800295864,-315.83687985118064,4,0.2755471948285858,0.1918632573164685,0.2385326816859911
1,0.45327072800295864,-315.83687985118064,5,0.2494217509269409,0.14387718324642268,0.266964778029061
1,0.45327072800295864,-315.83687985118064,6,0.22339708575755668,0.09607621514928026,0.28124831884839857
1,0.45327072800295864,-315.83687985118064,7,0.19746877517837602,0.04845222695417907,0.28143942569158187
1,0.45327072800295864,-315.83687985118064,8,0.17163600035325957,0.0010037146586691658,0.26759049716549743
1,0.45327072800295864,-315.83687985118064,9,0.14590152698973285,-0.04626424180648627,0.23975599665847538
1,0.45327072800295864,-315.83687985118064,10,0.12027111601678392,-0.093341061018588,0.1979975098301642
1,0.45327072800295864,-315.83687985118064,11,0.09654710084307258,-0.13666451055380574,0.15829305788355857
1,0.45327072800295864,-315.83687985118064,12,0.07918040306649632,-0.16743190514646822,0.16028612320937252
1,0.45327072800295864,-315.83687985118064,13,0.061432884972278994,-0.1950670470878764,0.1488999388238766
1,0.45327072800295864,-315.83687985118064,14,0.041444310492677834,-0.20945441466216422,0.126446629780859
1,0.45327072800295864,-315.83687985118064,15,0.01978411222662003,-0.20269991330384995,0.11402603733376143
1,0.45327072800295864,-315.83687985118064,16,0.0010149034521514401,-0.1947234094468903,0.10051940608736487
1,0.45327072800295864,-315.83687985118064,17,-0.013980743590229374,-0.1887421358937551,0.09924112990189898
1,0.45327072800295864,-315.83687985118064,18,-0.026314799934946956,-0.18334908666810634,0.09832050488302983
1,0.45327072800295864,-315.83687985118064,19,-0.03541317355631503,-0.17950083636558922,0.09861395285640256
1,0.45327072800295864,-315.83687985118064,20,-0.04160882231617518,-0.17713328394197184,0.0988026226260277
1,0.45327072800295864,-315.83687985118064,21,-0.0446288909606421,-0.17578649144329475,0.09917301016128548
1,0.45327072800295864,-315.83687985118064,22,-0.045028004019162,-0.17572335357791494,0.09960442816979138
1,0.45327072800295864,-315.83687985118064,23,-0.044955378448101595,-0.1757592843558986,0.09980805593214309
1,0.45327072800295864,-315.83687985118064,24,-0.04492110196898258,-0.1757762950365834,0.09990414525850079
1,0.45327072800295864,-315.83687985118064,25,-0.04490468979855912,-0.17578466116769484,0.0999494969332971
1,0.45327072800295864,-315.83687985118064,26,-0.04489690014742681,-0.17578869633946861,0.09997089669189524
1,0.45327072800295864,-315.83687985118064,27,-0.044893204478712805,-0.1757906444009079,0.09998100098984469
1,0.45327072800295864,-315.83687985118064,28,-0.044891498912137354,-0.17579145617660333,0.09998576615119485
1,0.45327072800295864,-315.83687985118064,29,-0.04489128533161316,-0.17579074019443017,0.0999868936367322
1,0.45327072800295864,-315.83687985118064,30,-0.04489158777648453,-0.17579035504253507,0.09998721333498196
2,0.45327072800295864,-315.83526016784674,1,0.3557613226032567,0.3408368056482585,0.091161029548598
2,0.45327072800295864,-315.83526016784674,2,0.32813284475462307,0.2884502818995587,0.138950876027096
2,0.45327072800295864,-315.83526016784674,3,0.3017809294630522,0.24004823507388634,0.19588712771023248
2,0.45327072800295864,-315.83526016784674,4,0.2755471948285858,0.1918632573164685,0.2385326816859911
2,0.45327072800295864,-315.83526016784674,5,0.2494217509269409,0.14387718324642268,0.266964778029061
2,0.45327072800295864,-315.83526016784674,6,0.22339708575755668,0.09607621514928026,0.28124831884839857
2,0.45327072800295864,-315.83526016784674,7,0.19746877517837602,0.04845222695417907,0.28143942569158187
2,0.45327072800295864,-315.83526016784674,8,0.17163600035325957,0.0010037146586691658,0.26759049716549743
2,0.45327072800295864,-315.83526016784674,9,0.14590152698973285,-0.04626424180648627,0.23975599665847538
2,0.45327072800295864,-315.83526016784674,10,0.12027111601678392,-0.093341061018588,0.1979975098301642
2,0.45327072800295864,-315.83526016784674,11,0.09654710084307258,-0.13666451055380574,0.15829305788355857
2,0.45327072800295864,-315.83526016784674,12,0.07918040306649632,-0.16743190514646822,0.16028612320937252
2,0.45327072800295864,-315.83526016784674,13,0.06143288918605552,-0.19506713282824217,0.14889990979135095
2,0.45327072800295864,-315.83526016784674,14,0.041444339218269795,-0.20945482218459957,0.1264465045534219
2,0.45327072800295864,-315.83526016784674,15,0.019784196331439127,-0.20270000738290864,0.11402618562481188
2,0.45327072800295864,-315.83526016784674,16,0.0010151060573202761,-0.19472307046348503,0.10052031137018091
2,0.45327072800295864,-315.83526016784674,17,-0.013980648734098974,-0.18874089098618313,0.09924135140987989
2,0.45327072800295864,-315.83526016784674,18,-0.026314865664468442,-0.1833470479017354,0.09832034648788636
2,0.45327072800295864,-315.83526016784674,19,-0.03541345088451198,-0.17949823233892395,0.09861387824428487
2,0.45327072800295864,-315.83526016784674,20,-0.041609414370993025,-0.177130215487691,0.09880259022250454
2,0.45327072800295864,-315.83526016784674,21,-0.04462981512881016,-0.17578303848715554,0.0991729847430874
2,0.45327072800295864,-315.83526016784674,22,-0.04502914969653645,-0.17571979916386213,0.09960441612994547
2,0.45327072800295864,-315.83526016784674,23,-0.044956524301408764,-0.17575573039980552,0.09980805024719988
2,0.45327072800295864,-315.83526016784674,24,-0.044922247896173606,-0.1757727412846308,0.09990414257278238
2,0.45327072800295864,-315.83526016784674,25,-0.04490583574290326,-0.17578110749919032,0.09994949566444168
2,0.45327072800295864,-315.83526016784674,26,-0.04489804609428031,-0.17578514270638473,0.09997089609264578
2,0.45327072800295864,-315.83526016784674,27,-0.04489435042413835,-0.1757870907826168,0.09998100070688927
2,0.45327072800295864,-315.83526016784674,28,-0.04489264487452307,-0.1757879026799226,0.09998576602025545
2,0.45327072800295864,-315.83526016784674,29,-0.04489243132634734,-0.17578718667615434,0.0999868935917748
2,0.45327072800295864,-315.83526016784674,30,-0.0448927337906517,-0.1757868015222471,0.09998721330584066
3,0.45327072800295864,-315.8397108257086,1,0.3557613226032567,0.3408368056482585,0.091161029548598
3,0.45327072800295864,-315.8397108257086,2,0.32813284475462307,0.2884502818995587,0.138950876027096
3,0.45327072800295864,-315.8397108257086,3,0.3017809294630522,0.24004823507388634,0.19588712771023248
3,0.45327072800295864,-315.8397108257086,4,0.2755471948285858,0.1918632573164685,0.2385326816859911
3,0.45327072800295864,-315.8397108257086,5,0.2494217509269409,0.14387718324642268,0.266964778029061
3,0.45327072800295864,-315.8397108257086,6,0.22339708575755668,0.09607621514928026,0.28124831884839857
3,0.45327072800295864,-315.8397108257086,7,0.19746877517837602,0.04845222695417907,0.28143942569158187
3,0.45327072800295864,-315.8397108257086,8,0.17163600035325957,0.0010037146586691658,0.26759049716549743
3,0.45327072800295864,-315.8397108257086,9,0.14590152698973285,-0.04626424180648627,0.23975599665847538
3,0.45327072800295864,-315.8397108257086,10,0.12027111601678392,-0.093341061018588,0.1979975098301642
3,0.45327072800295864,-315.8397108257086,11,0.09654710084307258,-0.13666451055380574,0.15829305788355857
3,0.45327072800295864,-315.8397108257086,12,0.07918040306649632,-0.16743190514646822,0.16028612320937252
3,0.45327072800295864,-315.8397108257086,13,0.06143291058137008,-0.1950673881823023,0.14889983458971673
3,0.45327072800295864,-315.8397108257086,14,0.04144434894513668,-0.2094561871274657,0.12644604885501018
3,0.45327072800295864,-315.8397108257086,15,0.01978301946511533,-0.20270183218571833,0.11402407463802952
3,0.45327072800295864,-315.8397108257086,16,0.0010128991397013282,-0.19472524349048997,0.10051734082944282
3,0.45327072800295864,-315.8397108257086,17,-0.013983534317864336,-0.1887442373162118,0.09924000731319864
3,0.45327072800295864,-315.8397108257086,18,-0.026318323631320525,-0.18335143442414886,0.09832022193611643
3,0.45327072800295864,-315.8397108257086,19,-0.03541749373219417,-0.1795033003679917,0.09861382975661064
3,0.45327072800295864,-315.8397108257086,20,-0.04161386900025473,-0.17713577071831246,0.09880256658027727
3,0.45327072800295864,-315.8397108257086,21,-0.04463458180837597,-0.17578892450214506,0.09917298664218596
3,0.45327072800295864,-315.8397108257086,22,-0.04503398720044207,-0.17572572237953402,0.09960441701421466
3,0.45327072800295864,-315.8397108257086,23,-0.04496136486953318,-0.175761654368173,0.09980805066264016
3,0.45327072800295864,-315.8397108257086,24,-0.04492708991416197,-0.17577866562449715,0.09990414276830184
3,0.45327072800295864,-315.8397108257086,25,-0.0449106784675249,-0.17578703203203777,0.09994949575652902
3,0.45327072800295864,-315.8397108257086,26,-0.04490288915847646,-0.17579106733521468,0.0999708961360622
3,0.45327072800295864,-315.8397108257086,27,-0.04489919365091315,-0.17579301545920722,0.09998100072735719
3,0.45327072800295864,-315.8397108257086,28,-0.04489748816572041,-0.1757938273318483,0.09998576602882216
3,0.45327072800295864,-315.8397108257086,29,-0.04489727458784356,-0.17579311132528866,0.09998689359022407
3,0.45327072800295864,-315.8397108257086,30,-0.0448975770432531,-0.17579272614649227,0.09998721331557549
4,0.45327072800295864,-315.8560367729193,1,0.3557613226032567,0.3408368056482585,0.091161029548598
4,0.45327072800295864,-315.8560367729193,2,0.32813284475462307,0.2884502818995587,0.138950876027096
4,0.45327072800295864,-315.8560367729193,3,0.3017809294630522,0.24004823507388634,0.19588712771023248
4,0.45327072800295864,-315.8560367729193,4,0.2755471948285858,0.1918632573164685,0.2385326816859911
4,0.45327072800295864,-315.8560367729193,5,0.2494217509269409,0.14387718324642268,0.266964778029061
4,0.45327072800295864,-315.8560367729193,6,0.22339708575755668,0.09607621514928026,0.28124831884839857
4,0.45327072800295864,-315.8560367729193,7,0.19746877517837602,0.04845222695417907,0.28143942569158187
4,0.45327072800295864,-315.8560367729193,8,0.17163600035325957,0.0010037146586691658,0.26759049716549743
4,0.45327072800295864,-315.8560367729193,9,0.14590152698973285,-0.04626424180648627,0.23975599665847538
4,0.45327072800295864,-315.8560367729193,10,0.12027111601678392,-0.093341061018588,0.1979975098301642
4,0.45327072800295864,-315.8560367729193,11,0.09654710084307258,-0.13666451055380574,0.15829305788355857
4,0.45327072800295864,-315.8560367729193,12,0.07918040306649632,-0.16743190514646822,0.16028612320937252
4,0.45327072800295864,-315.8560367729193,13,0.061432956018447164,-0.19506820251436646,0.14889956576583815
4,0.45327072800295864,-315.8560367729193,14,0.04144440094299997,-0.20946070347193327,0.12644441365557715
4,0.45327072800295864,-315.8560367729193,15,0.01978066398077218,-0.2027091755361707,0.11401767697097993
4,0.45327072800295864,-315.8560367729193,16,0.001008672184130808,-0.1947349841786083,0.10050910406836236
4,0.45327072800295864,-315.8560367729193,17,-0.01398908038264859,-0.18875904831331286,0.09923718120290957
4,0.45327072800295864,-315.8560367729193,18,-0.02632512776919424,-0.1833706116719242,0.09832086964013012
4,0.45327072800295864,-315.8560367729193,19,-0.035425371895488666,-0.17952532427767132,0.09861415305574274
4,0.45327072800295864,-315.8560367729193,20,-0.041622041036672754,-0.17715984779216165,0.09880270479454929
4,0.45327072800295864,-315.8560367729193,21,-0.0446427350276815,-0.17581449189764803,0.099173103442609
4,0.45327072800295864,-315.8560367729193,22,-0.045041790112568626,-0.1757515303911441,0.09960447224161945
4,0.45327072800295864,-315.8560367729193,23,-0.044969150716914416,-0.17578743861103344,0.09980807674615501
4,0.45327072800295864,-315.8560367729193,24,-0.04493486780025098,-0.17580443876421692,0.09990415510574914
4,0.45327072800295864,-315.8560367729193,25,-0.044918452708261114,-0.17581280002018587,0.09994950159266629
4,0.45327072800295864,-315.8560367729193,26,-0.044910661718446106,-0.17581683292804257,0.09997089889382588
4,0.45327072800295864,-315.8560367729193,27,-0.04490696543890188,-0.1758187799389786,0.09998100202979096
4,0.45327072800295864,-315.8560367729193,28,-0.04490525946270522,-0.17581959038563763,0.09998576662292091
4,0.45327072800295864,-315.8560367729193,29,-0.04490504544983972,-0.17581887431170495,0.09998689388310891
4,0.45327072800295864,-315.8560367729193,30,-0.04490534775893567,-0.17581848915193346,0.09998721349277108
5,0.23096973250427238,-289.9508840162284,1,0.36938381810586657,0.35589944606731033,0.07889891117303155
5,0.23096973250427238,-289.9508840162284,2,0.3394502194629059,0.31647630539699445,0.09294301250903625
5,0.23096973250427238,-289.9508840162284,3,0.3113611808689341,0.27984659132169865,0.10663197719422599
5,0.23096973250427238,-289.9508840162284,4,0.28477672373837304,0.24370201103484326,0.1126030307087616
5,0.23096973250427238,-289.9508840162284,5,0.2597873339108539,0.20839359403290825,0.11179702178704205
5,0.23096973250427238,-289.9508840162284,6,0.2364248586633254,0.17397602309986793,0.1042876478090488
5,0.23096973250427238,-289.9508840162284,7,0.21610712517973946,0.1421457207749871,0.09907600840915753
5,0.23096973250427238,-289.9508840162284,8,0.19867250919603993,0.11366988117543322,0.09868276159390509
5,0.23096973250427238,-289.9508840162284,9,0.1826915951393455,0.08779008923946857,0.09807929846029284
5,0.23096973250427238,-289.9508840162284,10,0.16840370487951528,0.0643693818642774,0.09772096297060671
5,0.23096973250427238,-289.9508840162284,11,0.1558401692969641,0.043666382673033105,0.09800542240324432
5,0.23096973250427238,-289.9508840162284,12,0.14514982441273874,0.025439843546499252,0.09825741670560093
5,0.23096973250427238,-289.9508840162284,13,0.13621145163387222,0.009648089826163875,0.09787313771197857
5,0.23096973250427238,-289.9508840162284,14,0.12903799974331384,-0.003387981500756222,0.0980186987892495
5,0.23096973250427238,-289.9508840162284,15,0.1235137262507936,-0.013611396120877998,0.09824157710876852
5,0.23096973250427238,-289.9508840162284,16,0.1195602851915624,-0.02087852898599522,0.09877719187276625
5,0.23096973250427238,-289.9508840162284,17,0.11746249711069535,-0.02548447767705211,0.09905735325041472
5,0.23096973250427238,-289.9508840162284,18,0.11652267685353032,-0.026991932024290746,0.09944272642024841
5,0.23096973250427238,-289.9508840162284,19,0.11659345162229375,-0.027039614114160816,0.09973169209974816
5,0.23096973250427238,-289.9508840162284,20,0.11662725811640115,-0.027062018007692742,0.09986808112947312
5,0.23096973250427238,-289.9508840162284,21,0.11664366302740346,-0.027072912864061525,0.09993246023318807
5,0.23096973250427238,-289.9508840162284,22,0.11665139795978961,-0.027078051158193752,0.09996285375188166
5,0.23096973250427238,-289.9508840162284,23,0.11665549533024488,-0.027080794645577326,0.09997720815324854
5,0.23096973250427238,-289.9508840162284,24,0.11665753528469716,-0.027082165489118883,0.09998398488470138
5,0.23096973250427238,-289.9508840162284,25,0.1166571215098654,-0.02708186056498976,0.0999861415790467
5,0.23096973250427238,-289.9508840162284,26,0.11665660914412847,-0.027081488450104246,0.09998677532171041
5,0.23096973250427238,-289.9508840162284,27,0.11665636817095931,-0.027081313411624976,0.09998707330316296
5,0.23096973250427238,-289.9508840162284,28,0.11665625476141998,-0.02708123105879679,0.0999872134175048
5,0.23096973250427238,-289.9508840162284,29,0.11665620133256056,-0.02708119228865846,0.09998727930102456
5,0.23096973250427238,-289.9508840162284,30,0.11665617610741247,-0.027081174011677176,0.0999873102803144
6,0.36318201484116047,-309.5072982169291,1,0.3729325059717636,0.3440295455237183,0.08832020878643247
6,0.36318201484116047,-309.5072982169291,2,0.37201745018101817,0.2917298050287105,0.10451682033400837
6,0.36318201484116047,-309.5072982169291,3,0.3624177429451572,0.24396551150783716,0.11804508153815277
6,0.36318201484116047,-309.5072982169291,4,0.34757704786151494,0.19789601370701995,0.11845054811538151
6,0.36318201484116047,-309.5072982169291,5,0.3336636777854466,0.15340053351705,0.11195166446221978
6,0.36318201484116047,-309.5072982169291,6,0.32080088755097314,0.1102984726015067,0.0983396640225641
6,0.36318201484116047,-309.5072982169291,7,0.3095976389586678,0.07364848208592865,0.09783132873913267
6,0.36318201484116047,-309.5072982169291,8,0.2996373270741205,0.04008580258736238,0.09693984188038603
6,0.36318201484116047,-309.5072982169291,9,0.29103267355486034,0.00987016922596515,0.09678184288337563
6,0.36318201484116047,-309.5072982169291,10,0.2836528260171953,-0.01710374022131436,0.09674199219120243
6,0.36318201484116047,-309.5072982169291,11,0.27745983788588946,-0.04079756945125232,0.09691559248832797
6,0.36318201484116047,-309.5072982169291,12,0.27237312437886557,-0.0612699560887778,0.09698515648463253
6,0.36318201484116047,-309.5072982169291,13,0.26843025437727136,-0.07844795545790777,0.0972794477625522
6,0.36318201484116047,-309.5072982169291,14,0.26583329822432256,-0.0922703307778646,0.0981191657725586
6,0.36318201484116047,-309.5072982169291,15,0.2638324685332481,-0.1027006031244873,0.09877874309295968
6,0.36318201484116047,-309.5072982169291,16,0.2625388428332401,-0.10982350228589968,0.09905186775647476
6,0.36318201484116047,-309.5072982169291,17,0.26200915135691427,-0.11358153433953605,0.09927110290805778
6,0.36318201484116047,-309.5072982169291,18,0.26212670720312825,-0.11423322099368237,0.09959086758169754
6,0.36318201484116047,-309.5072982169291,19,0.2620795540643949,-0.11428530988778864,0.09980157932275815
6,0.36318201484116047,-309.5072982169291,20,0.2620572876946331,-0.11430980926522805,0.09990104926518542
6,0.36318201484116047,-309.5072982169291,21,0.2620467971413352,-0.1143214082630398,0.09994801123955814
6,0.36318201484116047,-309.5072982169291,22,0.2620418403540162,-0.11432683514951951,0.09997018341973751
6,0.36318201484116047,-309.5072982169291,23,0.2620395152086347,-0.1143294367065903,0.09998065255170775
6,0.36318201484116047,-309.5072982169291,24,0.2620384073650914,-0.11433062099274657,0.09998559511967112
6,0.36318201484116047,-309.5072982169291,25,0.2620378969186451,-0.11433122178917582,0.0999879292940991
6,0.36318201484116047,-309.5072982169291,26,0.26203759580942604,-0.11433112400429254,0.0999890070814802
6,0.36318201484116047,-309.5072982169291,27,0.2620374302585579,-0.11433083465883793,0.09998950389428353
6,0.36318201484116047,-309.5072982169291,28,0.2620372948970707,-0.1143306681806457,0.09998967364792098
6,0.36318201484116047,-309.5072982169291,29,0.262037246674859,-0.1143306674894452,0.09998975695183489
6,0.36318201484116047,-309.5072982169291,30,0.26203720636789346,-0.11433059238222885,0.09998979020807516
7,0.45327072800295864,-315.85377990088585,1,0.3557613226032567,0.3408368056482585,0.091161029548598
7,0.45327072800295864,-315.85377990088585,2,0.32813284475462307,0.2884502818995587,0.138950876027096
7,0.45327072800295864,-315.85377990088585,3,0.3017809294630522,0.24004823507388634,0.19588712771023248
7,0.45327072800295864,-315.85377990088585,4,0.2755471948285858,0.1918632573164685,0.2385326816859911
7,0.45327072800295864,-315.85377990088585,5,0.2494217509269409,0.14387718324642268,0.266964778029061
7,0.45327072800295864,-315.85377990088585,6,0.22339708575755668,0.09607621514928026,0.28124831884839857
7,0.45327072800295864,-315.85377990088585,7,0.19746877517837602,0.04845222695417907,0.28143942569158187
7,0.45327072800295864,-315.85377990088585,8,0.17163600035325957,0.0010037146586691658,0.26759049716549743
7,0.45327072800295864,-315.85377990088585,9,0.14590152698973285,-0.04626424180648627,0.23975599665847538
7,0.45327072800295864,-315.85377990088585,10,0.12027111601678392,-0.093341061018588,0.1979975098301642
7,0.45327072800295864,-315.85377990088585,11,0.09654710084307258,-0.13666451055380574,0.15829305788355857
7,0.45327072800295864,-315.85377990088585,12,0.07918040306649632,-0.16743190514646822,0.16028612320937252
7,0.45327072800295864,-315.85377990088585,13,0.06143295723638865,-0.19506814485456778,0.14889959044441603
7,0.45327072800295864,-315.85377990088585,14,0.04144439920391612,-0.20946031448582086,0.12644456951184838
7,0.45327072800295864,-315.85377990088585,15,0.01978060579869903,-0.2027080380676801,0.11401801484912032
7,0.45327072800295864,-315.85377990088585,16,0.0010085983648310901,-0.19473319713455564,0.10050957687887632
7,0.45327072800295864,-315.85377990088585,17,-0.013989170612316252,-0.18875653224784003,0.09923737434519604
7,0.45327072800295864,-315.85377990088585,18,-0.026325250022920157,-0.18336745591903228,0.09832086782809545
7,0.45327072800295864,-315.85377990088585,19,-0.03542559785790431,-0.179521701759298,0.09861414866559728
7,0.45327072800295864,-315.85377990088585,20,-0.04162244948643631,-0.17715586687569385,0.0988027035077929
7,0.45327072800295864,-315.85377990088585,21,-0.04464334299454245,-0.1758102396716644,0.09917309693947475
7,0.45327072800295864,-315.85377990088585,22,-0.04504253758692835,-0.17574721532668228,0.09960446914388452
7,0.45327072800295864,-315.85377990088585,23,-0.04496989779307713,-0.17578312732837686,0.09980807528513622
7,0.45327072800295864,-315.85377990088585,24,-0.044935614687717416,-0.17580012925200098,0.09990415441588703
7,0.45327072800295864,-315.85377990088585,25,-0.04491919950201576,-0.17580849133670653,0.09994950126683888
7,0.45327072800295864,-315.85377990088585,26,-0.04491140846665772,-0.17581252463210006,0.09997089873996483
7,0.45327072800295864,-315.85377990088585,27,-0.04490771216502834,-0.175814471824095,0.09998100195714392
7,0.45327072800295864,-315.85377990088585,28,-0.044906006189052494,-0.1758152824365114,0.09998576659051406
7,0.45327072800295864,-315.85377990088585,29,-0.044905792175114236,-0.1758145663762656,0.09998689387671571
7,0.45327072800295864,-315.85377990088585,30,-0.04490609448713792,-0.17581418121839304,0.0999872134873656
8,0.45327072800295864,-315.85409366680983,1,0.3557613226032567,0.3408368056482585,0.091161029548598
8,0.45327072800295864,-315.85409366680983,2,0.32813284475462307,0.2884502818995587,0.138950876027096
8,0.45327072800295864,-315.85409366680983,3,0.3017809294630522,0.24004823507388634,0.19588712771023248
8,0.45327072800295864,-315.85409366680983,4,0.2755471948285858,0.1918632573164685,0.2385326816859911
8,0.45327072800295864,-315.85409366680983,5,0.2494217509269409,0.14387718324642268,0.266964778029061
8,0.45327072800295864,-315.85409366680983,6,0.22339708575755668,0.09607621514928026,0.28124831884839857
8,0.45327072800295864,-315.85409366680983,7,0.19746877517837602,0.04845222695417907,0.28143942569158187
8,0.45327072800295864,-315.85409366680983,8,0.17163600035325957,0.0010037146586691658,0.26759049716549743
8,0.45327072800295864,-315.85409366680983,9,0.14590152698973285,-0.04626424180648627,0.23975599665847538
8,0.45327072800295864,-315.85409366680983,10,0.12027111601678392,-0.093341061018588,0.1979975098301642
8,0.45327072800295864,-315.85409366680983,11,0.09654710084307258,-0.13666451055380574,0.15829305788355857
8,0.45327072800295864,-315.85409366680983,12,0.07918040306649632,-0.16743190514646822,0.16028612320937252
8,0.45327072800295864,-315.85409366680983,13,0.061432950194430486,-0.19506818030718256,0.14889956726093875
8,0.45327072800295864,-315.85409366680983,14,0.04144436832462818,-0.20946051161094445,0.12644444111808897
8,0.45327072800295864,-315.85409366680983,15,0.019780585752117063,-0.20270832471874262,0.11401779007483301
8,0.45327072800295864,-315.85409366680983,16,0.0010086200218174326,-0.19473351893004515,0.10050949955549145
8,0.45327072800295864,-315.85409366680983,17,-0.013989130255135195,-0.18875692086993826,0.09923734221880033
8,0.45327072800295864,-315.85409366680983,18,-0.026325183079207906,-0.18336790351873272,0.09832086634077503
8,0.45327072800295864,-315.85409366680983,19,-0.03542549583609306,-0.17952218904609343,0.09861414872136885
8,0.45327072800295864,-315.85409366680983,20,-0.0416223040829867,-0.1771563861222532,0.09880270342912045
8,0.45327072800295864,-315.85409366680983,21,-0.04464315474118277,-0.17581078834957609,0.09917309787320296
8,0.45327072800295864,-315.85409366680983,22,-0.04504232439852531,-0.17574777226993055,0.09960446958894731
8,0.45327072800295864,-315.85409366680983,23,-0.0449696848799,-0.17578368357494634,0.09980807549482532
8,0.45327072800295864,-315.85409366680983,24,-0.04493540190477257,-0.17580068517359712,0.0999041545148509
8,0.45327072800295864,-315.85409366680983,25,-0.04491898678279206,-0.17580904710734263,0.09994950131356721
8,0.45327072800295864,-315.85409366680983,26,-0.04491119577812631,-0.17581308033249315,0.09997089876202686
8,0.45327072800295864,-315.85409366680983,27,-0.04490749949123332,-0.17581502749184813,0.0999810019675586
8,0.45327072800295864,-315.85409366680983,28,-0.04490579351951144,-0.17581583807145781,0.09998576659502169
8,0.45327072800295864,-315.85409366680983,29,-0.04490557950371123,-0.17581512200773552,0.09998689387717764
8,0.45327072800295864,-315.85409366680983,30,-0.0449058818147753,-0.17581473684766855,0.09998721348866837
9,0.45327072800295864,-315.85377670284066,1,0.3557613226032567,0.3408368056482585,0.091161029548598
9,0.45327072800295864,-315.85377670284066,2,0.32813284475462307,0.2884502818995587,0.138950876027096
9,0.45327072800295864,-315.85377670284066,3,0.3017809294630522,0.24004823507388634,0.19588712771023248
9,0.45327072800295864,-315.85377670284066,4,0.2755471948285858,0.1918632573164685,0.2385326816859911
9,0.45327072800295864,-315.85377670284066,5,0.2494217509269409,0.14387718324642268,0.266964778029061
9,0.45327072800295864,-315.85377670284066,6,0.22339708575755668,0.09607621514928026,0.28124831884839857
9,0.45327072800295864,-315.85377670284066,7,0.19746877517837602,0.04845222695417907,0.28143942569158187
9,0.45327072800295864,-315.85377670284066,8,0.17163600035325957,0.0010037146586691658,0.26759049716549743
9,0.45327072800295864,-315.85377670284066,9,0.14590152698973285,-0.04626424180648627,0.23975599665847538
9,0.45327072800295864,-315.85377670284066,10,0.12027111601678392,-0.093341061018588,0.1979975098301642
9,0.45327072800295864,-315.85377670284066,11,0.09654710084307258,-0.13666451055380574,0.15829305788355857
9,0.45327072800295864,-315.85377670284066,12,0.07918040306649632,-0.16743190514646822,0.16028612320937252
9,0.45327072800295864,-315.85377670284066,13,0.061432956104014225,-0.19506818706021667,0.148899572073645
9,0.45327072800295864,-315.85377670284066,14,0.04144439334949191,-0.20946051922858722,0.12644447223295951
9,0.45327072800295864,-315.85377670284066,15,0.01978056170468245,-0.2027081397424362,0.11401781342045247
9,0.45327072800295864,-315.85377670284066,16,0.0010085651869025404,-0.19473316690418935,0.10050953173121978
9,0.45327072800295864,-315.85377670284066,17,-0.013989232808665207,-0.1887563702833676,0.09923698839340692
9,0.45327072800295864,-315.85377670284066,18,-0.02632522201708816,-0.18336723643211905,0.09832063931309518
9,0.45327072800295864,-315.85377670284066,19,-0.03542551658635304,-0.17952150756781354,0.09861404645560476
9,0.45327072800295864,-315.85377670284066,20,-0.041622325326531984,-0.17715571898875707,0.09880265734960181
9,0.45327072800295864,-315.85377670284066,21,-0.044643177197645115,-0.1758101547889992,0.09917307720892879
9,0.45327072800295864,-315.85377670284066,22,-0.04504234807766572,-0.17574715779380762,0.09960445982502637
9,0.45327072800295864,-315.85377670284066,23,-0.044969714389451174,-0.1757830750107016,0.09980807088183552
9,0.45327072800295864,-315.85377670284066,24,-0.04493543415284103,-0.1758000793907759,0.09990415233228392
9,0.45327072800295864,-315.85377670284066,25,-0.04491902032331172,-0.1758084426363705,0.09994950028086526
9,0.45327072800295864,-315.85377670284066,26,-0.044911229926964856,-0.17581247647795945,0.09997089827397469
9,0.45327072800295864,-315.85377670284066,27,-0.04490753392542188,-0.17581442392699465,0.0999810017370317
9,0.45327072800295864,-315.85377670284066,28,-0.04490582810198095,-0.17581523477952518,0.09998576648933519
9,0.45327072800295864,-315.85377670284066,29,-0.04490561413533826,-0.1758145187287602,0.09998689382200494
9,0.45327072800295864,-315.85377670284066,30,-0.044905916464785124,-0.17581413354230466,0.09998721346498704
10,0.45327072800295864,-315.85366521440955,1,0.3557613226032567,0.3408368056482585,0.091161029548598
10,0.45327072800295864,-315.85366521440955,2,0.32813284475462307,0.2884502818995587,0.138950876027096
10,0.45327072800295864,-315.85366521440955,3,0.3017809294630522,0.24004823507388634,0.19588712771023248
10,0.45327072800295864,-315.85366521440955,4,0.2755471948285858,0.1918632573164685,0.2385326816859911
10,0.45327072800295864,-315.85366521440955,5,0.2494217509269409,0.14387718324642268,0.266964778029061
10,0.45327072800295864,-315.85366521440955,6,0.22339708575755668,0.09607621514928026,0.28124831884839857
10,0.45327072800295864,-315.85366521440955,7,0.19746877517837602,0.04845222695417907,0.28143942569158187
10,0.45327072800295864,-315.85366521440955,8,0.17163600035325957,0.0010037146586691658,0.26759049716549743
10,0.45327072800295864,-315.85366521440955,9,0.14590152698973285,-0.04626424180648627,0.23975599665847538
10,0.45327072800295864,-315.85366521440955,10,0.12027111601678392,-0.093341061018588,0.1979975098301642
10,0.45327072800295864,-315.85366521440955,11,0.09654710084307258,-0.13666451055380574,0.15829305788355857
10,0.45327072800295864,-315.85366521440955,12,0.07918040306649632,-0.16743190514646822,0.16028612320937252
10,0.45327072800295864,-315.85366521440955,13,0.061432961678782774,-0.19506834339913856,0.1488995164596746
10,0.45327072800295864,-315.85366521440955,14,0.041444438241729435,-0.20946132908296877,0.12644417569939898
10,0.45327072800295864,-315.85366521440955,15,0.019780636259868124,-0.2027089110229493,0.11401734209738879
10,0.45327072800295864,-315.85366521440955,16,0.0010087475424694222,-0.19473367442635303,0.10050969744627869
10,0.45327072800295864,-315.85366521440955,17,-0.013989041626324817,-0.18875662298291124,0.09923711345387341
10,0.45327072800295864,-315.85366521440955,18,-0.026325025421320012,-0.18336725721120287,0.09832067652756846
10,0.45327072800295864,-315.85366521440955,19,-0.03542532599693907,-0.17952133795510763,0.09861406254298694
10,0.45327072800295864,-315.85366521440955,20,-0.04162216593101939,-0.17715539915139306,0.09880266481467677
10,0.45327072800295864,-315.85366521440955,21,-0.044643058651975806,-0.1758097246081825,0.09917307877226993
10,0.45327072800295864,-315.85366521440955,22,-0.04504226606374697,-0.17574670179653928,0.09960446055626271
10,0.45327072800295864,-315.85366521440955,23,-0.04496963133665144,-0.17578261854114868,0.09980807122781726
10,0.45327072800295864,-315.85366521440955,24,-0.04493535061265608,-0.17579962269886515,0.09990415249652725
10,0.45327072800295864,-315.85366521440955,25,-0.04491893655411972,-0.17580798583992222,0.09994950035883345
10,0.45327072800295864,-315.85366521440955,26,-0.04491114605030393,-0.1758120196324908,0.09997089831087397
10,0.45327072800295864,-315.85366521440955,27,-0.04490744999849082,-0.1758139670585207,0.09998100175446982
10,0.45327072800295864,-315.85366521440955,28,-0.044905744149921184,-0.17581477788708352,0.09998576649727171
10,0.45327072800295864,-315.85366521440955,29,-0.044905530168543685,-0.1758140618334734,0.09998689382988242
10,0.45327072800295864,-315.85366521440955,30,-0.044905832494369115,-0.1758136766497087,0.09998721346856686
11,0.45327072800295864,-315.85333490204573,1,0.3557613226032567,0.3408368056482585,0.091161029548598
11,0.45327072800295864,-315.85333490204573,2,0.32813284475462307,0.2884502818995587,0.138950876027096
11,0.45327072800295864,-315.85333490204573,3,0.3017809294630522,0.24004823507388634,0.19588712771023248
11,0.45327072800295864,-315.85333490204573,4,0.2755471948285858,0.1918632573164685,0.2385326816859911
11,0.45327072800295864,-315.85333490204573,5,0.2494217509269409,0.14387718324642268,0.266964778029061
11,0.45327072800295864,-315.85333490204573,6,0.22339708575755668,0.09607621514928026,0.28124831884839857
11,0.45327072800295864,-315.85333490204573,7,0.19746877517837602,0.04845222695417907,0.28143942569158187
11,0.45327072800295864,-315.85333490204573,8,0.17163600035325957,0.0010037146586691658,0.26759049716549743
11,0.45327072800295864,-315.85333490204573,9,0.14590152698973285,-0.04626424180648627,0.23975599665847538
11,0.45327072800295864,-315.85333490204573,10,0.12027111601678392,-0.093341061018588,0.1979975098301642
11,0.45327072800295864,-315.85333490204573,11,0.09654710084307258,-0.13666451055380574,0.15829305788355857
11,0.45327072800295864,-315.85333490204573,12,0.07918040306649632,-0.16743190514646822,0.16028612320937252
11,0.45327072800295864,-315.85333490204573,13,0.06143296922559026,-0.19506850780495047,0.1488994601212645
11,0.45327072800295864,-315.85333490204573,14,0.04144453458735188,-0.20946220856942005,0.12644388501034656
11,0.45327072800295864,-315.85333490204573,15,0.01978121082484744,-0.20270999474632279,0.11401730929282337
11,0.45327072800295864,-315.85333490204573,16,0.0010098539520021859,-0.19473470289052455,0.10051073515515224
11,0.45327072800295864,-315.85333490204573,17,-0.01398762678949614,-0.18875729659924625,0.0992374836043655
11,0.45327072800295864,-315.85333490204573,18,-0.026323281431030788,-0.18336765546004494,0.09832064096984201
11,0.45327072800295864,-315.85333490204573,19,-0.03542322941940854,-0.17952158482596176,0.0986140452295255
11,0.45327072800295864,-315.85333490204573,20,-0.041619764880980605,-0.17715554711206433,0.0988026570846927
11,0.45327072800295864,-315.85333490204573,21,-0.044640397124869335,-0.1758098290395405,0.09917307297698892
11,0.45327072800295864,-315.85333490204573,22,-0.04503949770286077,-0.17574681656055283,0.09960445784377175
11,0.45327072800295864,-315.85333490204573,23,-0.04496686192548963,-0.17578273089079724,0.09980806994709804
11,0.45327072800295864,-315.85333490204573,24,-0.0449325807071943,-0.17579973391371784,0.09990415189250952
11,0.45327072800295864,-315.85333490204573,25,-0.04491616641390129,-0.1758080965195192,0.09994950007399751
11,0.45327072800295864,-315.85333490204573,26,-0.04490837579911021,-0.17581213006058632,0.09997089817646047
11,0.45327072800295864,-315.85333490204573,27,-0.04490467969503068,-0.17581407736848192,0.0999810016910208
11,0.45327072800295864,-315.85333490204573,28,-0.04490297382076417,-0.1758148881261603,0.0999857664669588
11,0.45327072800295864,-315.85333490204573,29,-0.044902759827125514,-0.175814172050417,0.0999868938249854
11,0.45327072800295864,-315.85333490204573,30,-0.044903062153455686,-0.17581378686613433,0.09998721346483083
12,0.45327072800295864,-315.8532346314088,1,0.3557613226032567,0.3408368056482585,0.091161029548598
12,0.45327072800295864,-315.8532346314088,2,0.32813284475462307,0.2884502818995587,0.138950876027096
12,0.45327072800295864,-315.8532346314088,3,0.3017809294630522,0.24004823507388634,0.19588712771023248
12,0.45327072800295864,-315.8532346314088,4,0.2755471948285858,0.1918632573164685,0.2385326816859911
12,0.45327072800295864,-315.8532346314088,5,0.2494217509269409,0.14387718324642268,0.266964778029061
12,0.45327072800295864,-315.8532346314088,6,0.22339708575755668,0.09607621514928026,0.28124831884839857
12,0.45327072800295864,-315.8532346314088,7,0.19746877517837602,0.04845222695417907,0.28143942569158187
12,0.45327072800295864,-315.8532346314088,8,0.17163600035325957,0.0010037146586691658,0.26759049716549743
12,0.45327072800295864,-315.8532346314088,9,0.14590152698973285,-0.04626424180648627,0.23975599665847538
12,0.45327072800295864,-315.8532346314088,10,0.12027111601678392,-0.093341061018588,0.1979975098301642
12,0.45327072800295864,-315.8532346314088,11,0.09654710084307258,-0.13666451055380574,0.15829305788355857
12,0.45327072800295864,-315.8532346314088,12,0.07918040306649632,-0.16743190514646822,0.16028612320937252
12,0.45327072800295864,-315.8532346314088,13,0.0614329774809759,-0.1950686409294146,0.14889941723225378
12,0.45327072800295864,-315.8532346314088,14,0.041444656282085816,-0.20946295627646375,0.12644366678102295
12,0.45327072800295864,-315.8532346314088,15,0.01978207425314874,-0.20271123160477164,0.11401758211264455
12,0.45327072800295864,-315.8532346314088,16,0.0010114626746091893,-0.1947361963530356,0.1005120607074972
12,0.45327072800295864,-315.8532346314088,17,-0.013985497719157441,-0.18875864374954465,0.09923796274762059
12,0.45327072800295864,-315.8532346314088,18,-0.026320572641075964,-0.18336885314554147,0.09832051225174868
12,0.45327072800295864,-315.8532346314088,19,-0.035419833295706055,-0.1795227087724311,0.09861398691328674
12,0.45327072800295864,-315.8532346314088,20,-0.041615769138353145,-0.1771566686854194,0.09880263141320081
12,0.45327072800295864,-315.8532346314088,21,-0.04463588289845453,-0.17581101114048736,0.0991730599968115
12,0.45327072800295864,-315.8532346314088,22,-0.045034757278927445,-0.17574805389410528,0.0996044517444674
12,0.45327072800295864,-315.8532346314088,23,-0.04496212906287261,-0.17578396647072356,0.09980806706017273
12,0.45327072800295864,-315.8532346314088,24,-0.04492785139113282,-0.1758009686771956,0.0999041505229503
12,0.45327072800295864,-315.8532346314088,25,-0.04491143876430952,-0.1758093308992167,0.09994949942438362
12,0.45327072800295864,-315.8532346314088,26,-0.0449036489315414,-0.1758133642603551,0.09997089786913244
12,0.45327072800295864,-315.8532346314088,27,-0.04489995319331629,-0.17581531148420562,0.09998100154580189
12,0.45327072800295864,-315.8532346314088,28,-0.044898247494052045,-0.17581612223001467,0.09998576639894959
12,0.45327072800295864,-315.8532346314088,29,-0.044898033611357004,-0.17581540614434255,0.09998689376139641
12,0.45327072800295864,-315.8532346314088,30,-0.04489833596585596,-0.17581502093769816,0.09998721343583505
13,0.45327072800295864,-315.85370186700067,1,0.3557613226032567,0.3408368056482585,0.091161029548598
13,0.45327072800295864,-315.85370186700067,2,0.32813284475462307,0.2884502818995587,0.138950876027096
13,0.45327072800295864,-315.85370186700067,3,0.3017809294630522,0.24004823507388634,0.19588712771023248
13,0.45327072800295864,-315.85370186700067,4,0.2755471948285858,0.1918632573164685,0.2385326816859911
13,0.45327072800295864,-315.85370186700067,5,0.2494217509269409,0.14387718324642268,0.266964778029061
13,0.45327072800295864,-315.85370186700067,6,0.22339708575755668,0.09607621514928026,0.28124831884839857
13,0.45327072800295864,-315.85370186700067,7,0.19746877517837602,0.04845222695417907,0.28143942569158187
13,0.45327072800295864,-315.85370186700067,8,0.17163600035325957,0.0010037146586691658,0.26759049716549743
13,0.45327072800295864,-315.85370186700067,9,0.14590152698973285,-0.04626424180648627,0.23975599665847538
13,0.45327072800295864,-315.85370186700067,10,0.12027111601678392,-0.093341061018588,0.1979975098301642
13,0.45327072800295864,-315.85370186700067,11,0.09654710084307258,-0.13666451055380574,0.15829305788355857
13,0.45327072800295864,-315.85370186700067,12,0.07918040306649632,-0.16743190514646822,0.16028612320937252
13,0.45327072800295864,-315.85370186700067,13,0.061432982975867724,-0.19506879211068665,0.14889936358917502
13,0.45327072800295864,-315.85370186700067,14,0.04144481749791584,-0.20946385446837862,0.12644339253380593
13,0.45327072800295864,-315.85370186700067,15,0.01978351696501614,-0.20271311801799335,0.1140181243966084
13,0.45327072800295864,-315.85370186700067,16,0.0010141666947762484,-0.19473877502802756,0.10051404331990278
13,0.45327072800295864,-315.85370186700067,17,-0.013981823540220232,-0.1887613107354849,0.09923868721864898
13,0.45327072800295864,-315.85370186700067,18,-0.02631582593099224,-0.1833716576539034,0.09832044620736324
13,0.45327072800295864,-315.85370186700067,19,-0.03541385683150143,-0.179525729477305,0.09861395813695953
13,0.45327072800295864,-315.85370186700067,20,-0.041608609690563195,-0.17715993583930334,0.09880261809971684
13,0.45327072800295864,-315.85370186700067,21,-0.044627651427024725,-0.1758145759990274,0.09917305698710657
13,0.45327072800295864,-315.85370186700067,22,-0.045026003777350984,-0.17575175745540647,0.09960445042936275
13,0.45327072800295864,-315.85370186700067,23,-0.044953378400136086,-0.17578766241068694,0.09980806643418103
13,0.45327072800295864,-315.85370186700067,24,-0.04491910206129087,-0.17580466104779507,0.09990415022529783
13,0.45327072800295864,-315.85370186700067,25,-0.04490269006579413,-0.1758130215953909,0.0999494992830422
13,0.45327072800295864,-315.85370186700067,26,-0.04489490053081654,-0.1758170541724653,0.09997089780223019
13,0.45327072800295864,-315.85370186700067,27,-0.04489120493270641,-0.17581900102954567,0.09998100151417974
13,0.45327072800295864,-315.85370186700067,28,-0.04488949928596953,-0.1758198114991589,0.09998576638154824
13,0.45327072800295864,-315.85370186700067,29,-0.044889285438529464,-0.1758190953714471,0.09998689373759925
13,0.45327072800295864,-315.85370186700067,30,-0.04488958780142265,-0.17581871015134176,0.09998721342710612
14,0.45327072800295864,-315.85535978635323,1,0.3557613226032567,0.3408368056482585,0.091161029548598
14,0.45327072800295864,-315.85535978635323,2,0.32813284475462307,0.2884502818995587,0.138950876027096
14,0.45327072800295864,-315.85535978635323,3,0.3017809294630522,0.24004823507388634,0.19588712771023248
14,0.45327072800295864,-315.85535978635323,4,0.2755471948285858,0.1918632573164685,0.2385326816859911
14,0.45327072800295864,-315.85535978635323,5,0.2494217509269409,0.14387718324642268,0.266964778029061
14,0.45327072800295864,-315.85535978635323,6,0.22339708575755668,0.09607621514928026,0.28124831884839857
14,0.45327072800295864,-315.85535978635323,7,0.19746877517837602,0.04845222695417907,0.28143942569158187
14,0.45327072800295864,-315.85535978635323,8,0.17163600035325957,0.0010037146586691658,0.26759049716549743
14,0.45327072800295864,-315.85535978635323,9,0.14590152698973285,-0.04626424180648627,0.23975599665847538
14,0.45327072800295864,-315.85535978635323,10,0.12027111601678392,-0.093341061018588,0.1979975098301642
14,0.45327072800295864,-315.85535978635323,11,0.09654710084307258,-0.13666451055380574,0.15829305788355857
14,0.45327072800295864,-315.85535978635323,12,0.07918040306649632,-0.16743190514646822,0.16028612320937252
14,0.45327072800295864,-315.85535978635323,13,0.06143298869971512,-0.1950689879496524,0.1488992923286082
14,0.45327072800295864,-315.85535978635323,14,0.04144505094977554,-0.20946507851716467,0.12644301824971216
14,0.45327072800295864,-315.85535978635323,15,0.019785739899228338,-0.20271615792075778,0.11401890665236149
14,0.45327072800295864,-315.85535978635323,16,0.0010183246561508217,-0.19474323889565617,0.10051670608758927
14,0.45327072800295864,-315.85535978635323,17,-0.013976097547563716,-0.18876638480988664,0.09923966521196956
14,0.45327072800295864,-315.85535978635323,18,-0.026308340517653277,-0.18337731622668144,0.09832031282916022
14,0.45327072800295864,-315.85535978635323,19,-0.035404305530477374,-0.17953196398960367,0.09861390215417591
14,0.45327072800295864,-315.85535978635323,20,-0.04159704448293764,-0.17716675817431313,0.09880259229996445
14,0.45327072800295864,-315.85535978635323,21,-0.0446142495179049,-0.1758220344035869,0.09917305410907326
14,0.45327072800295864,-315.85535978635323,22,-0.04501168979000611,-0.1757594801186773,0.09960444924995576
14,0.45327072800295864,-315.85535978635323,23,-0.04493907450033648,-0.17579537314392316,0.09980806586468272
14,0.45327072800295864,-315.85535978635323,24,-0.044904802899166034,-0.17581236620307947,0.09990414994892848
14,0.45327072800295864,-315.85535978635323,25,-0.04488839314548359,-0.17582072413960617,0.09994949914936932
14,0.45327072800295864,-315.85535978635323,26,-0.04488060466738347,-0.1758247554956989,0.09997089773845551
14,0.45327072800295864,-315.85535978635323,27,-0.04487690956610676,-0.1758267017826336,0.09998100148393639
14,0.45327072800295864,-315.85535978635323,28,-0.04487520412882811,-0.1758275118122825,0.09998576636312446
14,0.45327072800295864,-315.85535978635323,29,-0.04487499040488151,-0.17582679562962777,0.09998689367379648
14,0.45327072800295864,-315.85535978635323,30,-0.04487529279310936,-0.17582641037311436,0.09998721340520128
15,0.45327072800295864,-315.85822966505634,1,0.3557613226032567,0.3408368056482585,0.091161029548598
15,0.45327072800295864,-315.85822966505634,2,0.32813284475462307,0.2884502818995587,0.138950876027096
15,0.45327072800295864,-315.85822966505634,3,0.3017809294630522,0.24004823507388634,0.19588712771023248
15,0.45327072800295864,-315.85822966505634,4,0.2755471948285858,0.1918632573164685,0.2385326816859911
15,0.45327072800295864,-315.85822966505634,5,0.2494217509269409,0.14387718324642268,0.266964778029061
15,0.45327072800295864,-315.85822966505634,6,0.22339708575755668,0.09607621514928026,0.28124831884839857
15,0.45327072800295864,-315.85822966505634,7,0.19746877517837602,0.04845222695417907,0.28143942569158187
15,0.45327072800295864,-315.85822966505634,8,0.17163600035325957,0.0010037146586691658,0.26759049716549743
15,0.45327072800295864,-315.85822966505634,9,0.14590152698973285,-0.04626424180648627,0.23975599665847538
15,0.45327072800295864,-315.85822966505634,10,0.12027111601678392,-0.093341061018588,0.1979975098301642
15,0.45327072800295864,-315.85822966505634,11,0.09654710084307258,-0.13666451055380574,0.15829305788355857
15,0.45327072800295864,-315.85822966505634,12,0.07918040306649632,-0.16743190514646822,0.16028612320937252
15,0.45327072800295864,-315.85822966505634,13,0.06143299418610757,-0.1950691502691993,0.14889923421118006
15,0.45327072800295864,-315.85822966505634,14,0.041445287388692804,-0.20946617608111182,0.12644270162431656
15,0.45327072800295864,-315.85822966505634,15,0.019788061887070687,-0.2027195358981691,0.11401974306755529
15,0.45327072800295864,-315.85822966505634,16,0.0010226087021682566,-0.19474857658033007,0.1005189887119824
15,0.45327072800295864,-315.85822966505634,17,-0.013970025683486082,-0.18877289396269975,0.09924056676150453
15,0.45327072800295864,-315.85822966505634,18,-0.026300263090555397,-0.1833848867536737,0.09832011077107448
15,0.45327072800295864,-315.85822966505634,19,-0.03539382610055899,-0.17954044346913106,0.09861381758263148
15,0.45327072800295864,-315.85822966505634,20,-0.041584201086720854,-0.1771761040849503,0.0988025532737588
15,0.45327072800295864,-315.85822966505634,21,-0.044599242836801646,-0.17583224848289306,0.09917304967950373
15,0.45327072800295864,-315.85822966505634,22,-0.044995592119383185,-0.17577002585586948,0.09960444737426173
15,0.45327072800295864,-315.85822966505634,23,-0.0449229920012121,-0.17580590398496265,0.09980806496110689
15,0.45327072800295864,-315.85822966505634,24,-0.04488872752456579,-0.17582289008214694,0.09990414951085962
15,0.45327072800295864,-315.85822966505634,25,-0.04487232113937705,-0.17583124476063408,0.09994949893758659
15,0.45327072800295864,-315.85822966505634,26,-0.04486453424847866,-0.17583527459347884,0.09997089763743709
15,0.45327072800295864,-315.85822966505634,27,-0.04486083989291273,-0.17583722016933945,0.09998100143603794
15,0.45327072800295864,-315.85822966505634,28,-0.04485913477635563,-0.17583802965562537,0.09998576633543725
15,0.45327072800295864,-315.85822966505634,29,-0.044858921243406055,-0.17583731340843714,0.09998689357845095
15,0.45327072800295864,-315.85822966505634,30,-0.044859223670916125,-0.17583692810027443,0.09998721337143868
16,0.45327072800295864,-315.86242884914395,1,0.3557613226032567,0.3408368056482585,0.091161029548598
16,0.45327072800295864,-315.86242884914395,2,0.32813284475462307,0.2884502818995587,0.138950876027096
16,0.45327072800295864,-315.86242884914395,3,0.3017809294630522,0.24004823507388634,0.19588712771023248
16,0.45327072800295864,-315.86242884914395,4,0.2755471948285858,0.1918632573164685,0.2385326816859911
16,0.45327072800295864,-315.86242884914395,5,0.2494217509269409,0.14387718324642268,0.266964778029061
16,0.45327072800295864,-315.86242884914395,6,0.22339708575755668,0.09607621514928026,0.28124831884839857
16,0.45327072800295864,-315.86242884914395,7,0.19746877517837602,0.04845222695417907,0.28143942569158187
16,0.45327072800295864,-315.86242884914395,8,0.17163600035325957,0.0010037146586691658,0.26759049716549743
16,0.45327072800295864,-315.86242884914395,9,0.14590152698973285,-0.04626424180648627,0.23975599665847538
16,0.45327072800295864,-315.86242884914395,10,0.12027111601678392,-0.093341061018588,0.1979975098301642
16,0.45327072800295864,-315.86242884914395,11,0.09654710084307258,-0.13666451055380574,0.15829305788355857
16,0.45327072800295864,-315.86242884914395,12,0.07918040306649632,-0.16743190514646822,0.16028612320937252
16,0.45327072800295864,-315.86242884914395,13,0.06143300666453955,-0.195069265955929,0.14889920369166412
16,0.45327072800295864,-315.86242884914395,14,0.04144549200791845,-0.20946702711518728,0.12644251336932774
16,0.45327072800295864,-315.86242884914395,15,0.01978970923272504,-0.20272262528108362,0.11402021863957305
16,0.45327072800295864,-315.86242884914395,16,0.0010255540761784279,-0.19475368816836938,0.1005200666519961
16,0.45327072800295864,-315.86242884914395,17,-0.01396591597071743,-0.18877961746286567,0.09924095400266554
16,0.45327072800295864,-315.86242884914395,18,-0.026294820281398075,-0.18339306504498193,0.0983200618702724
16,0.45327072800295864,-315.86242884914395,19,-0.03538672947991972,-0.17954979123767403,0.09861380398015174
16,0.45327072800295864,-315.86242884914395,20,-0.041575355150123325,-0.17718645919240558,0.09880254550840986
16,0.45327072800295864,-315.86242884914395,21,-0.04458874566597914,-0.17584350967871468,0.0991730627386783
16,0.45327072800295864,-315.86242884914395,22,-0.044984206671849804,-0.1757815825788489,0.09960445373828973
16,0.45327072800295864,-315.86242884914395,23,-0.044911613651286306,-0.1758174470456512,0.09980806795534404
16,0.45327072800295864,-315.86242884914395,24,-0.044877352512458134,-0.17583442675350433,0.09990415092013884
16,0.45327072800295864,-315.86242884914395,25,-0.04486094771715937,-0.175842778443591,0.09994949960124894
16,0.45327072800295864,-315.86242884914395,26,-0.04485316157904181,-0.17584680687973067,0.0999708979504238
16,0.45327072800295864,-315.86242884914395,27,-0.04484946757893148,-0.1758487518035956,0.09998100158373562
16,0.45327072800295864,-315.86242884914395,28,-0.0448477625939037,-0.17584956072474092,0.09998576639903733
16,0.45327072800295864,-315.86242884914395,29,-0.04484754913561466,-0.17584884442486015,0.0999868935558993
16,0.45327072800295864,-315.86242884914395,30,-0.044847851571080156,-0.17584845909046493,0.09998721337140662
17,0.249517707195505,-304.5848385993396,1,0.3691123936433632,0.3539269562740189,0.07950026377831487
17,0.249517707195505,-304.5848385993396,2,0.33566220395276386,0.31336585371865555,0.09399927304884455
17,0.249517707195505,-304.5848385993396,3,0.30399734909403864,0.2754833091904506,0.10732119987142323
17,0.249517707195505,-304.5848385993396,4,0.2736880259536631,0.23823071633937315,0.11242076934670789
17,0.249517707195505,-304.5848385993396,5,0.24516787223107966,0.20180404026958557,0.11141150112044383
17,0.249517707195505,-304.5848385993396,6,0.2182897716717122,0.16622242377107552,0.10359174322962915
17,0.249517707195505,-304.5848385993396,7,0.19396615768949674,0.13293784273211293,0.09724234285109737
17,0.249517707195505,-304.5848385993396,8,0.17294002373877532,0.10275683059085643,0.09749451742532811
17,0.249517707195505,-304.5848385993396,9,0.1539914567938646,0.07505161431929684,0.097340637458471
17,0.249517707195505,-304.5848385993396,10,0.13698404104801012,0.0500830353081513,0.09772646220531128
17,0.249517707195505,-304.5848385993396,11,0.12177322480880917,0.027643776374134586,0.09765124650272851
17,0.249517707195505,-304.5848385993396,12,0.1081915368838436,0.008085461396654205,0.0977177486019497
17,0.249517707195505,-304.5848385993396,13,0.0964468177674464,-0.008796654036113299,0.0979252965701739
17,0.249517707195505,-304.5848385993396,14,0.08636081522509545,-0.023038583312992845,0.09755513182513484
17,0.249517707195505,-304.5848385993396,15,0.07815662821574385,-0.03442347823956022,0.0979453539331581
17,0.249517707195505,-304.5848385993396,16,0.07180893365088666,-0.043045565679997407,0.098481237851442
17,0.249517707195505,-304.5848385993396,17,0.06758955252752988,-0.04925756331385345,0.09867934428995893
17,0.249517707195505,-304.5848385993396,18,0.0651892562115825,-0.05272653953414992,0.09902035023239651
17,0.249517707195505,-304.5848385993396,19,0.06478115738882231,-0.053533253998929636,0.09953218296774463
17,0.249517707195505,-304.5848385993396,20,0.06474700716622497,-0.053533944594401056,0.09977383288318373
17,0.249517707195505,-304.5848385993396,21,0.06473008303723965,-0.05353054728400298,0.09988792916832526
17,0.249517707195505,-304.5848385993396,22,0.06472206371718024,-0.05354023441825748,0.09994183433249469
17,0.249517707195505,-304.5848385993396,23,0.06471834766838923,-0.05354610956541926,0.09996728804861003
17,0.249517707195505,-304.5848385993396,24,0.06471661056491584,-0.05354885719812666,0.09997930180842825
17,0.249517707195505,-304.5848385993396,25,0.06471579319795805,-0.053550054411971575,0.09998495272064895
17,0.249517707195505,-304.5848385993396,26,0.06471632745325595,-0.05354921027675575,0.09998593578316017
17,0.249517707195505,-304.5848385993396,27,0.06471658456501186,-0.053548815088213284,0.09998640801024933
17,0.249517707195505,-304.5848385993396,28,0.06471670532946441,-0.05354862937072982,0.0999866300081287
17,0.249517707195505,-304.5848385993396,29,0.06471676199520596,-0.053548542125656934,0.09998673437153772
17,0.249517707195505,-304.5848385993396,30,0.06471678852735234,-0.05354850117348915,0.09998678343390285
18,0.45079707613054615,-315.5576794326488,1,0.35581884139512404,0.34114834090071344,0.09105153061286364
18,0.45079707613054615,-315.5576794326488,2,0.32838720401962146,0.288813969851683,0.13877347737133178
18,0.45079707613054615,-315.5576794326488,3,0.3022291379178286,0.24045695319374832,0.19565261918921023
18,0.45079707613054615,-315.5576794326488,4,0.2761882421147607,0.19231654299537398,0.23824159177021392
18,0.45079707613054615,-315.5576794326488,5,0.25025469587637944,0.1443745841912111,0.2666175424599789
18,0.45079707613054615,-315.5576794326488,6,0.22442104248422717,0.09661729194497745,0.2808452785796816
18,0.45079707613054615,-315.5576794326488,7,0.1986828973034547,0.04903656061692071,0.2809808311938547
18,0.45079707613054615,-315.5576794326488,8,0.17303946320059724,0.0016309165890720251,0.26707652532546555
18,0.45079707613054615,-315.5576794326488,9,0.1474935076663937,-0.04559452402657323,0.23918677976181546
18,0.45079707613054615,-315.5576794326488,10,0.12205077296889894,-0.09262914580642422,0.19737316735221055
18,0.45079707613054615,-315.5576794326488,11,0.09853403612595772,-0.13589056632436683,0.15772256254176664
18,0.45079707613054615,-315.5576794326488,12,0.08144537400777206,-0.16652597280462145,0.1601497153936876
18,0.45079707613054615,-315.5576794326488,13,0.06398116275642253,-0.19407047221134086,0.14920442748849508
18,0.45079707613054615,-315.5576794326488,14,0.045079358549310444,-0.21104617304193207,0.12661769716952556
18,0.45079707613054615,-315.5576794326488,15,0.022934507927468976,-0.2028989582790316,0.11385597220262639
18,0.45079707613054615,-315.5576794326488,16,0.003852200329457541,-0.19352907468776892,0.10070861538716991
18,0.45079707613054615,-315.5576794326488,17,-0.010649009095212396,-0.18795162743695926,0.10020865158349566
18,0.45079707613054615,-315.5576794326488,18,-0.023617387140268193,-0.18332821435998045,0.09957482191666463
18,0.45079707613054615,-315.5576794326488,19,-0.0340733756325781,-0.17991777669937314,0.09869562684381332
18,0.45079707613054615,-315.5576794326488,20,-0.041199455936985346,-0.1774750652194457,0.09845309703497945
18,0.45079707613054615,-315.5576794326488,21,-0.045165904941114755,-0.1765417694874468,0.09920807265785606
18,0.45079707613054615,-315.5576794326488,22,-0.04616098683234891,-0.17645489860175892,0.09943886610420553
18,0.45079707613054615,-315.5576794326488,23,-0.04620806640633561,-0.1763728687959356,0.09972985267588158
18,0.45079707613054615,-315.5576794326488,24,-0.04623020936988202,-0.17633432706339652,0.09986721015113269
18,0.45079707613054615,-315.5576794326488,25,-0.04624062053811834,-0.17631622702736618,0.09993205547426026
18,0.45079707613054615,-315.5576794326488,26,-0.04624551411304465,-0.17630773168998803,0.09996267021580531
18,0.45079707613054615,-315.5576794326488,27,-0.04624781411698168,-0.17630374363290552,0.09997712444941954
18,0.45079707613054615,-315.5576794326488,28,-0.046248895349005135,-0.17630187154772564,0.09998394886314467
18,0.45079707613054615,-315.5576794326488,29,-0.046247453802355586,-0.17630093031545208,0.09998707496198503
18,0.45079707613054615,-315.5576794326488,30,-0.046246464932810476,-0.1763004480014891,0.09998849430289213
19,0.45327072800295864,-315.8732872415072,1,0.3557613226032567,0.3408368056482585,0.091161029548598
19,0.45327072800295864,-315.8732872415072,2,0.32813284475462307,0.2884502818995587,0.138950876027096
19,0.45327072800295864,-315.8732872415072,3,0.3017809294630522,0.24004823507388634,0.19588712771023248
19,0.45327072800295864,-315.8732872415072,4,0.2755471948285858,0.1918632573164685,0.2385326816859911
19,0.45327072800295864,-315.8732872415072,5,0.2494217509269409,0.14387718324642268,0.266964778029061
19,0.45327072800295864,-315.8732872415072,6,0.22339708575755668,0.09607621514928026,0.28124831884839857
19,0.45327072800295864,-315.8732872415072,7,0.19746877517837602,0.04845222695417907,0.28143942569158187
19,0.45327072800295864,-315.8732872415072,8,0.17163600035325957,0.0010037146586691658,0.26759049716549743
19,0.45327072800295864,-315.8732872415072,9,0.14590152698973285,-0.04626424180648627,0.23975599665847538
19,0.45327072800295864,-315.8732872415072,10,0.12027111601678392,-0.093341061018588,0.1979975098301642
19,0.45327072800295864,-315.8732872415072,11,0.09654710084307258,-0.13666451055380574,0.15829305788355857
19,0.45327072800295864,-315.8732872415072,12,0.07918040306649632,-0.16743190514646822,0.16028612320937252
19,0.45327072800295864,-315.8732872415072,13,0.061433045004796745,-0.19506885889960326,0.1488994157379519
19,0.45327072800295864,-315.8732872415072,14,0.04144500577075245,-0.20946486018988592,0.12644345713980584
19,0.45327072800295864,-315.8732872415072,15,0.019782674854843425,-0.2027198225218043,0.11401635587093939
19,0.45327072800295864,-315.8732872415072,16,0.001011591368095187,-0.19475110612964708,0.10050764734587671
19,0.45327072800295864,-315.8732872415072,17,-0.013985453142434767,-0.1887803822131376,0.0992362341127187
19,0.45327072800295864,-315.8732872415072,18,-0.026320559333349224,-0.18339658145701013,0.09832050154282927
19,0.45327072800295864,-315.8732872415072,19,-0.03541920177123084,-0.1795548215975417,0.09861401107646986
19,0.45327072800295864,-315.8732872415072,20,-0.0416138044185953,-0.1771921178375493,0.09880263622917211
19,0.45327072800295864,-315.8732872415072,21,-0.04463240320849676,-0.17584891175371928,0.09917311206832967
19,0.45327072800295864,-315.8732872415072,22,-0.045030150382046295,-0.17578649717939746,0.09960447656082437
19,0.45327072800295864,-315.8732872415072,23,-0.04495752371658376,-0.17582237699873868,0.09980807876492798
19,0.45327072800295864,-315.8732872415072,24,-0.04492324677824022,-0.17583936385490997,0.09990415604965365
19,0.45327072800295864,-315.8732872415072,25,-0.044906834518255265,-0.17584771887598388,0.09994950203466471
19,0.45327072800295864,-315.8732872415072,26,-0.04489904486445598,-0.17585174886511967,0.09997089910175723
19,0.45327072800295864,-315.8732872415072,27,-0.044895349213547306,-0.1758536945112061,0.09998100212781405
19,0.45327072800295864,-315.8732872415072,28,-0.04489364347569276,-0.17585450387424312,0.09998576665867927
19,0.45327072800295864,-315.8732872415072,29,-0.04489342963531821,-0.17585378767367313,0.0999868938108008
19,0.45327072800295864,-315.8732872415072,30,-0.04489373197473374,-0.17585340246891132,0.09998721347096691
20,0.45327072800295864,-315.8739256505862,1,0.3557613226032567,0.3408368056482585,0.091161029548598
20,0.45327072800295864,-315.8739256505862,2,0.32813284475462307,0.2884502818995587,0.138950876027096
20,0.45327072800295864,-315.8739256505862,3,0.3017809294630522,0.24004823507388634,0.19588712771023248
20,0.45327072800295864,-315.8739256505862,4,0.2755471948285858,0.1918632573164685,0.2385326816859911
20,0.45327072800295864,-315.8739256505862,5,0.2494217509269409,0.14387718324642268,0.266964778029061
20,0.45327072800295864,-315.8739256505862,6,0.22339708575755668,0.09607621514928026,0.28124831884839857
20,0.45327072800295864,-315.8739256505862,7,0.19746877517837602,0.04845222695417907,0.28143942569158187
20,0.45327072800295864,-315.8739256505862,8,0.17163600035325957,0.0010037146586691658,0.26759049716549743
20,0.45327072800295864,-315.8739256505862,9,0.14590152698973285,-0.04626424180648627,0.23975599665847538
20,0.45327072800295864,-315.8739256505862,10,0.12027111601678392,-0.093341061018588,0.1979975098301642
20,0.45327072800295864,-315.8739256505862,11,0.09654710084307258,-0.13666451055380574,0.15829305788355857
20,0.45327072800295864,-315.8739256505862,12,0.07918040306649632,-0.16743190514646822,0.16028612320937252
20,0.45327072800295864,-315.8739256505862,13,0.06143304773849879,-0.19506887399394574,0.14889941316270974
20,0.45327072800295864,-315.8739256505862,14,0.04144502300650232,-0.20946496534910072,0.1264434368167515
20,0.45327072800295864,-315.8739256505862,15,0.019782721077212666,-0.20272015250135617,0.11401629528388504
20,0.45327072800295864,-315.8739256505862,16,0.0010116525889682967,-0.19475163542823992,0.10050754427339437
20,0.45327072800295864,-315.8739256505862,17,-0.013985376555059827,-0.18878112250755905,0.09923619152302102
20,0.45327072800295864,-315.8739256505862,18,-0.026320461928183412,-0.1833975070759391,0.09832050178316035
20,0.45327072800295864,-315.8739256505862,19,-0.03541906082993416,-0.17955588406049797,0.09861401217345919
20,0.45327072800295864,-315.8739256505862,20,-0.04161359828011313,-0.17719328635237847,0.09880263653165991
20,0.45327072800295864,-315.8739256505862,21,-0.04463212828251755,-0.17585016147213334,0.09917311387827862
20,0.45327072800295864,-315.8739256505862,22,-0.04502982988206307,-0.17578776649589492,0.09960447742494101
20,0.45327072800295864,-315.8739256505862,23,-0.04495720336832611,-0.1758236451889424,0.09980807917241963
20,0.45327072800295864,-315.8739256505862,24,-0.04492292650159359,-0.1758406315177014,0.09990415624201417
20,0.45327072800295864,-315.8739256505862,25,-0.04490651427649615,-0.17584898629170478,0.09994950212549655
20,0.45327072800295864,-315.8739256505862,26,-0.0448987246394523,-0.17585301616524723,0.09997089914464524
20,0.45327072800295864,-315.8739256505862,27,-0.044895028996575305,-0.17585496175730092,0.09998100214806344
20,0.45327072800295864,-315.8739256505862,28,-0.0448933232595224,-0.17585577107195194,0.09998576666769947
20,0.45327072800295864,-315.8739256505862,29,-0.04489310942071584,-0.17585505486738365,0.09998689381220018
20,0.45327072800295864,-315.8739256505862,30,-0.044893411759586756,-0.1758546696621346,0.0999872134722383
