particle,elasticity,weight,frame,x,y,z
1,0.7337244522358782,-10.20805806232186,1,0.3430815953579628,0.22543462313407897,0.15562408941888442
1,0.7337244522358782,-10.20805806232186,2,0.27188213291619706,0.3384226722448871,0.10368705758913285
1,0.7337244522358782,-10.20805806232186,3,0.24226163755968871,0.2700161374928858,0.13911258210956354
1,0.7337244522358782,-10.20805806232186,4,0.21278014348850713,0.20193149661101498,0.16034179403112261
1,0.7337244522358782,-10.20805806232186,5,0.18343192524426302,0.13415464327862733,0.16744052658809666
1,0.7337244522358782,-10.20805806232186,6,0.1542142671276207,0.06667930585244841,0.16047296135230704
1,0.7337244522358782,-10.20805806232186,7,0.12437907591950269,0.0037075742861325048,0.1565781411856539
1,0.7337244522358782,-10.20805806232186,8,0.09373668000157058,-0.053755948592365134,0.15996559891008483
1,0.7337244522358782,-10.20805806232186,9,0.06322007479594272,-0.11098357681387325,0.14930235930488564
1,0.7337244522358782,-10.20805806232186,10,0.03355197955116695,-0.16688725702762605,0.12986426484477048
1,0.7337244522358782,-10.20805806232186,11,0.005158073543092277,-0.22112214354864973,0.10405060482008958
1,0.7337244522358782,-10.20805806232186,12,-0.01632478935531012,-0.26845148173535355,0.10579637357864209
1,0.7337244522358782,-10.20805806232186,13,-0.035090831029379335,-0.3126531465743576,0.11069435320677114
1,0.7337244522358782,-10.20805806232186,14,-0.052981772479536914,-0.3559295940984308,0.10604939834376438
1,0.7337244522358782,-10.20805806232186,15,-0.06341313309300366,-0.3768470694904302,0.10066036559942114
1,0.7337244522358782,-10.20805806232186,16,-0.06582459865297256,-0.3714387878754797,0.09980868944327241
1,0.7337244522358782,-10.20805806232186,17,-0.06798211846761784,-0.3674375731661192,0.09908491809359626
1,0.7337244522358782,-10.20805806232186,18,-0.06946465298962846,-0.3650595587310885,0.09956347947608282
1,0.7337244522358782,-10.20805806232186,19,-0.06952126799931019,-0.36473550609217337,0.0997429099723909
1,0.7337244522358782,-10.20805806232186,20,-0.06941072247438791,-0.36475680737987826,0.09987505004600758
1,0.7337244522358782,-10.20805806232186,21,-0.06936366029554517,-0.3647612050828417,0.09993663073412094
1,0.7337244522358782,-10.20805806232186,22,-0.06936194248584375,-0.36473651439732,0.09996498265150411
1,0.7337244522358782,-10.20805806232186,23,-0.06936136177343287,-0.3647248546900501,0.09997836506205716
1,0.7337244522358782,-10.20805806232186,24,-0.06936132533009036,-0.3647193436505991,0.09998468228225692
1,0.7337244522358782,-10.20805806232186,25,-0.06936190324145382,-0.36471686580505985,0.0999875225728025
1,0.7337244522358782,-10.20805806232186,26,-0.06936362875366434,-0.3647161434420094,0.09998838463871672
1,0.7337244522358782,-10.20805806232186,27,-0.06936441241816546,-0.36471597962385993,0.0999886096032504
1,0.7337244522358782,-10.20805806232186,28,-0.06936487893287506,-0.36471598258379984,0.09998862834518794
1,0.7337244522358782,-10.20805806232186,29,-0.0693653438678557,-0.3647159757777518,0.09998863719267342
1,0.7337244522358782,-10.20805806232186,30,-0.06936580805758161,-0.3647159643616884,0.09998864136913314
2,0.7462263370549579,-9.017044243482182,1,0.3429055476372403,0.22539652137152486,0.1556461874878028
2,0.7462263370549579,-9.017044243482182,2,0.27026810852041594,0.33784903132970173,0.10399420819500937
2,0.7462263370549579,-9.017044243482182,3,0.2394760871823285,0.26852103578782766,0.13982803589206855
2,0.7462263370549579,-9.017044243482182,4,0.20883023493994524,0.1995222038059519,0.16145873440186118
2,0.7462263370549579,-9.017044243482182,5,0.1783245707346682,0.13083900379742303,0.16895630852125587
2,0.7462263370549579,-9.017044243482182,6,0.14795618633839097,0.0624648879155409,0.16238573934887263
2,0.7462263370549579,-9.017044243482182,7,0.11696113933649949,-0.0010928637355205808,0.1601012838183731
2,0.7462263370549579,-9.017044243482182,8,0.08514566952341089,-0.058755964447336245,0.16660728216722312
2,0.7462263370549579,-9.017044243482182,9,0.053461653304282,-0.11618081559464885,0.15904971261739517
2,0.7462263370549579,-9.017044243482182,10,0.02190999690477811,-0.1733657747128928,0.13748758436589434
2,0.7462263370549579,-9.017044243482182,11,-0.007467304060434856,-0.2282799127832125,0.11349298277575035
2,0.7462263370549579,-9.017044243482182,12,-0.03175922102382896,-0.2774673849457355,0.10720146158022159
2,0.7462263370549579,-9.017044243482182,13,-0.05266815174517381,-0.322639389506225,0.10868319284963958
2,0.7462263370549579,-9.017044243482182,14,-0.07244556765444705,-0.36639118291361766,0.10278400050787154
2,0.7462263370549579,-9.017044243482182,15,-0.08172765231424944,-0.37701557172487116,0.09922807502349455
2,0.7462263370549579,-9.017044243482182,16,-0.08622892569868634,-0.3717522114872662,0.09859222590174073
2,0.7462263370549579,-9.017044243482182,17,-0.09005921943160951,-0.3672139231108113,0.09790737446367606
2,0.7462263370549579,-9.017044243482182,18,-0.09226600423532415,-0.36436712652270464,0.09895247490041396
2,0.7462263370549579,-9.017044243482182,19,-0.09252676881167174,-0.3638311304905417,0.099500365755037
2,0.7462263370549579,-9.017044243482182,20,-0.09243231128831636,-0.36386101487777184,0.09976037452774535
2,0.7462263370549579,-9.017044243482182,21,-0.09239119887550275,-0.3638713492941456,0.09988246666517633
2,0.7462263370549579,-9.017044243482182,22,-0.0923894537014986,-0.36385215603579246,0.09993940369657556
2,0.7462263370549579,-9.017044243482182,23,-0.09238885604054642,-0.3638430896347485,0.09996628440716918
2,0.7462263370549579,-9.017044243482182,24,-0.09238880664624703,-0.36383880262233365,0.09997897549069827
2,0.7462263370549579,-9.017044243482182,25,-0.09238901925453653,-0.3638367715464038,0.0999849673603293
2,0.7462263370549579,-9.017044243482182,26,-0.09239051868160798,-0.3638362089565122,0.09998733815678261
2,0.7462263370549579,-9.017044243482182,27,-0.0923918378631598,-0.36383611019533146,0.09998826806518583
2,0.7462263370549579,-9.017044243482182,28,-0.09239233049739208,-0.36383630179458043,0.09998847418529695
2,0.7462263370549579,-9.017044243482182,29,-0.09239280080532211,-0.3638363840798623,0.09998857213312677
2,0.7462263370549579,-9.017044243482182,30,-0.09239326163678269,-0.3638364155435571,0.09998861837087947
3,0.7708498679297596,-9.3303729264344,1,0.34255879484164453,0.2253214551322827,0.15568968128537158
3,0.7708498679297596,-9.3303729264344,2,0.2670885612435597,0.3367240741679521,0.10459670329719578
3,0.7708498679297596,-9.3303729264344,3,0.23398766687814504,0.2656085859084499,0.14127843329912354
3,0.7708498679297596,-9.3303729264344,4,0.20104745819498313,0.19483832218045302,0.16374945654154302
3,0.7708498679297596,-9.3303729264344,5,0.1682614271362816,0.12439930077241132,0.17208178487830053
3,0.7708498679297596,-9.3303729264344,6,0.13562626082739174,0.05428440415162061,0.16634198845826137
3,0.7708498679297596,-9.3303729264344,7,0.10243063452142274,-0.010901046715247763,0.1652412104664804
3,0.7708498679297596,-9.3303729264344,8,0.06849334888597859,-0.07005564105899616,0.17336884185857737
3,0.7708498679297596,-9.3303729264344,9,0.034699461730997264,-0.1289602837998848,0.1674259982638301
3,0.7708498679297596,-9.3303729264344,10,0.0010493911890560672,-0.18761424610935443,0.1474727657918109
3,0.7708498679297596,-9.3303729264344,11,-0.032452807363177134,-0.24601045923817536,0.11357264082928353
3,0.7708498679297596,-9.3303729264344,12,-0.059571935834368296,-0.29658258374197183,0.1066442991312417
3,0.7708498679297596,-9.3303729264344,13,-0.0830490519325891,-0.34226623885427593,0.11047124542033872
3,0.7708498679297596,-9.3303729264344,14,-0.1024901983806049,-0.36880819519264146,0.11012741829677339
3,0.7708498679297596,-9.3303729264344,15,-0.11414184289099312,-0.3645504684259824,0.10587131806473478
3,0.7708498679297596,-9.3303729264344,16,-0.12478411468224322,-0.360382596893864,0.09948395680648327
3,0.7708498679297596,-9.3303729264344,17,-0.1349061446491687,-0.3570543553420488,0.09885293532818289
3,0.7708498679297596,-9.3303729264344,18,-0.14275201748357674,-0.35479974313065504,0.09845841837516786
3,0.7708498679297596,-9.3303729264344,19,-0.14737311764529365,-0.3528802906363369,0.09840961254962494
3,0.7708498679297596,-9.3303729264344,20,-0.1486202465620186,-0.3519340215171918,0.09936402297501541
3,0.7708498679297596,-9.3303729264344,21,-0.14861744958402098,-0.3520076308062931,0.09969517824246595
3,0.7708498679297596,-9.3303729264344,22,-0.14861142314108902,-0.3520523631570543,0.099851611668975
3,0.7708498679297596,-9.3303729264344,23,-0.14860879637647367,-0.3520735233289312,0.09992546248824272
3,0.7708498679297596,-9.3303729264344,24,-0.1486077796703509,-0.35208357160540177,0.0999603287104023
3,0.7708498679297596,-9.3303729264344,25,-0.1486075260178203,-0.35208838099875933,0.099976790070256
3,0.7708498679297596,-9.3303729264344,26,-0.14860882051190794,-0.35209166667629604,0.09998411416580977
3,0.7708498679297596,-9.3303729264344,27,-0.14861058794265947,-0.3520940042635638,0.0999872045564623
3,0.7708498679297596,-9.3303729264344,28,-0.14861137530454083,-0.3520950320276776,0.09998874433055756
3,0.7708498679297596,-9.3303729264344,29,-0.14861216040282435,-0.35209557316538165,0.09998929020875376
3,0.7708498679297596,-9.3303729264344,30,-0.14861247942216274,-0.3520955695739307,0.09998952969612009
4,0.7708498679297596,-9.3303729264344,1,0.34255879484164453,0.2253214551322827,0.15568968128537158
4,0.7708498679297596,-9.3303729264344,2,0.2670885612435597,0.3367240741679521,0.10459670329719578
4,0.7708498679297596,-9.3303729264344,3,0.23398766687814504,0.2656085859084499,0.14127843329912354
4,0.7708498679297596,-9.3303729264344,4,0.20104745819498313,0.19483832218045302,0.16374945654154302
4,0.7708498679297596,-9.3303729264344,5,0.1682614271362816,0.12439930077241132,0.17208178487830053
4,0.7708498679297596,-9.3303729264344,6,0.13562626082739174,0.05428440415162061,0.16634198845826137
4,0.7708498679297596,-9.3303729264344,7,0.10243063452142274,-0.010901046715247763,0.1652412104664804
4,0.7708498679297596,-9.3303729264344,8,0.06849334888597859,-0.07005564105899616,0.17336884185857737
4,0.7708498679297596,-9.3303729264344,9,0.034699461730997264,-0.1289602837998848,0.1674259982638301
4,0.7708498679297596,-9.3303729264344,10,0.0010493911890560672,-0.18761424610935443,0.1474727657918109
4,0.7708498679297596,-9.3303729264344,11,-0.032452807363177134,-0.24601045923817536,0.11357264082928353
4,0.7708498679297596,-9.3303729264344,12,-0.059571935834368296,-0.29658258374197183,0.1066442991312417
4,0.7708498679297596,-9.3303729264344,13,-0.0830490519325891,-0.34226623885427593,0.11047124542033872
4,0.7708498679297596,-9.3303729264344,14,-0.1024901983806049,-0.36880819519264146,0.11012741829677339
4,0.7708498679297596,-9.3303729264344,15,-0.11414184289099312,-0.3645504684259824,0.10587131806473478
4,0.7708498679297596,-9.3303729264344,16,-0.12478411468224322,-0.360382596893864,0.09948395680648327
4,0.7708498679297596,-9.3303729264344,17,-0.1349061446491687,-0.3570543553420488,0.09885293532818289
4,0.7708498679297596,-9.3303729264344,18,-0.14275201748357674,-0.35479974313065504,0.09845841837516786
4,0.7708498679297596,-9.3303729264344,19,-0.14737311764529365,-0.3528802906363369,0.09840961254962494
4,0.7708498679297596,-9.3303729264344,20,-0.1486202465620186,-0.3519340215171918,0.09936402297501541
4,0.7708498679297596,-9.3303729264344,21,-0.14861744958402098,-0.3520076308062931,0.09969517824246595
4,0.7708498679297596,-9.3303729264344,22,-0.14861142314108902,-0.3520523631570543,0.099851611668975
4,0.7708498679297596,-9.3303729264344,23,-0.14860879637647367,-0.3520735233289312,0.09992546248824272
4,0.7708498679297596,-9.3303729264344,24,-0.1486077796703509,-0.35208357160540177,0.0999603287104023
4,0.7708498679297596,-9.3303729264344,25,-0.1486075260178203,-0.35208838099875933,0.099976790070256
4,0.7708498679297596,-9.3303729264344,26,-0.14860882051190794,-0.35209166667629604,0.09998411416580977
4,0.7708498679297596,-9.3303729264344,27,-0.14861058794265947,-0.3520940042635638,0.0999872045564623
4,0.7708498679297596,-9.3303729264344,28,-0.14861137530454083,-0.3520950320276776,0.09998874433055756
4,0.7708498679297596,-9.3303729264344,29,-0.14861216040282435,-0.35209557316538165,0.09998929020875376
4,0.7708498679297596,-9.3303729264344,30,-0.14861247942216274,-0.3520955695739307,0.09998952969612009
5,0.7708498679297596,-9.3303729264344,1,0.34255879484164453,0.2253214551322827,0.15568968128537158
5,0.7708498679297596,-9.3303729264344,2,0.2670885612435597,0.3367240741679521,0.10459670329719578
5,0.7708498679297596,-9.3303729264344,3,0.23398766687814504,0.2656085859084499,0.14127843329912354
5,0.7708498679297596,-9.3303729264344,4,0.20104745819498313,0.19483832218045302,0.16374945654154302
5,0.7708498679297596,-9.3303729264344,5,0.1682614271362816,0.12439930077241132,0.17208178487830053
5,0.7708498679297596,-9.3303729264344,6,0.13562626082739174,0.05428440415162061,0.16634198845826137
5,0.7708498679297596,-9.3303729264344,7,0.10243063452142274,-0.010901046715247763,0.1652412104664804
5,0.7708498679297596,-9.3303729264344,8,0.06849334888597859,-0.07005564105899616,0.17336884185857737
5,0.7708498679297596,-9.3303729264344,9,0.034699461730997264,-0.1289602837998848,0.1674259982638301
5,0.7708498679297596,-9.3303729264344,10,0.0010493911890560672,-0.18761424610935443,0.1474727657918109
5,0.7708498679297596,-9.3303729264344,11,-0.032452807363177134,-0.24601045923817536,0.11357264082928353
5,0.7708498679297596,-9.3303729264344,12,-0.059571935834368296,-0.29658258374197183,0.1066442991312417
5,0.7708498679297596,-9.3303729264344,13,-0.0830490519325891,-0.34226623885427593,0.11047124542033872
5,0.7708498679297596,-9.3303729264344,14,-0.1024901983806049,-0.36880819519264146,0.11012741829677339
5,0.7708498679297596,-9.3303729264344,15,-0.11414184289099312,-0.3645504684259824,0.10587131806473478
5,0.7708498679297596,-9.3303729264344,16,-0.12478411468224322,-0.360382596893864,0.09948395680648327
5,0.7708498679297596,-9.3303729264344,17,-0.1349061446491687,-0.3570543553420488,0.09885293532818289
5,0.7708498679297596,-9.3303729264344,18,-0.14275201748357674,-0.35479974313065504,0.09845841837516786
5,0.7708498679297596,-9.3303729264344,19,-0.14737311764529365,-0.3528802906363369,0.09840961254962494
5,0.7708498679297596,-9.3303729264344,20,-0.1486202465620186,-0.3519340215171918,0.09936402297501541
5,0.7708498679297596,-9.3303729264344,21,-0.14861744958402098,-0.3520076308062931,0.09969517824246595
5,0.7708498679297596,-9.3303729264344,22,-0.14861142314108902,-0.3520523631570543,0.099851611668975
5,0.7708498679297596,-9.3303729264344,23,-0.14860879637647367,-0.3520735233289312,0.09992546248824272
5,0.7708498679297596,-9.3303729264344,24,-0.1486077796703509,-0.35208357160540177,0.0999603287104023
5,0.7708498679297596,-9.3303729264344,25,-0.1486075260178203,-0.35208838099875933,0.099976790070256
5,0.7708498679297596,-9.3303729264344,26,-0.14860882051190794,-0.35209166667629604,0.09998411416580977
5,0.7708498679297596,-9.3303729264344,27,-0.14861058794265947,-0.3520940042635638,0.0999872045564623
5,0.7708498679297596,-9.3303729264344,28,-0.14861137530454083,-0.3520950320276776,0.09998874433055756
5,0.7708498679297596,-9.3303729264344,29,-0.14861216040282435,-0.35209557316538165,0.09998929020875376
5,0.7708498679297596,-9.3303729264344,30,-0.14861247942216274,-0.3520955695739307,0.09998952969612009
6,0.7708498679297596,-9.3303729264344,1,0.34255879484164453,0.2253214551322827,0.15568968128537158
6,0.7708498679297596,-9.3303729264344,2,0.2670885612435597,0.3367240741679521,0.10459670329719578
6,0.7708498679297596,-9.3303729264344,3,0.23398766687814504,0.2656085859084499,0.14127843329912354
6,0.7708498679297596,-9.3303729264344,4,0.20104745819498313,0.19483832218045302,0.16374945654154302
6,0.7708498679297596,-9.3303729264344,5,0.1682614271362816,0.12439930077241132,0.17208178487830053
6,0.7708498679297596,-9.3303729264344,6,0.13562626082739174,0.05428440415162061,0.16634198845826137
6,0.7708498679297596,-9.3303729264344,7,0.10243063452142274,-0.010901046715247763,0.1652412104664804
6,0.7708498679297596,-9.3303729264344,8,0.06849334888597859,-0.07005564105899616,0.17336884185857737
6,0.7708498679297596,-9.3303729264344,9,0.034699461730997264,-0.1289602837998848,0.1674259982638301
6,0.7708498679297596,-9.3303729264344,10,0.0010493911890560672,-0.18761424610935443,0.1474727657918109
6,0.7708498679297596,-9.3303729264344,11,-0.032452807363177134,-0.24601045923817536,0.11357264082928353
6,0.7708498679297596,-9.3303729264344,12,-0.059571935834368296,-0.29658258374197183,0.1066442991312417
6,0.7708498679297596,-9.3303729264344,13,-0.0830490519325891,-0.34226623885427593,0.11047124542033872
6,0.7708498679297596,-9.3303729264344,14,-0.1024901983806049,-0.36880819519264146,0.11012741829677339
6,0.7708498679297596,-9.3303729264344,15,-0.11414184289099312,-0.3645504684259824,0.10587131806473478
6,0.7708498679297596,-9.3303729264344,16,-0.12478411468224322,-0.360382596893864,0.09948395680648327
6,0.7708498679297596,-9.3303729264344,17,-0.1349061446491687,-0.3570543553420488,0.09885293532818289
6,0.7708498679297596,-9.3303729264344,18,-0.14275201748357674,-0.35479974313065504,0.09845841837516786
6,0.7708498679297596,-9.3303729264344,19,-0.14737311764529365,-0.3528802906363369,0.09840961254962494
6,0.7708498679297596,-9.3303729264344,20,-0.1486202465620186,-0.3519340215171918,0.09936402297501541
6,0.7708498679297596,-9.3303729264344,21,-0.14861744958402098,-0.3520076308062931,0.09969517824246595
6,0.7708498679297596,-9.3303729264344,22,-0.14861142314108902,-0.3520523631570543,0.099851611668975
6,0.7708498679297596,-9.3303729264344,23,-0.14860879637647367,-0.3520735233289312,0.09992546248824272
6,0.7708498679297596,-9.3303729264344,24,-0.1486077796703509,-0.35208357160540177,0.0999603287104023
6,0.7708498679297596,-9.3303729264344,25,-0.1486075260178203,-0.35208838099875933,0.099976790070256
6,0.7708498679297596,-9.3303729264344,26,-0.14860882051190794,-0.35209166667629604,0.09998411416580977
6,0.7708498679297596,-9.3303729264344,27,-0.14861058794265947,-0.3520940042635638,0.0999872045564623
6,0.7708498679297596,-9.3303729264344,28,-0.14861137530454083,-0.3520950320276776,0.09998874433055756
6,0.7708498679297596,-9.3303729264344,29,-0.14861216040282435,-0.35209557316538165,0.09998929020875376
6,0.7708498679297596,-9.3303729264344,30,-0.14861247942216274,-0.3520955695739307,0.09998952969612009
7,0.7720786188616594,-12.199433187448552,1,0.34254149095247344,0.2253177084680116,0.15569185064249355
7,0.7720786188616594,-12.199433187448552,2,0.2669298766082592,0.3366681060496163,0.10462668297289338
7,0.7720786188616594,-12.199433187448552,3,0.23371373355616745,0.2654641733781715,0.14135146400713197
7,0.7720786188616594,-12.199433187448552,4,0.20065901416131182,0.1946062772469533,0.163865165561381
7,0.7720786188616594,-12.199433187448552,5,0.16775918347935456,0.12408040899348978,0.17223988599639817
7,0.7720786188616594,-12.199433187448552,6,0.13501090777377645,0.05387942223867593,0.16654227516559872
7,0.7720786188616594,-12.199433187448552,7,0.10170792870174941,-0.011401472936247109,0.1654405992242678
7,0.7720786188616594,-12.199433187448552,8,0.0676702673995869,-0.07066335809085011,0.17351374203110143
7,0.7720786188616594,-12.199433187448552,9,0.033776619387718296,-0.1296745063045578,0.1675166309380439
7,0.7720786188616594,-12.199433187448552,10,2.7412985526458765e-5,-0.18843417184417036,0.14750943483160683
7,0.7720786188616594,-12.199433187448552,11,-0.033573283934176266,-0.24693527226623538,0.11355574037407355
7,0.7720786188616594,-12.199433187448552,12,-0.06149326064540044,-0.2984401585332315,0.10170222794647653
7,0.7720786188616594,-12.199433187448552,13,-0.08537707918083036,-0.34435239976596405,0.10384254861119784
7,0.7720786188616594,-12.199433187448552,14,-0.10650884693357278,-0.3785663370465536,0.09988455365977579
7,0.7720786188616594,-12.199433187448552,15,-0.11906646507903336,-0.3770961079663835,0.09855652245738171
7,0.7720786188616594,-12.199433187448552,16,-0.12865591159903858,-0.3730817941637972,0.09926122474608222
7,0.7720786188616594,-12.199433187448552,17,-0.13542170253843322,-0.3696080181940925,0.09923477942127831
7,0.7720786188616594,-12.199433187448552,18,-0.13922449811028473,-0.367875156960887,0.0995501948654595
7,0.7720786188616594,-12.199433187448552,19,-0.14001284952625975,-0.3675370359931444,0.09978128189206978
7,0.7720786188616594,-12.199433187448552,20,-0.13996597269669464,-0.36754455146321996,0.09989108662161196
7,0.7720786188616594,-12.199433187448552,21,-0.1399427646672361,-0.36754692615501533,0.09994389296023437
7,0.7720786188616594,-12.199433187448552,22,-0.13994618390277144,-0.3675585449749366,0.09996859351715222
7,0.7720786188616594,-12.199433187448552,23,-0.13994772554800317,-0.36756409323573946,0.09998025506412528
7,0.7720786188616594,-12.199433187448552,24,-0.13994804956678,-0.3675675800777129,0.09998551976181241
7,0.7720786188616594,-12.199433187448552,25,-0.13994794916813547,-0.3675697309981644,0.09998787391759582
7,0.7720786188616594,-12.199433187448552,26,-0.13994782907061154,-0.3675708124421944,0.09998898526561596
7,0.7720786188616594,-12.199433187448552,27,-0.13994769975104177,-0.3675713890388934,0.09998950991519319
7,0.7720786188616594,-12.199433187448552,28,-0.13994749446401722,-0.3675716175479626,0.09998966824641056
7,0.7720786188616594,-12.199433187448552,29,-0.13994730707340639,-0.36757175273207393,0.09998971918257896
7,0.7720786188616594,-12.199433187448552,30,-0.1399471460493641,-0.3675718826554588,0.09998974323132327
8,0.7708498679297596,-9.3303729264344,1,0.34255879484164453,0.2253214551322827,0.15568968128537158
8,0.7708498679297596,-9.3303729264344,2,0.2670885612435597,0.3367240741679521,0.10459670329719578
8,0.7708498679297596,-9.3303729264344,3,0.23398766687814504,0.2656085859084499,0.14127843329912354
8,0.7708498679297596,-9.3303729264344,4,0.20104745819498313,0.19483832218045302,0.16374945654154302
8,0.7708498679297596,-9.3303729264344,5,0.1682614271362816,0.12439930077241132,0.17208178487830053
8,0.7708498679297596,-9.3303729264344,6,0.13562626082739174,0.05428440415162061,0.16634198845826137
8,0.7708498679297596,-9.3303729264344,7,0.10243063452142274,-0.010901046715247763,0.1652412104664804
8,0.7708498679297596,-9.3303729264344,8,0.06849334888597859,-0.07005564105899616,0.17336884185857737
8,0.7708498679297596,-9.3303729264344,9,0.034699461730997264,-0.1289602837998848,0.1674259982638301
8,0.7708498679297596,-9.3303729264344,10,0.0010493911890560672,-0.18761424610935443,0.1474727657918109
8,0.7708498679297596,-9.3303729264344,11,-0.032452807363177134,-0.24601045923817536,0.11357264082928353
8,0.7708498679297596,-9.3303729264344,12,-0.059571935834368296,-0.29658258374197183,0.1066442991312417
8,0.7708498679297596,-9.3303729264344,13,-0.0830490519325891,-0.34226623885427593,0.11047124542033872
8,0.7708498679297596,-9.3303729264344,14,-0.1024901983806049,-0.36880819519264146,0.11012741829677339
8,0.7708498679297596,-9.3303729264344,15,-0.11414184289099312,-0.3645504684259824,0.10587131806473478
8,0.7708498679297596,-9.3303729264344,16,-0.12478411468224322,-0.360382596893864,0.09948395680648327
8,0.7708498679297596,-9.3303729264344,17,-0.1349061446491687,-0.3570543553420488,0.09885293532818289
8,0.7708498679297596,-9.3303729264344,18,-0.14275201748357674,-0.35479974313065504,0.09845841837516786
8,0.7708498679297596,-9.3303729264344,19,-0.14737311764529365,-0.3528802906363369,0.09840961254962494
8,0.7708498679297596,-9.3303729264344,20,-0.1486202465620186,-0.3519340215171918,0.09936402297501541
8,0.7708498679297596,-9.3303729264344,21,-0.14861744958402098,-0.3520076308062931,0.09969517824246595
8,0.7708498679297596,-9.3303729264344,22,-0.14861142314108902,-0.3520523631570543,0.099851611668975
8,0.7708498679297596,-9.3303729264344,23,-0.14860879637647367,-0.3520735233289312,0.09992546248824272
8,0.7708498679297596,-9.3303729264344,24,-0.1486077796703509,-0.35208357160540177,0.0999603287104023
8,0.7708498679297596,-9.3303729264344,25,-0.1486075260178203,-0.35208838099875933,0.099976790070256
8,0.7708498679297596,-9.3303729264344,26,-0.14860882051190794,-0.35209166667629604,0.09998411416580977
8,0.7708498679297596,-9.3303729264344,27,-0.14861058794265947,-0.3520940042635638,0.0999872045564623
8,0.7708498679297596,-9.3303729264344,28,-0.14861137530454083,-0.3520950320276776,0.09998874433055756
8,0.7708498679297596,-9.3303729264344,29,-0.14861216040282435,-0.35209557316538165,0.09998929020875376
8,0.7708498679297596,-9.3303729264344,30,-0.14861247942216274,-0.3520955695739307,0.09998952969612009
9,0.7722281109656292,-10.515499688541349,1,0.3425393857267761,0.22531725263709365,0.15569211456369259
9,0.7722281109656292,-10.515499688541349,2,0.2669105706097986,0.3366612979582604,0.1046303297989776
9,0.7722281109656292,-10.515499688541349,3,0.23368040591565628,0.2654466083458202,0.14136034725458352
9,0.7722281109656292,-10.515499688541349,4,0.20061175474860496,0.1945780541138653,0.16387923985827085
9,0.7722281109656292,-10.515499688541349,5,0.1676980788915006,0.12404162338165961,0.17225911649612521
9,0.7722281109656292,-10.515499688541349,6,0.13493604206680015,0.05383016626078481,0.16656663672057212
9,0.7722281109656292,-10.515499688541349,7,0.10162001336599395,-0.011462410262581595,0.1654645556738051
9,0.7722281109656292,-10.515499688541349,8,0.0675701650959132,-0.07073750868923664,0.1735304073732173
9,0.7722281109656292,-10.515499688541349,9,0.033664405039237975,-0.12976177360368366,0.16752603491734347
9,0.7722281109656292,-10.515499688541349,10,-9.683707159268806e-5,-0.18853445691352533,0.1475116173981911
9,0.7722281109656292,-10.515499688541349,11,-0.033709491700345415,-0.24704847423592186,0.11355075278753261
9,0.7722281109656292,-10.515499688541349,12,-0.06164673776304013,-0.29856013952154814,0.10172339603005641
9,0.7722281109656292,-10.515499688541349,13,-0.08554670246474835,-0.3444581632071501,0.10399502716635946
9,0.7722281109656292,-10.515499688541349,14,-0.10644052183553837,-0.3789937884693256,0.09958834476608878
9,0.7722281109656292,-10.515499688541349,15,-0.11773860506707397,-0.3791278310419824,0.09917488830442019
9,0.7722281109656292,-10.515499688541349,16,-0.12554106985381175,-0.3730114200156629,0.09914629042951496
9,0.7722281109656292,-10.515499688541349,17,-0.1308191755797777,-0.36848064664506525,0.09916058300899518
9,0.7722281109656292,-10.515499688541349,18,-0.13373513284492,-0.3662820134644677,0.09899618696697077
9,0.7722281109656292,-10.515499688541349,19,-0.1341892076492631,-0.36593082595255266,0.09952127910605048
9,0.7722281109656292,-10.515499688541349,20,-0.13416856859395898,-0.36583592818151395,0.09976892120165107
9,0.7722281109656292,-10.515499688541349,21,-0.13415868269608935,-0.3657911708134937,0.09988580639897428
9,0.7722281109656292,-10.515499688541349,22,-0.13415384871825672,-0.3657700617888939,0.09994098417258493
9,0.7722281109656292,-10.515499688541349,23,-0.13415138686693162,-0.36576011409915743,0.09996703381314885
9,0.7722281109656292,-10.515499688541349,24,-0.13415003853620078,-0.36575543597691434,0.09997933238966823
9,0.7722281109656292,-10.515499688541349,25,-0.13414921283615366,-0.36575324614677207,0.09998513890142793
9,0.7722281109656292,-10.515499688541349,26,-0.13414753991060416,-0.36575310262463545,0.09998735978503767
9,0.7722281109656292,-10.515499688541349,27,-0.13414632187006045,-0.3657533009024007,0.09998824258451477
9,0.7722281109656292,-10.515499688541349,28,-0.13414598553482365,-0.36575352242169307,0.09998842640654033
9,0.7722281109656292,-10.515499688541349,29,-0.13414563541648697,-0.365753645431863,0.09998851372868393
9,0.7722281109656292,-10.515499688541349,30,-0.1341452782068276,-0.36575372290381497,0.09998855495062628
10,0.7708498679297596,-9.3303729264344,1,0.34255879484164453,0.2253214551322827,0.15568968128537158
10,0.7708498679297596,-9.3303729264344,2,0.2670885612435597,0.3367240741679521,0.10459670329719578
10,0.7708498679297596,-9.3303729264344,3,0.23398766687814504,0.2656085859084499,0.14127843329912354
10,0.7708498679297596,-9.3303729264344,4,0.20104745819498313,0.19483832218045302,0.16374945654154302
10,0.7708498679297596,-9.3303729264344,5,0.1682614271362816,0.12439930077241132,0.17208178487830053
10,0.7708498679297596,-9.3303729264344,6,0.13562626082739174,0.05428440415162061,0.16634198845826137
10,0.7708498679297596,-9.3303729264344,7,0.10243063452142274,-0.010901046715247763,0.1652412104664804
10,0.7708498679297596,-9.3303729264344,8,0.06849334888597859,-0.07005564105899616,0.17336884185857737
10,0.7708498679297596,-9.3303729264344,9,0.034699461730997264,-0.1289602837998848,0.1674259982638301
10,0.7708498679297596,-9.3303729264344,10,0.0010493911890560672,-0.18761424610935443,0.1474727657918109
10,0.7708498679297596,-9.3303729264344,11,-0.032452807363177134,-0.24601045923817536,0.11357264082928353
10,0.7708498679297596,-9.3303729264344,12,-0.059571935834368296,-0.29658258374197183,0.1066442991312417
10,0.7708498679297596,-9.3303729264344,13,-0.0830490519325891,-0.34226623885427593,0.11047124542033872
10,0.7708498679297596,-9.3303729264344,14,-0.1024901983806049,-0.36880819519264146,0.11012741829677339
10,0.7708498679297596,-9.3303729264344,15,-0.11414184289099312,-0.3645504684259824,0.10587131806473478
10,0.7708498679297596,-9.3303729264344,16,-0.12478411468224322,-0.360382596893864,0.09948395680648327
10,0.7708498679297596,-9.3303729264344,17,-0.1349061446491687,-0.3570543553420488,0.09885293532818289
10,0.7708498679297596,-9.3303729264344,18,-0.14275201748357674,-0.35479974313065504,0.09845841837516786
10,0.7708498679297596,-9.3303729264344,19,-0.14737311764529365,-0.3528802906363369,0.09840961254962494
10,0.7708498679297596,-9.3303729264344,20,-0.1486202465620186,-0.3519340215171918,0.09936402297501541
10,0.7708498679297596,-9.3303729264344,21,-0.14861744958402098,-0.3520076308062931,0.09969517824246595
10,0.7708498679297596,-9.3303729264344,22,-0.14861142314108902,-0.3520523631570543,0.099851611668975
10,0.7708498679297596,-9.3303729264344,23,-0.14860879637647367,-0.3520735233289312,0.09992546248824272
10,0.7708498679297596,-9.3303729264344,24,-0.1486077796703509,-0.35208357160540177,0.0999603287104023
10,0.7708498679297596,-9.3303729264344,25,-0.1486075260178203,-0.35208838099875933,0.099976790070256
10,0.7708498679297596,-9.3303729264344,26,-0.14860882051190794,-0.35209166667629604,0.09998411416580977
10,0.7708498679297596,-9.3303729264344,27,-0.14861058794265947,-0.3520940042635638,0.0999872045564623
10,0.7708498679297596,-9.3303729264344,28,-0.14861137530454083,-0.3520950320276776,0.09998874433055756
10,0.7708498679297596,-9.3303729264344,29,-0.14861216040282435,-0.35209557316538165,0.09998929020875376
10,0.7708498679297596,-9.3303729264344,30,-0.14861247942216274,-0.3520955695739307,0.09998952969612009
11,0.774979905785185,-19.15420415998447,1,0.3425006334162831,0.2253088616845195,0.15569697246358236
11,0.774979905785185,-19.15420415998447,2,0.2665551878386931,0.3365360194969133,0.10469743764281594
11,0.774979905785185,-19.15420415998447,3,0.23306690736490152,0.26512345061152076,0.14152379684561311
11,0.774979905785185,-19.15420415998447,4,0.19974179805881848,0.1940588384467852,0.1641381949984758
11,0.774979905785185,-19.15420415998447,5,0.16657326139128154,0.12332811187359231,0.1726129347620326
11,0.774979905785185,-19.15420415998447,6,0.1335579141972996,0.05292405641274053,0.16701485430159876
11,0.774979905785185,-19.15420415998447,7,0.1000021100258665,-0.012586287239860428,0.165893645232935
11,0.774979905785185,-19.15420415998447,8,0.06572890971604403,-0.07211092816976143,0.17379917259519423
11,0.774979905785185,-19.15420415998447,9,0.03160118177678916,-0.1313829171574749,0.16763513612532482
11,0.774979905785185,-19.15420415998447,10,-0.0023806111873098243,-0.19040145076556989,0.14746190818059424
11,0.774979905785185,-19.15420415998447,11,-0.036212363367028086,-0.24915939815077442,0.1133433078162121
11,0.774979905785185,-19.15420415998447,12,-0.06873239627422081,-0.29871774326081313,0.10552665073877107
11,0.774979905785185,-19.15420415998447,13,-0.09904914132233933,-0.3431046378076767,0.107617709545874
11,0.774979905785185,-19.15420415998447,14,-0.1285966210934625,-0.3861318093053904,0.1012080054663297
11,0.774979905785185,-19.15420415998447,15,-0.14494254727850778,-0.38443174479337955,0.10042016709831718
11,0.774979905785185,-19.15420415998447,16,-0.15751027110472543,-0.37938640478412755,0.09950581552103357
11,0.774979905785185,-19.15420415998447,17,-0.16656052822254278,-0.37557035037100317,0.09979206065255283
11,0.774979905785185,-19.15420415998447,18,-0.1725688591748083,-0.37319063335031394,0.09948888817555233
11,0.774979905785185,-19.15420415998447,19,-0.17520901808145578,-0.3721237513034922,0.09965949904545983
11,0.774979905785185,-19.15420415998447,20,-0.1757480479445461,-0.37214560338920577,0.09962408643431976
11,0.774979905785185,-19.15420415998447,21,-0.17573969995211342,-0.37203597864552146,0.09981759238190578
11,0.774979905785185,-19.15420415998447,22,-0.17573612660079332,-0.37198393844413996,0.09990891131844708
11,0.774979905785185,-19.15420415998447,23,-0.17573483522563269,-0.37195903272898656,0.09995201756376727
11,0.774979905785185,-19.15420415998447,24,-0.17573462754640942,-0.37194692513607885,0.09997236796021516
11,0.774979905785185,-19.15420415998447,25,-0.17573493297998316,-0.3719408565503773,0.09998197591046089
11,0.774979905785185,-19.15420415998447,26,-0.17573544355143755,-0.37193754525204964,0.09998638515309548
11,0.774979905785185,-19.15420415998447,27,-0.1757355611031166,-0.3719356598619474,0.09998793716097212
11,0.774979905785185,-19.15420415998447,28,-0.17573553285423643,-0.3719349994752953,0.09998870187368916
11,0.774979905785185,-19.15420415998447,29,-0.1757359215156257,-0.3719343420397586,0.09998906807783507
11,0.774979905785185,-19.15420415998447,30,-0.17573650907115634,-0.3719336779316904,0.09998924093444084
12,0.7779919366484428,-13.833822381565145,1,0.34245821609470234,0.225299676796157,0.1557022892013202
12,0.7779919366484428,-13.833822381565145,2,0.2661661854411423,0.33639898553004766,0.10477084493403818
12,0.7779919366484428,-13.833822381565145,3,0.23239535617654924,0.26477010750926183,0.1417025516452048
12,0.7779919366484428,-13.833822381565145,4,0.19878951976617001,0.19349118396949236,0.16442137984160332
12,0.7779919366484428,-13.833822381565145,5,0.1653420115185147,0.12254807891277372,0.1729998443439439
12,0.7779919366484428,-13.833822381565145,6,0.13204939670174065,0.05193350717633249,0.16750497898743757
12,0.7779919366484428,-13.833822381565145,7,0.09823211390601702,-0.013821319705265336,0.16633680567162265
12,0.7779919366484428,-13.833822381565145,8,0.06371662143482441,-0.07363319989264724,0.17400861152457078
12,0.7779919366484428,-13.833822381565145,9,0.02934812794296701,-0.13319034561993112,0.16761182948589776
12,0.7779919366484428,-13.833822381565145,10,-0.004872852669961662,-0.19249186635076035,0.14720705589070404
12,0.7779919366484428,-13.833822381565145,11,-0.0389421622785235,-0.2515305564715769,0.11285838071072238
12,0.7779919366484428,-13.833822381565145,12,-0.07065051549960367,-0.3017953146790142,0.10346899237694339
12,0.7779919366484428,-13.833822381565145,13,-0.09928344484823359,-0.34714568200167495,0.10326914878083877
12,0.7779919366484428,-13.833822381565145,14,-0.1248126363329437,-0.3804162739229953,0.09997662393173257
12,0.7779919366484428,-13.833822381565145,15,-0.14203844974498878,-0.37719647051902616,0.09950377527429446
12,0.7779919366484428,-13.833822381565145,16,-0.15613070477675095,-0.3694813632916423,0.09885227044167726
12,0.7779919366484428,-13.833822381565145,17,-0.1669357320320411,-0.36217744571031535,0.0989213909446422
12,0.7779919366484428,-13.833822381565145,18,-0.17481973001890286,-0.35657750424247053,0.09910074169169089
12,0.7779919366484428,-13.833822381565145,19,-0.18023679309204013,-0.3531047794450502,0.09917660737852073
12,0.7779919366484428,-13.833822381565145,20,-0.18278201542911385,-0.3513240172793051,0.09918286030016427
12,0.7779919366484428,-13.833822381565145,21,-0.18296154035595386,-0.3512482657062809,0.09960898145469517
12,0.7779919366484428,-13.833822381565145,22,-0.1829448882426201,-0.3513469763888026,0.09981187827516615
12,0.7779919366484428,-13.833822381565145,23,-0.1829591426732104,-0.3513526255594135,0.09990672745854856
12,0.7779919366484428,-13.833822381565145,24,-0.18296851017254115,-0.3513499340275219,0.09995147654248751
12,0.7779919366484428,-13.833822381565145,25,-0.18297270490005,-0.35134860886316793,0.09997260493653065
12,0.7779919366484428,-13.833822381565145,26,-0.18297445612688365,-0.3513479270323863,0.09998258085874213
12,0.7779919366484428,-13.833822381565145,27,-0.18297352599718503,-0.351346428859263,0.09998672869864242
12,0.7779919366484428,-13.833822381565145,28,-0.1829722237564836,-0.3513451950652026,0.0999884348557821
12,0.7779919366484428,-13.833822381565145,29,-0.18297165130275497,-0.3513447324059348,0.09998928933815082
12,0.7779919366484428,-13.833822381565145,30,-0.1829709696754688,-0.351344637238535,0.09998941854843811
13,0.7712595199534562,-10.953103539106229,1,0.34255302591992226,0.2253202060435653,0.15569040453619248
13,0.7712595199534562,-10.953103539106229,2,0.26703565775117194,0.3367054132335191,0.10460669909712188
13,0.7712595199534562,-10.953103539106229,3,0.23389634119007982,0.2655604330936603,0.14130278386875578
13,0.7712595199534562,-10.953103539106229,4,0.2009179562031641,0.1947609481189642,0.16378803766244876
13,0.7712595199534562,-10.953103539106229,5,0.16809398577178766,0.1242929672797531,0.17213450117129406
13,0.7712595199534562,-10.953103539106229,6,0.13542111007095908,0.05414936342593479,0.16640877111349925
13,0.7712595199534562,-10.953103539106229,7,0.10218967551450206,-0.01106779497336384,0.1653081735553011
13,0.7712595199534562,-10.953103539106229,8,0.06821888530355029,-0.0702578993255056,0.17341871250136723
13,0.7712595199534562,-10.953103539106229,9,0.0343916983432907,-0.12919779191215722,0.16745884555664028
13,0.7712595199534562,-10.953103539106229,10,0.0007085358808653266,-0.18788673875974488,0.14748868620992717
13,0.7712595199534562,-10.953103539106229,11,-0.032826542772972124,-0.24631766699696905,0.11357176041567495
13,0.7712595199534562,-10.953103539106229,12,-0.060254894877149134,-0.29693673273581106,0.10561394543910986
13,0.7712595199534562,-10.953103539106229,13,-0.08396980125359567,-0.3424993313646715,0.10895174010361387
13,0.7712595199534562,-10.953103539106229,14,-0.1044078039513545,-0.3715172021520248,0.1065659634462049
13,0.7712595199534562,-10.953103539106229,15,-0.11684568511731647,-0.3689177851353731,0.10267986541843682
13,0.7712595199534562,-10.953103539106229,16,-0.12820064267096282,-0.36548108097416376,0.10118954623093375
13,0.7712595199534562,-10.953103539106229,17,-0.13657894762913228,-0.36217997145903635,0.10043742377770364
13,0.7712595199534562,-10.953103539106229,18,-0.14257785412688867,-0.3601150966919859,0.09979081770653181
13,0.7712595199534562,-10.953103539106229,19,-0.14575395388483964,-0.359388546015464,0.09915896721202422
13,0.7712595199534562,-10.953103539106229,20,-0.14606684105416434,-0.35930090782678825,0.09959773815363739
13,0.7712595199534562,-10.953103539106229,21,-0.146142320926663,-0.3592982779583818,0.09980500189203907
13,0.7712595199534562,-10.953103539106229,22,-0.14617793815876648,-0.3592972327342193,0.09990283677021392
13,0.7712595199534562,-10.953103539106229,23,-0.14619475542580937,-0.35929695932278993,0.09994902320992774
13,0.7712595199534562,-10.953103539106229,24,-0.146202701615542,-0.35929706264456374,0.09997082836026569
13,0.7712595199534562,-10.953103539106229,25,-0.1462064607971455,-0.35929734991446627,0.09998112308998368
13,0.7712595199534562,-10.953103539106229,26,-0.14620824354533438,-0.3592977269575,0.09998598353625117
13,0.7712595199534562,-10.953103539106229,27,-0.14620853576610654,-0.35929964766098904,0.09998768264315312
13,0.7712595199534562,-10.953103539106229,28,-0.14620853487825672,-0.3593006877418587,0.09998834065548609
13,0.7712595199534562,-10.953103539106229,29,-0.14620839089548854,-0.35930117629475816,0.09998850226212357
13,0.7712595199534562,-10.953103539106229,30,-0.146208331049522,-0.3593016510174,0.09998857854384925
14,0.7712595199534562,-10.953103539106229,1,0.34255302591992226,0.2253202060435653,0.15569040453619248
14,0.7712595199534562,-10.953103539106229,2,0.26703565775117194,0.3367054132335191,0.10460669909712188
14,0.7712595199534562,-10.953103539106229,3,0.23389634119007982,0.2655604330936603,0.14130278386875578
14,0.7712595199534562,-10.953103539106229,4,0.2009179562031641,0.1947609481189642,0.16378803766244876
14,0.7712595199534562,-10.953103539106229,5,0.16809398577178766,0.1242929672797531,0.17213450117129406
14,0.7712595199534562,-10.953103539106229,6,0.13542111007095908,0.05414936342593479,0.16640877111349925
14,0.7712595199534562,-10.953103539106229,7,0.10218967551450206,-0.01106779497336384,0.1653081735553011
14,0.7712595199534562,-10.953103539106229,8,0.06821888530355029,-0.0702578993255056,0.17341871250136723
14,0.7712595199534562,-10.953103539106229,9,0.0343916983432907,-0.12919779191215722,0.16745884555664028
14,0.7712595199534562,-10.953103539106229,10,0.0007085358808653266,-0.18788673875974488,0.14748868620992717
14,0.7712595199534562,-10.953103539106229,11,-0.032826542772972124,-0.24631766699696905,0.11357176041567495
14,0.7712595199534562,-10.953103539106229,12,-0.060254894877149134,-0.29693673273581106,0.10561394543910986
14,0.7712595199534562,-10.953103539106229,13,-0.08396980125359567,-0.3424993313646715,0.10895174010361387
14,0.7712595199534562,-10.953103539106229,14,-0.1044078039513545,-0.3715172021520248,0.1065659634462049
14,0.7712595199534562,-10.953103539106229,15,-0.11684568511731647,-0.3689177851353731,0.10267986541843682
14,0.7712595199534562,-10.953103539106229,16,-0.12820064267096282,-0.36548108097416376,0.10118954623093375
14,0.7712595199534562,-10.953103539106229,17,-0.13657894762913228,-0.36217997145903635,0.10043742377770364
14,0.7712595199534562,-10.953103539106229,18,-0.14257785412688867,-0.3601150966919859,0.09979081770653181
14,0.7712595199534562,-10.953103539106229,19,-0.14575395388483964,-0.359388546015464,0.09915896721202422
14,0.7712595199534562,-10.953103539106229,20,-0.14606684105416434,-0.35930090782678825,0.09959773815363739
14,0.7712595199534562,-10.953103539106229,21,-0.146142320926663,-0.3592982779583818,0.09980500189203907
14,0.7712595199534562,-10.953103539106229,22,-0.14617793815876648,-0.3592972327342193,0.09990283677021392
14,0.7712595199534562,-10.953103539106229,23,-0.14619475542580937,-0.35929695932278993,0.09994902320992774
14,0.7712595199534562,-10.953103539106229,24,-0.146202701615542,-0.35929706264456374,0.09997082836026569
14,0.7712595199534562,-10.953103539106229,25,-0.1462064607971455,-0.35929734991446627,0.09998112308998368
14,0.7712595199534562,-10.953103539106229,26,-0.14620824354533438,-0.3592977269575,0.09998598353625117
14,0.7712595199534562,-10.953103539106229,27,-0.14620853576610654,-0.35929964766098904,0.09998768264315312
14,0.7712595199534562,-10.953103539106229,28,-0.14620853487825672,-0.3593006877418587,0.09998834065548609
14,0.7712595199534562,-10.953103539106229,29,-0.14620839089548854,-0.35930117629475816,0.09998850226212357
14,0.7712595199534562,-10.953103539106229,30,-0.146208331049522,-0.3593016510174,0.09998857854384925
15,0.7338926541530458,-9.993900858376115,1,0.34307922681675235,0.22543411055728813,0.15562438679783594
15,0.7338926541530458,-9.993900858376115,2,0.2718604189648015,0.33841494330373384,0.10369119561870531
15,0.7338926541530458,-9.993900858376115,3,0.24222416736150731,0.2699959475810898,0.13912210952641457
15,0.7338926541530458,-9.993900858376115,4,0.21272701281390752,0.2018989342856031,0.16035658474805076
15,0.7338926541530458,-9.993900858376115,5,0.1833632262277351,0.1341098137337319,0.1674605459374769
15,0.7338926541530458,-9.993900858376115,6,0.15413008937602482,0.06662231063754988,0.16049818538927627
15,0.7338926541530458,-9.993900858376115,7,0.12427912030119474,0.0036436933556837554,0.15662923343461987
15,0.7338926541530458,-9.993900858376115,8,0.09362054825306636,-0.05382018539399471,0.16006824613526036
15,0.7338926541530458,-9.993900858376115,9,0.06308784022846856,-0.11104815508124999,0.14945634947469758
15,0.7338926541530458,-9.993900858376115,10,0.03336837318302722,-0.16696180477900377,0.129961231942951
15,0.7338926541530458,-9.993900858376115,11,0.0049209736925528895,-0.22118351946130166,0.10416807826482363
15,0.7338926541530458,-9.993900858376115,12,-0.01662871036776294,-0.2685122075285056,0.10584677319429635
15,0.7338926541530458,-9.993900858376115,13,-0.035465521007341745,-0.31271993955261723,0.1106401022119069
15,0.7338926541530458,-9.993900858376115,14,-0.05342295087397943,-0.35600143881939983,0.1059048184778402
15,0.7338926541530458,-9.993900858376115,15,-0.06389168896139244,-0.3768563110737789,0.10056527611752855
15,0.7338926541530458,-9.993900858376115,16,-0.06633829062689035,-0.37130728849060657,0.09976002002704498
15,0.7338926541530458,-9.993900858376115,17,-0.06852460450027313,-0.3671772704800476,0.09906197229316772
15,0.7338926541530458,-9.993900858376115,18,-0.07014698984428014,-0.3645546338430627,0.09955206945616553
15,0.7338926541530458,-9.993900858376115,19,-0.07025012198838984,-0.36415908748145964,0.09972925900700037
15,0.7338926541530458,-9.993900858376115,20,-0.07010345200846019,-0.36421891483882846,0.09986874378478004
15,0.7338926541530458,-9.993900858376115,21,-0.07004999420400151,-0.3642270683752363,0.09993343566008808
15,0.7338926541530458,-9.993900858376115,22,-0.07004859286007037,-0.3641990879482096,0.09996347556013652
15,0.7338926541530458,-9.993900858376115,23,-0.07004815955931788,-0.36418587612918346,0.09997765402591102
15,0.7338926541530458,-9.993900858376115,24,-0.0700481918548351,-0.36417963259736635,0.09998434682838495
15,0.7338926541530458,-9.993900858376115,25,-0.07004860314254346,-0.3641767349497135,0.09998744363682519
15,0.7338926541530458,-9.993900858376115,26,-0.07005044430377037,-0.3641758884816881,0.09998834880797965
15,0.7338926541530458,-9.993900858376115,27,-0.07005134018854144,-0.3641756337064915,0.09998862605993607
15,0.7338926541530458,-9.993900858376115,28,-0.07005180570823588,-0.36417562771507056,0.09998863577760983
15,0.7338926541530458,-9.993900858376115,29,-0.07005227040900738,-0.364175616657708,0.09998864036550861
15,0.7338926541530458,-9.993900858376115,30,-0.07005273472597513,-0.3641756032093103,0.09998864253115712
16,0.7368481653515813,-19.779767635994375,1,0.3430376085626452,0.22542510374433675,0.1556296117995765
16,0.7368481653515813,-19.779767635994375,2,0.2714788726286621,0.33827918591448486,0.10376388094672911
16,0.7368481653515813,-19.779767635994375,3,0.24156573590407543,0.2696413571374785,0.13928931029077102
16,0.7368481653515813,-19.779767635994375,4,0.21179338077132717,0.20132706215271662,0.16061605636258086
16,0.7368481653515813,-19.779767635994375,5,0.1821560164074506,0.1333225108601753,0.16781167893616142
16,0.7368481653515813,-19.779767635994375,6,0.15265088007642588,0.06562136401115963,0.16094055880008118
16,0.7368481653515813,-19.779767635994375,7,0.12252271198105469,0.002521135331179864,0.15752299407292916
16,0.7368481653515813,-19.779767635994375,8,0.0915800182454619,-0.05495053243445144,0.1618610826300043
16,0.7368481653515813,-19.779767635994375,9,0.06076448803517547,-0.11218601197611093,0.152144561170284
16,0.7368481653515813,-19.779767635994375,10,0.030518952756787166,-0.16842551980859505,0.1319498545095698
16,0.7368481653515813,-19.779767635994375,11,0.0015751518791869167,-0.22266554002834155,0.10632169739505626
16,0.7368481653515813,-19.779767635994375,12,-0.026716727760134635,-0.2676844508353447,0.1051221460699206
16,0.7368481653515813,-19.779767635994375,13,-0.054183338987070916,-0.30888035031212935,0.1058323575639296
16,0.7368481653515813,-19.779767635994375,14,-0.08034538180490167,-0.3488064415345677,0.09923031556399424
16,0.7368481653515813,-19.779767635994375,15,-0.1035370526367532,-0.38441849409132484,0.09935740221247849
16,0.7368481653515813,-19.779767635994375,16,-0.12687344484160634,-0.38258922155976005,0.09852553617529848
16,0.7368481653515813,-19.779767635994375,17,-0.1445233359841726,-0.3704875523226498,0.09746285984074035
16,0.7368481653515813,-19.779767635994375,18,-0.1591385329787182,-0.36068523547426984,0.09757410958609691
16,0.7368481653515813,-19.779767635994375,19,-0.17085619395695142,-0.3529675262274213,0.0978816555568588
16,0.7368481653515813,-19.779767635994375,20,-0.17960911499276383,-0.3471118455646833,0.09810821474303806
16,0.7368481653515813,-19.779767635994375,21,-0.1854040922218267,-0.34334915607289235,0.09880848475685623
16,0.7368481653515813,-19.779767635994375,22,-0.18825909697534296,-0.3414177379760829,0.09931745143019687
16,0.7368481653515813,-19.779767635994375,23,-0.18869363939809677,-0.3411486260415477,0.09949398789004875
16,0.7368481653515813,-19.779767635994375,24,-0.18877061621266883,-0.34114887353931495,0.09975630553744487
16,0.7368481653515813,-19.779767635994375,25,-0.18880778032787549,-0.3411500416650405,0.09988020818660717
16,0.7368481653515813,-19.779767635994375,26,-0.18882633002490765,-0.34115184974570223,0.0999387841754234
16,0.7368481653515813,-19.779767635994375,27,-0.1888356541782731,-0.341153347576221,0.09996641071223854
16,0.7368481653515813,-19.779767635994375,28,-0.1888408735109427,-0.3411550347752444,0.09997948359755293
16,0.7368481653515813,-19.779767635994375,29,-0.1888436699465998,-0.3411559500434751,0.09998531687256156
16,0.7368481653515813,-19.779767635994375,30,-0.1888450915892554,-0.3411557725395096,0.09998719743058494
17,0.7722281109656292,-10.515499688541349,1,0.3425393857267761,0.22531725263709365,0.15569211456369259
17,0.7722281109656292,-10.515499688541349,2,0.2669105706097986,0.3366612979582604,0.1046303297989776
17,0.7722281109656292,-10.515499688541349,3,0.23368040591565628,0.2654466083458202,0.14136034725458352
17,0.7722281109656292,-10.515499688541349,4,0.20061175474860496,0.1945780541138653,0.16387923985827085
17,0.7722281109656292,-10.515499688541349,5,0.1676980788915006,0.12404162338165961,0.17225911649612521
17,0.7722281109656292,-10.515499688541349,6,0.13493604206680015,0.05383016626078481,0.16656663672057212
17,0.7722281109656292,-10.515499688541349,7,0.10162001336599395,-0.011462410262581595,0.1654645556738051
17,0.7722281109656292,-10.515499688541349,8,0.0675701650959132,-0.07073750868923664,0.1735304073732173
17,0.7722281109656292,-10.515499688541349,9,0.033664405039237975,-0.12976177360368366,0.16752603491734347
17,0.7722281109656292,-10.515499688541349,10,-9.683707159268806e-5,-0.18853445691352533,0.1475116173981911
17,0.7722281109656292,-10.515499688541349,11,-0.033709491700345415,-0.24704847423592186,0.11355075278753261
17,0.7722281109656292,-10.515499688541349,12,-0.06164673776304013,-0.29856013952154814,0.10172339603005641
17,0.7722281109656292,-10.515499688541349,13,-0.08554670246474835,-0.3444581632071501,0.10399502716635946
17,0.7722281109656292,-10.515499688541349,14,-0.10644052183553837,-0.3789937884693256,0.09958834476608878
17,0.7722281109656292,-10.515499688541349,15,-0.11773860506707397,-0.3791278310419824,0.09917488830442019
17,0.7722281109656292,-10.515499688541349,16,-0.12554106985381175,-0.3730114200156629,0.09914629042951496
17,0.7722281109656292,-10.515499688541349,17,-0.1308191755797777,-0.36848064664506525,0.09916058300899518
17,0.7722281109656292,-10.515499688541349,18,-0.13373513284492,-0.3662820134644677,0.09899618696697077
17,0.7722281109656292,-10.515499688541349,19,-0.1341892076492631,-0.36593082595255266,0.09952127910605048
17,0.7722281109656292,-10.515499688541349,20,-0.13416856859395898,-0.36583592818151395,0.09976892120165107
17,0.7722281109656292,-10.515499688541349,21,-0.13415868269608935,-0.3657911708134937,0.09988580639897428
17,0.7722281109656292,-10.515499688541349,22,-0.13415384871825672,-0.3657700617888939,0.09994098417258493
17,0.7722281109656292,-10.515499688541349,23,-0.13415138686693162,-0.36576011409915743,0.09996703381314885
17,0.7722281109656292,-10.515499688541349,24,-0.13415003853620078,-0.36575543597691434,0.09997933238966823
17,0.7722281109656292,-10.515499688541349,25,-0.13414921283615366,-0.36575324614677207,0.09998513890142793
17,0.7722281109656292,-10.515499688541349,26,-0.13414753991060416,-0.36575310262463545,0.09998735978503767
17,0.7722281109656292,-10.515499688541349,27,-0.13414632187006045,-0.3657533009024007,0.09998824258451477
17,0.7722281109656292,-10.515499688541349,28,-0.13414598553482365,-0.36575352242169307,0.09998842640654033
17,0.7722281109656292,-10.515499688541349,29,-0.13414563541648697,-0.365753645431863,0.09998851372868393
17,0.7722281109656292,-10.515499688541349,30,-0.1341452782068276,-0.36575372290381497,0.09998855495062628
18,0.7262569197885529,-7.8706958665009985,1,0.3431867489414583,0.22545737826463186,0.1556108850193065
18,0.7262569197885529,-7.8706958665009985,2,0.2728461139996442,0.33876611390410527,0.1035031911417848
18,0.7262569197885529,-7.8706958665009985,3,0.24392494859436914,0.2709144485994966,0.1386919169899769
18,0.7262569197885529,-7.8706958665009985,4,0.2151385382925669,0.20338113831897328,0.15969142739414674
18,0.7262569197885529,-7.8706958665009985,5,0.18648133732795882,0.13615095490172988,0.16656197185628122
18,0.7262569197885529,-7.8706958665009985,6,0.1579507404764635,0.06921778645662083,0.1593672568394145
18,0.7262569197885529,-7.8706958665009985,7,0.12882021451285522,0.006527101245854714,0.15421990588720935
18,0.7262569197885529,-7.8706958665009985,8,0.09890559226423709,-0.05097839018260808,0.15508011842092545
18,0.7262569197885529,-7.8706958665009985,9,0.06911360459575352,-0.10824813864436543,0.14190002813473182
18,0.7262569197885529,-7.8706958665009985,10,0.04044648002792593,-0.16310001494087442,0.12483355173524857
18,0.7262569197885529,-7.8706958665009985,11,0.011971409765370805,-0.21622592844619254,0.10094241366680838
18,0.7262569197885529,-7.8706958665009985,12,-0.008858733898232963,-0.26139295369190224,0.10907141221218396
18,0.7262569197885529,-7.8706958665009985,13,-0.028498211653721715,-0.3050763793531007,0.11083986071658605
18,0.7262569197885529,-7.8706958665009985,14,-0.047384756999053784,-0.34813271396536966,0.10190825703434762
18,0.7262569197885529,-7.8706958665009985,15,-0.05995497877445946,-0.37134763599841325,0.1018674779763272
18,0.7262569197885529,-7.8706958665009985,16,-0.06405715720479258,-0.3642282182488647,0.10008654024357856
18,0.7262569197885529,-7.8706958665009985,17,-0.06730284212348861,-0.35892351534274447,0.09973332967293365
18,0.7262569197885529,-7.8706958665009985,18,-0.06921653252069493,-0.35515496483412834,0.09975134282217976
18,0.7262569197885529,-7.8706958665009985,19,-0.06986747698822655,-0.35362716445437176,0.09988324023369882
18,0.7262569197885529,-7.8706958665009985,20,-0.06976980202797893,-0.3537956769888462,0.09993959470116955
18,0.7262569197885529,-7.8706958665009985,21,-0.06973240787095925,-0.35386576910947093,0.09996522532704441
18,0.7262569197885529,-7.8706958665009985,22,-0.06973258301303357,-0.353879561921112,0.09997784469382712
18,0.7262569197885529,-7.8706958665009985,23,-0.06973267125585011,-0.353886302309855,0.09998379791975094
18,0.7262569197885529,-7.8706958665009985,24,-0.06973271933725492,-0.35388971474994835,0.09998660653416729
18,0.7262569197885529,-7.8706958665009985,25,-0.06973274882902974,-0.3538915567130904,0.09998793161940199
18,0.7262569197885529,-7.8706958665009985,26,-0.06973290147301879,-0.3538923131718244,0.0999883552290125
18,0.7262569197885529,-7.8706958665009985,27,-0.06973303094916468,-0.35389274401693216,0.09998847153363791
18,0.7262569197885529,-7.8706958665009985,28,-0.06973309917593107,-0.353893178920909,0.09998852643723836
18,0.7262569197885529,-7.8706958665009985,29,-0.06973313848925615,-0.35389361574067285,0.09998855235540442
18,0.7262569197885529,-7.8706958665009985,30,-0.06973316415369839,-0.3538940534643406,0.0999885645905318
19,0.7708498679297596,-9.3303729264344,1,0.34255879484164453,0.2253214551322827,0.15568968128537158
19,0.7708498679297596,-9.3303729264344,2,0.2670885612435597,0.3367240741679521,0.10459670329719578
19,0.7708498679297596,-9.3303729264344,3,0.23398766687814504,0.2656085859084499,0.14127843329912354
19,0.7708498679297596,-9.3303729264344,4,0.20104745819498313,0.19483832218045302,0.16374945654154302
19,0.7708498679297596,-9.3303729264344,5,0.1682614271362816,0.12439930077241132,0.17208178487830053
19,0.7708498679297596,-9.3303729264344,6,0.13562626082739174,0.05428440415162061,0.16634198845826137
19,0.7708498679297596,-9.3303729264344,7,0.10243063452142274,-0.010901046715247763,0.1652412104664804
19,0.7708498679297596,-9.3303729264344,8,0.06849334888597859,-0.07005564105899616,0.17336884185857737
19,0.7708498679297596,-9.3303729264344,9,0.034699461730997264,-0.1289602837998848,0.1674259982638301
19,0.7708498679297596,-9.3303729264344,10,0.0010493911890560672,-0.18761424610935443,0.1474727657918109
19,0.7708498679297596,-9.3303729264344,11,-0.032452807363177134,-0.24601045923817536,0.11357264082928353
19,0.7708498679297596,-9.3303729264344,12,-0.059571935834368296,-0.29658258374197183,0.1066442991312417
19,0.7708498679297596,-9.3303729264344,13,-0.0830490519325891,-0.34226623885427593,0.11047124542033872
19,0.7708498679297596,-9.3303729264344,14,-0.1024901983806049,-0.36880819519264146,0.11012741829677339
19,0.7708498679297596,-9.3303729264344,15,-0.11414184289099312,-0.3645504684259824,0.10587131806473478
19,0.7708498679297596,-9.3303729264344,16,-0.12478411468224322,-0.360382596893864,0.09948395680648327
19,0.7708498679297596,-9.3303729264344,17,-0.1349061446491687,-0.3570543553420488,0.09885293532818289
19,0.7708498679297596,-9.3303729264344,18,-0.14275201748357674,-0.35479974313065504,0.09845841837516786
19,0.7708498679297596,-9.3303729264344,19,-0.14737311764529365,-0.3528802906363369,0.09840961254962494
19,0.7708498679297596,-9.3303729264344,20,-0.1486202465620186,-0.3519340215171918,0.09936402297501541
19,0.7708498679297596,-9.3303729264344,21,-0.14861744958402098,-0.3520076308062931,0.09969517824246595
19,0.7708498679297596,-9.3303729264344,22,-0.14861142314108902,-0.3520523631570543,0.099851611668975
19,0.7708498679297596,-9.3303729264344,23,-0.14860879637647367,-0.3520735233289312,0.09992546248824272
19,0.7708498679297596,-9.3303729264344,24,-0.1486077796703509,-0.35208357160540177,0.0999603287104023
19,0.7708498679297596,-9.3303729264344,25,-0.1486075260178203,-0.35208838099875933,0.099976790070256
19,0.7708498679297596,-9.3303729264344,26,-0.14860882051190794,-0.35209166667629604,0.09998411416580977
19,0.7708498679297596,-9.3303729264344,27,-0.14861058794265947,-0.3520940042635638,0.0999872045564623
19,0.7708498679297596,-9.3303729264344,28,-0.14861137530454083,-0.3520950320276776,0.09998874433055756
19,0.7708498679297596,-9.3303729264344,29,-0.14861216040282435,-0.35209557316538165,0.09998929020875376
19,0.7708498679297596,-9.3303729264344,30,-0.14861247942216274,-0.3520955695739307,0.09998952969612009
20,0.7224581763891119,-12.208155229471483,1,0.34324024015128995,0.22546895281401563,0.15560416650258949
20,0.7224581763891119,-12.208155229471483,2,0.27333646487443086,0.3389410528258783,0.10340954285417964
20,0.7224581763891119,-12.208155229471483,3,0.2447708960837859,0.2713729255428188,0.13847981244778662
20,0.7224581763891119,-12.208155229471483,4,0.21633792023901718,0.20412166612562863,0.15936567569376522
20,0.7224581763891119,-12.208155229471483,5,0.18803210314230803,0.13717116966760282,0.16612332273943686
20,0.7224581763891119,-12.208155229471483,6,0.1598508944212992,0.07051540388587087,0.15881621907776106
20,0.7224581763891119,-12.208155229471483,7,0.13108193539096627,0.007949212820315917,0.15295375378750353
20,0.7224581763891119,-12.208155229471483,8,0.101544690545965,-0.04962097017646439,0.1523495216888196
20,0.7224581763891119,-12.208155229471483,9,0.07225177206933617,-0.10673820659675812,0.13871157453499905
20,0.7224581763891119,-12.208155229471483,10,0.043346498657438164,-0.160921217070989,0.12404595651872502
20,0.7224581763891119,-12.208155229471483,11,0.015129136399832549,-0.2133890684060158,0.10354354259133891
20,0.7224581763891119,-12.208155229471483,12,-0.006475724640233187,-0.25892025909122207,0.10891579127941162
20,0.7224581763891119,-12.208155229471483,13,-0.02691347790454058,-0.3034742656953807,0.10611486625742884
20,0.7224581763891119,-12.208155229471483,14,-0.046762571455026186,-0.3459086953363444,0.09881500992122919
20,0.7224581763891119,-12.208155229471483,15,-0.06173736732094672,-0.37371968817221657,0.10117551465647852
20,0.7224581763891119,-12.208155229471483,16,-0.06771020987387187,-0.36931509758994846,0.09960896342351522
20,0.7224581763891119,-12.208155229471483,17,-0.07228501027726329,-0.3662946054941593,0.09948804849490472
20,0.7224581763891119,-12.208155229471483,18,-0.0747853020581671,-0.36440995235127926,0.09969450770386451
20,0.7224581763891119,-12.208155229471483,19,-0.07505400121628442,-0.3640908247820596,0.09984951092797241
20,0.7224581763891119,-12.208155229471483,20,-0.07504134262757832,-0.3640777728366376,0.09992288732803498
20,0.7224581763891119,-12.208155229471483,21,-0.0750355707166183,-0.3640712497988262,0.09995758909216658
20,0.7224581763891119,-12.208155229471483,22,-0.0750347876422472,-0.36406665917234576,0.09997487847662098
20,0.7224581763891119,-12.208155229471483,23,-0.07503467726192994,-0.36406448742320247,0.09998304204338422
20,0.7224581763891119,-12.208155229471483,24,-0.07503541635805791,-0.36406371527590875,0.09998667326829026
20,0.7224581763891119,-12.208155229471483,25,-0.07503701502695384,-0.3640638303115141,0.09998797777525885
20,0.7224581763891119,-12.208155229471483,26,-0.07503756983303207,-0.3640641207738012,0.09998831420789589
20,0.7224581763891119,-12.208155229471483,27,-0.07503806394762987,-0.36406425780728113,0.09998846406571518
20,0.7224581763891119,-12.208155229471483,28,-0.0750385528310799,-0.36406431592089733,0.0999885348084472
20,0.7224581763891119,-12.208155229471483,29,-0.07503903924508418,-0.36406433677900146,0.09998856820359253
20,0.7224581763891119,-12.208155229471483,30,-0.07503952449335241,-0.3640643400500278,0.09998858396817559
