particle,elasticity,weight,frame,x,y,z
1,0.43059068722338895,82.64717950708977,1,-0.3591587257323432,-0.34624241741717415,0.4720734216336795
1,0.43059068722338895,82.64717950708977,2,-0.35672146389845605,-0.3214526968840362,0.5074900124872536
1,0.43059068722338895,82.64717950708977,3,-0.3542915999932432,-0.2967382216863852,0.5287545946348693
1,0.43059068722338895,82.64717950708977,4,-0.3461481354143356,-0.2711571424976559,0.5348372482171188
1,0.43059068722338895,82.64717950708977,5,-0.33516991741268126,-0.2451776510241029,0.5263194267374477
1,0.43059068722338895,82.64717950708977,6,-0.3242222684754611,-0.2192704999566799,0.5037808134794568
1,0.43059068722338895,82.64717950708977,7,-0.3133086824614516,-0.1934439573653306,0.4672701933335574
1,0.43059068722338895,82.64717950708977,8,-0.30243373587519534,-0.16770885335569877,0.41684954715923966
1,0.43059068722338895,82.64717950708977,9,-0.2916024821997958,-0.14207714678314504,0.352595249299403
1,0.43059068722338895,82.64717950708977,10,-0.2808201637923597,-0.1165612434654203,0.2745981879639183
1,0.43059068722338895,82.64717950708977,11,-0.27009206987166773,-0.09117366011645699,0.18296352917738887
1,0.43059068722338895,82.64717950708977,12,-0.2566041665901899,-0.06599452890267313,0.0905760283810316
1,0.43059068722338895,82.64717950708977,13,-0.2421170933628648,-0.055669262097069946,0.10809279829240236
1,0.43059068722338895,82.64717950708977,14,-0.2291531273684115,-0.046444762183517216,0.11898822043712612
1,0.43059068722338895,82.64717950708977,15,-0.21685363132951294,-0.03769599576204474,0.11895451674057969
1,0.43059068722338895,82.64717950708977,16,-0.20612403474619392,-0.028721911588877654,0.11257655671281468
1,0.43059068722338895,82.64717950708977,17,-0.1956083153106405,-0.019525481888539833,0.09835237082119068
1,0.43059068722338895,82.64717950708977,18,-0.1913753108756067,-0.01069303017230726,0.10262056284041451
1,0.43059068722338895,82.64717950708977,19,-0.18727308346602,-0.0032494982973644893,0.09850083833935498
1,0.43059068722338895,82.64717950708977,20,-0.18529684338968042,0.00046531457189573046,0.0988822771906179
1,0.43059068722338895,82.64717950708977,21,-0.18459398102028676,0.0011403207986609848,0.09946750492800858
1,0.43059068722338895,82.64717950708977,22,-0.18466822604806643,0.001102652805172694,0.09974408980420438
1,0.43059068722338895,82.64717950708977,23,-0.18470248256816182,0.0010852113394457584,0.0998748191921578
1,0.43059068722338895,82.64717950708977,24,-0.18469354112651307,0.0010801130164609328,0.09993605005753421
1,0.43059068722338895,82.64717950708977,25,-0.18468933602062795,0.0010777066657208462,0.09996496061300754
1,0.43059068722338895,82.64717950708977,26,-0.18468736645297806,0.0010765731154844045,0.09997861102230969
1,0.43059068722338895,82.64717950708977,27,-0.18468645212113372,0.001076041353998004,0.09998505622271533
1,0.43059068722338895,82.64717950708977,28,-0.18468594641503921,0.0010769695588661015,0.0999877722224379
1,0.43059068722338895,82.64717950708977,29,-0.18468568994095794,0.0010778409386761432,0.09998893565014406
1,0.43059068722338895,82.64717950708977,30,-0.1846857212281619,0.0010781811110461541,0.09998937562662771
2,0.4428399233107429,84.47484281660276,1,-0.3590292867546086,-0.3456694131890594,0.4719220559673051
2,0.4428399233107429,84.47484281660276,2,-0.35646305567955466,-0.3203088608227884,0.5071875322008554
2,0.4428399233107429,84.47484281660276,3,-0.35390464164060026,-0.2950255596266394,0.5283011578073772
2,0.4428399233107429,84.47484281660276,4,-0.3458505257348864,-0.26890436801473055,0.534281190343849
2,0.4428399233107429,84.47484281660276,5,-0.335070185687783,-0.24239999587763386,0.5256850734331492
2,0.4428399233107429,84.47484281660276,6,-0.32432003348898325,-0.2159698431030026,0.5030686126888421
2,0.4428399233107429,84.47484281660276,7,-0.31360347593559035,-0.18962228558787014,0.46648077465641385
2,0.4428399233107429,84.47484281660276,8,-0.3029249834601387,-0.16336831426638063,0.41598367236380857
2,0.4428399233107429,84.47484281660276,9,-0.29228950024622474,-0.137220084829484,0.35165378396177327
2,0.4428399233107429,84.47484281660276,10,-0.2817021604392779,-0.11119022000526475,0.27358208600897016
2,0.4428399233107429,84.47484281660276,11,-0.2711681473053557,-0.08529146328899963,0.18187382318990372
2,0.4428399233107429,84.47484281660276,12,-0.2578567818435029,-0.05950312988422791,0.0894399348479469
2,0.4428399233107429,84.47484281660276,13,-0.24315199791314296,-0.048705369042980465,0.10821153754987385
2,0.4428399233107429,84.47484281660276,14,-0.22991332567421352,-0.039019654675758554,0.12019150061836126
2,0.4428399233107429,84.47484281660276,15,-0.2173351995486164,-0.02981744627940259,0.12123660362106281
2,0.4428399233107429,84.47484281660276,16,-0.2062975550335638,-0.020540695822537425,0.11565406934509279
2,0.4428399233107429,84.47484281660276,17,-0.19584836856071616,-0.011027334856590923,0.10286374049591808
2,0.4428399233107429,84.47484281660276,18,-0.19008092997250273,-0.0015575142042640177,0.10288945181404958
2,0.4428399233107429,84.47484281660276,19,-0.18605323785377834,0.0066006133115301836,0.10035146771036589
2,0.4428399233107429,84.47484281660276,20,-0.18351413626634144,0.011655590543658681,0.09866817127090231
2,0.4428399233107429,84.47484281660276,21,-0.1820395277613054,0.013403136249101158,0.09942889639381104
2,0.4428399233107429,84.47484281660276,22,-0.1820764386102986,0.01340764765802279,0.09972527534683295
2,0.4428399233107429,84.47484281660276,23,-0.18213538801171142,0.013372637964163346,0.09986517851167938
2,0.4428399233107429,84.47484281660276,24,-0.18216315308384193,0.013356079193669667,0.09993121145905047
2,0.4428399233107429,84.47484281660276,25,-0.18217622822523105,0.013348234228409403,0.09996238279169253
2,0.4428399233107429,84.47484281660276,26,-0.18218238040391668,0.013344507571317565,0.09997709843089558
2,0.4428399233107429,84.47484281660276,27,-0.1821852693067834,0.013342727977939877,0.09998404574022156
2,0.4428399233107429,84.47484281660276,28,-0.18218719561363633,0.013343200695860822,0.09998678478264378
2,0.4428399233107429,84.47484281660276,29,-0.18218827023799564,0.013343816596550333,0.09998791276664348
2,0.4428399233107429,84.47484281660276,30,-0.18218876580985613,0.013344089822266697,0.0999884449561526
3,0.4433611329772401,84.5424520327696,1,-0.35902378431224846,-0.34564503688429316,0.4719156303630896
3,0.4433611329772401,84.5424520327696,2,-0.3564520708184046,-0.3202602009617364,0.5071746913924987
3,0.4433611329772401,84.5424520327696,3,-0.3538881922570373,-0.29495270198820517,0.5282819083493234
3,0.4433611329772401,84.5424520327696,4,-0.34583797558243784,-0.26880855811571314,0.5342576029238162
3,0.4433611329772401,84.5424520327696,5,-0.3350661983079737,-0.24228189377877313,0.525658190097617
3,0.4433611329772401,84.5424520327696,6,-0.32432459212813164,-0.21582952901926875,0.5030384524615893
3,0.4433611329772401,84.5424520327696,7,-0.3136165601120912,-0.18945984426241047,0.46644736428550077
3,0.4433611329772401,84.5424520327696,8,-0.30294656813884835,-0.16318383721731172,0.4159470442088117
3,0.4433611329772401,84.5424520327696,9,-0.2923195556885491,-0.13701367188704214,0.35161397477737805
3,0.4433611329772401,84.5424520327696,10,-0.2817406522428933,-0.11096198017400809,0.2735391362805296
3,0.4433611329772401,84.5424520327696,11,-0.27121503649734835,-0.08504151517483123,0.18182777671749048
3,0.4433611329772401,84.5424520327696,12,-0.25791140953207664,-0.059227128466541525,0.08939185401130617
3,0.4433611329772401,84.5424520327696,13,-0.24319725538003453,-0.048408272445791364,0.10821624397997237
3,0.4433611329772401,84.5424520327696,14,-0.22994681345984974,-0.03870200500014385,0.12024198143941363
3,0.4433611329772401,84.5424520327696,15,-0.2173566589349801,-0.029479613207518882,0.12133241540988507
3,0.4433611329772401,84.5424520327696,16,-0.2063104749910235,-0.020207233314907907,0.11577187658099543
3,0.4433611329772401,84.5424520327696,17,-0.1958556471683715,-0.010708508889445793,0.10301980108670097
3,0.4433611329772401,84.5424520327696,18,-0.19005008810955795,-0.001249916196859778,0.10293963276724322
3,0.4433611329772401,84.5424520327696,19,-0.18597016500393043,0.006891013261768367,0.10027782485729216
3,0.4433611329772401,84.5424520327696,20,-0.18349775805045027,0.011875884449478364,0.09884556240362241
3,0.4433611329772401,84.5424520327696,21,-0.18187695825620112,0.013783355607991193,0.09936492975283583
3,0.4433611329772401,84.5424520327696,22,-0.1818779518928313,0.013819268733410092,0.099695103402642
3,0.4433611329772401,84.5424520327696,23,-0.18194806128563493,0.013780548247136485,0.09985094301355069
3,0.4433611329772401,84.5424520327696,24,-0.18198108148873954,0.013762236587870971,0.09992449291920875
3,0.4433611329772401,84.5424520327696,25,-0.18199663282700063,0.013753562253167506,0.09995921148084667
3,0.4433611329772401,84.5424520327696,26,-0.18200395214704373,0.013749442806010159,0.09997560140410593
3,0.4433611329772401,84.5424520327696,27,-0.1820073912638914,0.01374747702252496,0.09998333905150283
3,0.4433611329772401,84.5424520327696,28,-0.18200948495350858,0.013747650857609067,0.09998653643486606
3,0.4433611329772401,84.5424520327696,29,-0.18201072923037404,0.013748336637969035,0.09998779551564892
3,0.4433611329772401,84.5424520327696,30,-0.18201130484734304,0.01374864262788601,0.09998838954506921
4,0.44376838308681527,84.55545940516885,1,-0.3590189165177628,-0.3456268105333908,0.4719107515849683
4,0.44376838308681527,84.55545940516885,2,-0.35644235284249653,-0.32022381760110596,0.5071649419051968
4,0.44376838308681527,84.55545940516885,3,-0.3538736397727965,-0.2948982257746538,0.5282672932803495
4,0.44376838308681527,84.55545940516885,4,-0.34582705336324326,-0.26873693529875803,0.5342401355079528
4,0.44376838308681527,84.55545940516885,5,-0.33506312091228857,-0.2421936247971735,0.5256388804575333
4,0.44376838308681527,84.55545940516885,6,-0.32432934265225977,-0.215724672998258,0.5030173126170302
4,0.44376838308681527,84.55545940516885,7,-0.31362911838798146,-0.18933846364796264,0.46642441135245916
4,0.44376838308681527,84.55545940516885,8,-0.30296691000301074,-0.16304599952442803,0.4159222988035233
4,0.44376838308681527,84.55545940516885,9,-0.2923476528136128,-0.13685945086679746,0.3515874601278771
4,0.44376838308681527,84.55545940516885,10,-0.2817764721425454,-0.11079145646057043,0.2735108777547301
4,0.44376838308681527,84.55545940516885,11,-0.27125854258870274,-0.08485477660369549,0.18179780153725253
4,0.44376838308681527,84.55545940516885,12,-0.2579623639802793,-0.05902063616927364,0.08935898471436704
4,0.44376838308681527,84.55545940516885,13,-0.243246044803688,-0.048185613258652,0.10821836844515095
4,0.44376838308681527,84.55545940516885,14,-0.22999260060540763,-0.03846385631977616,0.12027745964045634
4,0.44376838308681527,84.55545940516885,15,-0.21739929029413307,-0.029226241588544744,0.12140108605436041
4,0.44376838308681527,84.55545940516885,16,-0.2063501254024589,-0.019959297328236477,0.1158463658191452
4,0.44376838308681527,84.55545940516885,17,-0.1958924308789652,-0.010474976722364124,0.10311250570962227
4,0.44376838308681527,84.55545940516885,18,-0.19006537262638637,-0.0010272780950825382,0.10297015827683031
4,0.44376838308681527,84.55545940516885,19,-0.18595571889840415,0.007099555108683538,0.10023611047202452
4,0.44376838308681527,84.55545940516885,20,-0.18346930989944565,0.012060619517198322,0.0988220031383058
4,0.44376838308681527,84.55545940516885,21,-0.18185734903701226,0.013956698151169096,0.09935481462250273
4,0.44376838308681527,84.55545940516885,22,-0.18186731254555014,0.013999567704442606,0.09969032655314675
4,0.44376838308681527,84.55545940516885,23,-0.18193959743019059,0.013966556672014385,0.09984868734765201
4,0.44376838308681527,84.55545940516885,24,-0.18197364203594343,0.01395093475957373,0.09992342789154185
4,0.44376838308681527,84.55545940516885,25,-0.18198967608334596,0.013943528176532117,0.09995870864395033
4,0.44376838308681527,84.55545940516885,26,-0.18199722293321877,0.013940006420086921,0.09997536399935099
4,0.44376838308681527,84.55545940516885,27,-0.18200076931216014,0.013938322489934249,0.09998322696290858
4,0.44376838308681527,84.55545940516885,28,-0.18200294181091997,0.013938693804296054,0.09998645737817811
4,0.44376838308681527,84.55545940516885,29,-0.18200419544365234,0.013939407889239868,0.09998775823875654
4,0.44376838308681527,84.55545940516885,30,-0.1820047754726084,0.01393972731423557,0.09998837198828692
5,0.427800627836986,82.15261994649873,1,-0.3591877878681502,-0.3463737584461956,0.47210814207791674
5,0.427800627836986,82.15261994649873,2,-0.3567794829606129,-0.3217148830600149,0.5075593942952008
5,0.427800627836986,82.15261994649873,3,-0.3543784822484591,-0.2971307960626272,0.5288586006660627
5,0.427800627836986,82.15261994649873,4,-0.34621574180033343,-0.271673677922578,0.5349652785336597
5,0.427800627836986,82.15261994649873,5,-0.3351942684132296,-0.24581473343871638,0.5264661438622699
5,0.427800627836986,82.15261994649873,6,-0.3242034445168637,-0.22002769980121942,0.5039461127064591
5,0.427800627836986,82.15261994649873,7,-0.3132467833740643,-0.19432081994324568,0.4674539277268656
5,0.427800627836986,82.15261994649873,8,-0.3023288850513884,-0.16870488669271763,0.4170515388354536
5,0.427800627836986,82.15261994649873,9,-0.29145482720890203,-0.1431918134232058,0.3528152958834789
5,0.427800627836986,82.15261994649873,10,-0.2806298760706108,-0.11779395592321669,0.27483606611063666
5,0.427800627836986,82.15261994649873,11,-0.2698593441805335,-0.09252377865879957,0.18321899678942516
5,0.427800627836986,82.15261994649873,12,-0.2563337727410946,-0.06748320344712098,0.09084037975483818
5,0.427800627836986,82.15261994649873,13,-0.24190010752171856,-0.05725988790326686,0.10806222062324558
5,0.427800627836986,82.15261994649873,14,-0.22900361804701028,-0.04813538135216431,0.1187063427781043
5,0.427800627836986,82.15261994649873,15,-0.21677192468751177,-0.039485107040375396,0.11842153826213836
5,0.427800627836986,82.15261994649873,16,-0.20607284639085197,-0.030466499483747758,0.11190686647001001
5,0.427800627836986,82.15261994649873,17,-0.1962095943190175,-0.0211371452045611,0.10000148696517813
5,0.427800627836986,82.15261994649873,18,-0.19172230863000422,-0.012531158892151091,0.10233523517517852
5,0.427800627836986,82.15261994649873,19,-0.18794058691241627,-0.005804180215773449,0.0990410580820097
5,0.427800627836986,82.15261994649873,20,-0.18608323852295153,-0.0023700607237462164,0.09900180753145146
5,0.427800627836986,82.15261994649873,21,-0.1854998238248576,-0.001648401459602228,0.09952361684519086
5,0.427800627836986,82.15261994649873,22,-0.18557804408070033,-0.0016610153366362543,0.09976997444941371
5,0.427800627836986,82.15261994649873,23,-0.185614885692221,-0.0016670377434453811,0.09988626372615478
5,0.427800627836986,82.15261994649873,24,-0.18563223982869997,-0.0016699290642098197,0.09994116216473853
5,0.427800627836986,82.15261994649873,25,-0.18564041085173513,-0.0016713307050512903,0.09996708021583856
5,0.427800627836986,82.15261994649873,26,-0.18564425328550507,-0.0016720231228682491,0.09997931665607206
5,0.427800627836986,82.15261994649873,27,-0.1856462598711651,-0.0016718566610605442,0.0999848833824937
5,0.427800627836986,82.15261994649873,28,-0.18564769016986146,-0.0016705476079422997,0.09998701175870868
5,0.427800627836986,82.15261994649873,29,-0.185648355143167,-0.0016699552460861067,0.09998801618681095
5,0.427800627836986,82.15261994649873,30,-0.18564861731177815,-0.0016697078358136848,0.09998846418554204
6,0.3841238355869828,73.55882476605748,1,-0.3596516260578998,-0.3484188581261486,0.47265373246191084
6,0.3841238355869828,73.55882476605748,2,-0.35770549685261377,-0.32579745694578643,0.5086495630494076
6,0.3841238355869828,73.55882476605748,3,-0.35576520095579833,-0.3032438609300374,0.5304927105855248
6,0.3841238355869828,73.55882476605748,4,-0.34593633699208337,-0.2797065106779586,0.5365682257810243
6,0.3841238355869828,73.55882476605748,5,-0.3338804586688586,-0.25593225940263065,0.5281071251929765
6,0.3841238355869828,73.55882476605748,6,-0.3218574871837902,-0.2322229005737948,0.5056242892103374
6,0.3841238355869828,73.55882476605748,7,-0.30987139406074116,-0.20858626605601827,0.46916802953709386
6,0.3841238355869828,73.55882476605748,8,-0.29792731917136794,-0.18503249170145605,0.41880007839608324
6,0.3841238355869828,73.55882476605748,9,-0.2860308943177989,-0.1615726834515701,0.35459667230228903
6,0.3841238355869828,73.55882476605748,10,-0.2741879357117955,-0.1382183109045254,0.27664861501634486
6,0.3841238355869828,73.55882476605748,11,-0.26240429600570914,-0.11498091551950837,0.18506101724002885
6,0.3841238355869828,73.55882476605748,12,-0.24785190340413188,-0.09237766532327767,0.09312160803696638
6,0.3841238355869828,73.55882476605748,13,-0.2335270060662898,-0.08382252586683396,0.10747221781930197
6,0.3841238355869828,73.55882476605748,14,-0.2206926550138622,-0.07621400428204528,0.11477173262219624
6,0.3841238355869828,73.55882476605748,15,-0.20872202155011843,-0.06920955335901705,0.11211932405183633
6,0.3841238355869828,73.55882476605748,16,-0.19760161095153647,-0.06262432009015043,0.10180309755286931
6,0.3841238355869828,73.55882476605748,17,-0.18838009274107553,-0.05897118963198014,0.09870892602830329
6,0.3841238355869828,73.55882476605748,18,-0.18198766687396245,-0.05758437656341739,0.09877633986987558
6,0.3841238355869828,73.55882476605748,19,-0.17842401163825025,-0.057213394770997246,0.099007368611957
6,0.3841238355869828,73.55882476605748,20,-0.1776859103671978,-0.05740657858289361,0.09952650297037752
6,0.3841238355869828,73.55882476605748,21,-0.17782675698320202,-0.057457625700389446,0.09977241098530154
6,0.3841238355869828,73.55882476605748,22,-0.17792192000101592,-0.05747651369949365,0.09988870704174112
6,0.3841238355869828,73.55882476605748,23,-0.17790483415020336,-0.0574974921467819,0.09994305402076026
6,0.3841238355869828,73.55882476605748,24,-0.17789680629661392,-0.05750732042777946,0.09996870976900174
6,0.3841238355869828,73.55882476605748,25,-0.1778930498987075,-0.05751188267324503,0.09998082185365217
6,0.3841238355869828,73.55882476605748,26,-0.17789099954337156,-0.05751256593823968,0.09998612353666958
6,0.3841238355869828,73.55882476605748,27,-0.17788975853023437,-0.057511256550071006,0.0999881544600148
6,0.3841238355869828,73.55882476605748,28,-0.1778891874192017,-0.057510599053247256,0.09998911345414893
6,0.3841238355869828,73.55882476605748,29,-0.17788901769116888,-0.057510262527773345,0.09998950274534969
6,0.3841238355869828,73.55882476605748,30,-0.17788908467527728,-0.05751018250581567,0.09998954538059067
7,0.44874468450304433,81.42999970004642,1,-0.3589669751430393,-0.3453932804719809,0.4718493333402486
7,0.44874468450304433,81.42999970004642,2,-0.3563386594790131,-0.31975764764337994,0.5070422034320117
7,0.44874468450304433,81.42999970004642,3,-0.35371836390405065,-0.29420023983976523,0.5280832963449967
7,0.44874468450304433,81.42999970004642,4,-0.3468807572289391,-0.26804944317003104,0.534215926805351
7,0.44874468450304433,81.42999970004642,5,-0.33757867396948965,-0.24156172004160845,0.5258288387463309
7,0.44874468450304433,81.42999970004642,6,-0.32830242844142415,-0.21514756996731513,0.5034204918601942
7,0.44874468450304433,81.42999970004642,7,-0.3190549778562689,-0.18881541362002208,0.4670395241589293
7,0.44874468450304433,81.42999970004642,8,-0.3098402019156683,-0.16257629846728114,0.4167477683516847
7,0.44874468450304433,81.42999970004642,9,-0.3006623855873021,-0.1364424259734683,0.3526214561883862
7,0.44874468450304433,81.42999970004642,10,-0.2915259738675671,-0.11042645328543875,0.27475133904320415
7,0.44874468450304433,81.42999970004642,11,-0.28243545124981184,-0.08454115001779003,0.18324245164099875
7,0.44874468450304433,81.42999970004642,12,-0.27190821212554495,-0.06137973218113952,0.09099213908389989
7,0.44874468450304433,81.42999970004642,13,-0.2632301796959917,-0.04209338406869318,0.11937329870196983
7,0.44874468450304433,81.42999970004642,14,-0.25480229447272607,-0.023026426935655264,0.13843963831060485
7,0.44874468450304433,81.42999970004642,15,-0.24645304635178078,-0.003645619197331047,0.144882876210325
7,0.44874468450304433,81.42999970004642,16,-0.23862321216064156,0.016003068728790926,0.14085941053988832
7,0.44874468450304433,81.42999970004642,17,-0.23404861322954276,0.03435362968819405,0.1383655424671219
7,0.44874468450304433,81.42999970004642,18,-0.23132686648573517,0.05232892508235165,0.13010929909052765
7,0.44874468450304433,81.42999970004642,19,-0.23003202036561843,0.07007075434604243,0.11386826331062996
7,0.44874468450304433,81.42999970004642,20,-0.22905343354078123,0.08543540722067276,0.09770461852842464
7,0.44874468450304433,81.42999970004642,21,-0.2269217177272151,0.0941299801834586,0.10117959127025994
7,0.44874468450304433,81.42999970004642,22,-0.22508237144492782,0.10122728717370294,0.0979584748964279
7,0.44874468450304433,81.42999970004642,23,-0.22326559590600523,0.10578995194779117,0.09853809908433778
7,0.44874468450304433,81.42999970004642,24,-0.22176690163970753,0.10748710652095554,0.09930507090284856
7,0.44874468450304433,81.42999970004642,25,-0.22167065716513773,0.10755401692877162,0.0996669754137466
7,0.44874468450304433,81.42999970004642,26,-0.22170866642645734,0.10755961260012209,0.09983787078045023
7,0.44874468450304433,81.42999970004642,27,-0.22172655355793486,0.10756222800809623,0.09991855474595113
7,0.44874468450304433,81.42999970004642,28,-0.22173494518212788,0.10756342947380289,0.09995664905524376
7,0.44874468450304433,81.42999970004642,29,-0.22173885498396284,0.1075639603601703,0.09997463529999646
7,0.44874468450304433,81.42999970004642,30,-0.22174064917948674,0.1075641732738892,0.09998312758292088
8,0.4289868555275634,81.78293903731728,1,-0.3591752292296646,-0.3463182548162762,0.4720934388943009
8,0.4289868555275634,81.78293903731728,2,-0.3567544110976617,-0.3216040852526811,0.5075300130870153
8,0.4289868555275634,81.78293903731728,3,-0.3543409375878264,-0.29696489704982254,0.5288145572635532
8,0.4289868555275634,81.78293903731728,4,-0.34618657094316,-0.2714553902513915,0.534911216639789
8,0.4289868555275634,81.78293903731728,5,-0.3351838552717054,-0.24554549787660196,0.5264044006386683
8,0.4289868555275634,81.78293903731728,6,-0.3242117536845322,-0.2197076974882428,0.5038767316112456
8,0.4289868555275634,81.78293903731728,7,-0.31327377107817955,-0.19395024263887578,0.4673769698166149
8,0.4289868555275634,81.78293903731728,8,-0.3023744973600568,-0.16828394193344287,0.41696707799480354
8,0.4289868555275634,81.78293903731728,9,-0.29151899975482787,-0.14272072799381716,0.3527234161080629
8,0.4289868555275634,81.78293903731728,10,-0.2807125341752634,-0.11727297777658693,0.27473686003019726
8,0.4289868555275634,81.78293903731728,11,-0.2699604030813853,-0.09195317785075838,0.18311256474077653
8,0.4289868555275634,81.78293903731728,12,-0.2564513042362779,-0.06685399175286243,0.09072963395393616
8,0.4289868555275634,81.78293903731728,13,-0.24199711507940047,-0.05658776365824784,0.1080747830634699
8,0.4289868555275634,81.78293903731728,14,-0.22907450604984841,-0.04742123798535778,0.11882502673578355
8,0.4289868555275634,81.78293903731728,15,-0.2168165927653507,-0.038729560611792696,0.11864636431557218
8,0.4289868555275634,81.78293903731728,16,-0.20610781958313115,-0.029729002186136548,0.11218722283435997
8,0.4289868555275634,81.78293903731728,17,-0.19559832531744362,-0.020490932493627132,0.0978322194317955
8,0.4289868555275634,81.78293903731728,18,-0.19149882661783174,-0.011622651428856668,0.10256590896827181
8,0.4289868555275634,81.78293903731728,19,-0.18755986519196702,-0.004148636061220207,0.09891091923611546
8,0.4289868555275634,81.78293903731728,20,-0.18549832565967178,-0.0003586785975280668,0.09903865229421575
8,0.4289868555275634,81.78293903731728,21,-0.18473686834068367,0.000619879352213443,0.09954526396449681
8,0.4289868555275634,81.78293903731728,22,-0.1848375204814928,0.0005266752116742592,0.09978092473011539
8,0.4289868555275634,81.78293903731728,23,-0.18487988120228716,0.00044304350598628635,0.09989309561651435
8,0.4289868555275634,81.78293903731728,24,-0.1849070915290379,0.00046532359879585265,0.09994466242506035
8,0.4289868555275634,81.78293903731728,25,-0.18491982385103023,0.00047589224070883205,0.09996901842132347
8,0.4289868555275634,81.78293903731728,26,-0.18492581424964882,0.0004808703887424582,0.09998051666346869
8,0.4289868555275634,81.78293903731728,27,-0.1849286210262905,0.0004832106565602216,0.0999859451373793
8,0.4289868555275634,81.78293903731728,28,-0.1849293091745314,0.00048450803100371704,0.0999883280313922
8,0.4289868555275634,81.78293903731728,29,-0.18492875427455177,0.0004853941620560065,0.09998920312706762
8,0.4289868555275634,81.78293903731728,30,-0.18492848394733336,0.0004857287883627882,0.09998955846390034
9,0.42217558935394467,80.03553494475445,1,-0.35924736912678434,-0.3466369835555476,0.4721779485070595
9,0.42217558935394467,80.03553494475445,2,-0.3568984303262657,-0.3222403418101376,0.5076988862012664
9,0.42217558935394467,80.03553494475445,3,-0.35455660437477604,-0.29791757582066825,0.5290677019575201
9,0.42217558935394467,80.03553494475445,4,-0.3463547084017335,-0.27270904357658826,0.5352220545726563
9,0.42217558935394467,80.03553494475445,5,-0.335245098555,-0.24709191723976287,0.5267595546527811
9,0.42217558935394467,80.03553494475445,6,-0.3241663031073436,-0.22154584437511537,0.5042759519643619
9,0.42217558935394467,80.03553494475445,7,-0.3131218748560808,-0.19607901721072185,0.4678199056867779
9,0.42217558935394467,80.03553494475445,8,-0.30211646180838153,-0.17070215336750102,0.4174533048263648
9,0.42217558935394467,80.03553494475445,9,-0.29115519080408897,-0.1454270745840903,0.3532524511556305
9,0.42217558935394467,80.03553494475445,10,-0.28024337662195786,-0.12026603595861535,0.275308170800291
9,0.42217558935394467,80.03553494475445,11,-0.2693863792671844,-0.09523139687472457,0.1837255742938238
9,0.42217558935394467,80.03553494475445,12,-0.25578385871331305,-0.07046802262308874,0.09136706855717855
9,0.42217558935394467,80.03553494475445,13,-0.24144596012752612,-0.06044294731258103,0.10800042153092823
9,0.42217558935394467,80.03553494475445,14,-0.22867195672305518,-0.05151288556862107,0.11813907359404151
9,0.42217558935394467,80.03553494475445,15,-0.21656267371813184,-0.04305444547097692,0.11734764697445339
9,0.42217558935394467,80.03553494475445,16,-0.20604524927332624,-0.03454967370264514,0.11029780824971841
9,0.42217558935394467,80.03553494475445,17,-0.196805128104788,-0.02579541499534956,0.10040244277572216
9,0.42217558935394467,80.03553494475445,18,-0.19241574222401603,-0.01770633759027046,0.10184353936731902
9,0.42217558935394467,80.03553494475445,19,-0.1888793312477217,-0.011719675738767338,0.09914233312661351
9,0.42217558935394467,80.03553494475445,20,-0.18813794381736862,-0.008682863770430779,0.09950357986003817
9,0.42217558935394467,80.03553494475445,21,-0.18811784946210094,-0.00840918512910832,0.09975964645377536
9,0.42217558935394467,80.03553494475445,22,-0.1881634726073411,-0.008483570102369917,0.09988258626079281
9,0.42217558935394467,80.03553494475445,23,-0.18819297203380222,-0.008520220204208943,0.09994019813057499
9,0.42217558935394467,80.03553494475445,24,-0.18817020195654457,-0.008534384303067044,0.09996608529863396
9,0.42217558935394467,80.03553494475445,25,-0.18816014092732294,-0.008542381198300081,0.09997870665710668
9,0.42217558935394467,80.03553494475445,26,-0.1881554001807969,-0.008546172222251399,0.09998466389704393
9,0.42217558935394467,80.03553494475445,27,-0.18815316967693824,-0.008547977842756285,0.09998747583947239
9,0.42217558935394467,80.03553494475445,28,-0.1881521236719906,-0.008548846221630978,0.09998880316954516
9,0.42217558935394467,80.03553494475445,29,-0.18815163661309497,-0.008549272162396673,0.09998942972099462
9,0.42217558935394467,80.03553494475445,30,-0.1881516743760108,-0.008549403742835393,0.09998954074819491
10,0.4433611329772401,84.5424520327696,1,-0.35902378431224846,-0.34564503688429316,0.4719156303630896
10,0.4433611329772401,84.5424520327696,2,-0.3564520708184046,-0.3202602009617364,0.5071746913924987
10,0.4433611329772401,84.5424520327696,3,-0.3538881922570373,-0.29495270198820517,0.5282819083493234
10,0.4433611329772401,84.5424520327696,4,-0.34583797558243784,-0.26880855811571314,0.5342576029238162
10,0.4433611329772401,84.5424520327696,5,-0.3350661983079737,-0.24228189377877313,0.525658190097617
10,0.4433611329772401,84.5424520327696,6,-0.32432459212813164,-0.21582952901926875,0.5030384524615893
10,0.4433611329772401,84.5424520327696,7,-0.3136165601120912,-0.18945984426241047,0.46644736428550077
10,0.4433611329772401,84.5424520327696,8,-0.30294656813884835,-0.16318383721731172,0.4159470442088117
10,0.4433611329772401,84.5424520327696,9,-0.2923195556885491,-0.13701367188704214,0.35161397477737805
10,0.4433611329772401,84.5424520327696,10,-0.2817406522428933,-0.11096198017400809,0.2735391362805296
10,0.4433611329772401,84.5424520327696,11,-0.27121503649734835,-0.08504151517483123,0.18182777671749048
10,0.4433611329772401,84.5424520327696,12,-0.25791140953207664,-0.059227128466541525,0.08939185401130617
10,0.4433611329772401,84.5424520327696,13,-0.24319725538003453,-0.048408272445791364,0.10821624397997237
10,0.4433611329772401,84.5424520327696,14,-0.22994681345984974,-0.03870200500014385,0.12024198143941363
10,0.4433611329772401,84.5424520327696,15,-0.2173566589349801,-0.029479613207518882,0.12133241540988507
10,0.4433611329772401,84.5424520327696,16,-0.2063104749910235,-0.020207233314907907,0.11577187658099543
10,0.4433611329772401,84.5424520327696,17,-0.1958556471683715,-0.010708508889445793,0.10301980108670097
10,0.4433611329772401,84.5424520327696,18,-0.19005008810955795,-0.001249916196859778,0.10293963276724322
10,0.4433611329772401,84.5424520327696,19,-0.18597016500393043,0.006891013261768367,0.10027782485729216
10,0.4433611329772401,84.5424520327696,20,-0.18349775805045027,0.011875884449478364,0.09884556240362241
10,0.4433611329772401,84.5424520327696,21,-0.18187695825620112,0.013783355607991193,0.09936492975283583
10,0.4433611329772401,84.5424520327696,22,-0.1818779518928313,0.013819268733410092,0.099695103402642
10,0.4433611329772401,84.5424520327696,23,-0.18194806128563493,0.013780548247136485,0.09985094301355069
10,0.4433611329772401,84.5424520327696,24,-0.18198108148873954,0.013762236587870971,0.09992449291920875
10,0.4433611329772401,84.5424520327696,25,-0.18199663282700063,0.013753562253167506,0.09995921148084667
10,0.4433611329772401,84.5424520327696,26,-0.18200395214704373,0.013749442806010159,0.09997560140410593
10,0.4433611329772401,84.5424520327696,27,-0.1820073912638914,0.01374747702252496,0.09998333905150283
10,0.4433611329772401,84.5424520327696,28,-0.18200948495350858,0.013747650857609067,0.09998653643486606
10,0.4433611329772401,84.5424520327696,29,-0.18201072923037404,0.013748336637969035,0.09998779551564892
10,0.4433611329772401,84.5424520327696,30,-0.18201130484734304,0.01374864262788601,0.09998838954506921
11,0.4132661665858326,78.69095429546896,1,-0.359341835181159,-0.3470540004560314,0.47228879698621595
11,0.4132661665858326,78.69095429546896,2,-0.3570870223190023,-0.3230728110642081,0.5079203859750311
11,0.4132661665858326,78.69095429546896,3,-0.35483902042201027,-0.29916406007660695,0.5293997289891034
11,0.4132661665858326,78.69095429546896,4,-0.3465769628231403,-0.2743497907218271,0.5356301623303729
11,0.4132661665858326,78.69095429546896,5,-0.33533048169399676,-0.24911641904055776,0.527226404512722
11,0.4132661665858326,78.69095429546896,6,-0.3241150661775651,-0.2239527482855662,0.5048012165018041
11,0.4132661665858326,78.69095429546896,7,-0.3129343312180682,-0.19886688919212445,0.468403125150871
11,0.4132661665858326,78.69095429546896,8,-0.301792999962232,-0.17386943893418172,0.4180939227378573
11,0.4132661665858326,78.69095429546896,9,-0.2906962761151659,-0.1489720728992337,0.35394983442706246
11,0.4132661665858326,78.69095429546896,10,-0.2796495502107212,-0.1241868856564764,0.2760616206367508
11,0.4132661665858326,78.69095429546896,11,-0.26865825622456463,-0.09952606924412456,0.1845343330516131
11,0.4132661665858326,78.69095429546896,12,-0.25493760986057756,-0.07519935185353985,0.09220652702198368
11,0.4132661665858326,78.69095429546896,13,-0.2407449832823547,-0.0654713808639415,0.10789477144344456
11,0.4132661665858326,78.69095429546896,14,-0.22815922320155804,-0.05683401661781628,0.11722510436386784
11,0.4132661665858326,78.69095429546896,15,-0.21623617262737374,-0.04866531449471738,0.11562018159095869
11,0.4132661665858326,78.69095429546896,16,-0.20576070505553554,-0.039885889007338304,0.10808546863011617
11,0.4132661665858326,78.69095429546896,17,-0.19570024739617473,-0.032232355379163954,0.09818000052836923
11,0.4132661665858326,78.69095429546896,18,-0.18830837552899535,-0.028425261026231805,0.09757582350427753
11,0.4132661665858326,78.69095429546896,19,-0.18316396212349684,-0.026982227951067445,0.09872954009092791
11,0.4132661665858326,78.69095429546896,20,-0.1809217141005989,-0.026775034931716686,0.09939441702121168
11,0.4132661665858326,78.69095429546896,21,-0.1808435586583021,-0.02687238889996552,0.09970937666561583
11,0.4132661665858326,78.69095429546896,22,-0.18098649800007358,-0.026912322233824566,0.09985931366918799
11,0.4132661665858326,78.69095429546896,23,-0.18098542900866055,-0.02693368588446896,0.09992882125074576
11,0.4132661665858326,78.69095429546896,24,-0.18097601685523337,-0.026944009265864724,0.09996156066494655
11,0.4132661665858326,78.69095429546896,25,-0.1809715757955055,-0.026948881891410835,0.09997701784312611
11,0.4132661665858326,78.69095429546896,26,-0.18096948061132312,-0.026951180247761743,0.09998431578628507
11,0.4132661665858326,78.69095429546896,27,-0.18096840026303457,-0.026951872798793002,0.09998764978347692
11,0.4132661665858326,78.69095429546896,28,-0.18096761112140006,-0.02695102308493362,0.09998888993602366
11,0.4132661665858326,78.69095429546896,29,-0.18096733185871966,-0.026950644223081917,0.09998940257016575
11,0.4132661665858326,78.69095429546896,30,-0.18096740427014874,-0.026950561850705514,0.09998950667126513
12,0.43517934779137013,83.39181482122106,1,-0.35910970369033296,-0.34602854328857324,0.47201678524876184
12,0.43517934779137013,83.39181482122106,2,-0.35662359733726895,-0.3210257577103954,0.5073768351780831
12,0.43517934779137013,83.39181482122106,3,-0.3541450470756652,-0.29609896378654044,0.5285849365224153
12,0.43517934779137013,83.39181482122106,4,-0.3460350569790209,-0.2703161676573109,0.5346294948807944
12,0.43517934779137013,83.39181482122106,5,-0.335131235789902,-0.24414058577223313,0.5260828285971819
12,0.43517934779137013,83.39181482122106,6,-0.32425784025524085,-0.21803804334697874,0.5035155359032127
12,0.43517934779137013,83.39181482122106,7,-0.31341833143345066,-0.19201684895671017,0.46697646889151057
12,0.43517934779137013,83.39181482122106,8,-0.30261724592024347,-0.1660878930984814,0.4165276571803823
12,0.43517934779137013,83.39181482122106,9,-0.29185959610130163,-0.14026320844502174,0.3522455133587227
12,0.43517934779137013,83.39181482122106,10,-0.2811505836547365,-0.11455528208218718,0.2742209581712755
12,0.43517934779137013,83.39181482122106,11,-0.2704954579725929,-0.0889767156373275,0.1825591866039839
12,0.43517934779137013,83.39181482122106,12,-0.25707379442779327,-0.06357067684332976,0.09015332423740657
12,0.43517934779137013,83.39181482122106,13,-0.24251097103948932,-0.05307395507625666,0.10813778956912753
12,0.43517934779137013,83.39181482122106,14,-0.22945072508778178,-0.043682092473608436,0.1194393764983037
12,0.43517934779137013,83.39181482122106,15,-0.21705400353111245,-0.03476863063029877,0.11981086964272618
12,0.43517934779137013,83.39181482122106,16,-0.2062633879284769,-0.02592839012473674,0.11370122494324061
12,0.43517934779137013,83.39181482122106,17,-0.1957088738764198,-0.016815778448889762,0.09978027982790492
12,0.43517934779137013,83.39181482122106,18,-0.19088601117031276,-0.00781828812337216,0.10264462365279717
12,0.43517934779137013,83.39181482122106,19,-0.186976833949285,-6.788634371865462e-5,0.09981269995388241
12,0.43517934779137013,83.39181482122106,20,-0.18445184842284243,0.004409316538271163,0.09893083232325285
12,0.43517934779137013,83.39181482122106,21,-0.18339679607201453,0.005598988498722753,0.0993308602118583
12,0.43517934779137013,83.39181482122106,22,-0.1834588399232353,0.00556033287523171,0.09967902863437228
12,0.43517934779137013,83.39181482122106,23,-0.18350336404260065,0.005539978032769207,0.09984426531298037
12,0.43517934779137013,83.39181482122106,24,-0.18349388752379836,0.005534594959695788,0.09992162062224672
12,0.43517934779137013,83.39181482122106,25,-0.18348943194288553,0.005532054925613319,0.09995814463373136
12,0.43517934779137013,83.39181482122106,26,-0.1834873463163493,0.005530859440516328,0.09997538988978814
12,0.43517934779137013,83.39181482122106,27,-0.1834863794152939,0.005530299820231331,0.09998353247230614
12,0.43517934779137013,83.39181482122106,28,-0.18348589366394208,0.005530760728208755,0.09998717663206359
12,0.43517934779137013,83.39181482122106,29,-0.18348562346436728,0.0055318643917634655,0.09998865314917463
12,0.43517934779137013,83.39181482122106,30,-0.1834855668521754,0.005532368588803008,0.09998930489260814
13,0.44376838308681527,84.56748145193289,1,-0.3590194852480022,-0.3456259906218255,0.4719106105437894
13,0.44376838308681527,84.56748145193289,2,-0.35644348833752715,-0.3202221809242604,0.5071646598641216
13,0.44376838308681527,84.56748145193289,3,-0.3538753403465875,-0.2948957752241134,0.5282668702235799
13,0.44376838308681527,84.56748145193289,4,-0.34582817592210985,-0.2687336991981584,0.5342391769215666
13,0.44376838308681527,84.56748145193289,5,-0.3350630973849435,-0.2421896191445987,0.525637190815565
13,0.44376838308681527,84.56748145193289,6,-0.32432817682126064,-0.21571990135970545,0.5030148947619941
13,0.44376838308681527,84.56748145193289,7,-0.31362681438608575,-0.1893329298034149,0.46642126906573744
13,0.44376838308681527,84.56748145193289,8,-0.30296347239820914,-0.1630397074746172,0.41591843675016266
13,0.44376838308681527,84.56748145193289,9,-0.29234308665971637,-0.13685240486749262,0.3515828837940438
13,0.44376838308681527,84.56748145193289,10,-0.28177078300490416,-0.11078366104969337,0.27350559340008734
13,0.44376838308681527,84.56748145193289,11,-0.2712517365544389,-0.08484623661713896,0.18179181615568127
13,0.44376838308681527,84.56748145193289,12,-0.25795416951387873,-0.05901148550464856,0.08935430045234638
13,0.44376838308681527,84.56748145193289,13,-0.24323269130807162,-0.048176089283333286,0.10821990269539992
13,0.44376838308681527,84.56748145193289,14,-0.22997305180427577,-0.03845370845258919,0.1202813854201068
13,0.44376838308681527,84.56748145193289,15,-0.21737349240695975,-0.02921549403379721,0.1214072065499934
13,0.44376838308681527,84.56748145193289,16,-0.20632030361984474,-0.01994674382084047,0.11586353731597508
13,0.44376838308681527,84.56748145193289,17,-0.19586082278224404,-0.010459739484457187,0.10314123146707892
13,0.44376838308681527,84.56748145193289,18,-0.19002536001956083,-0.0010100344720788785,0.10297874720275312
13,0.44376838308681527,84.56748145193289,19,-0.18590447416687716,0.007117500347726883,0.10022053629555616
13,0.44376838308681527,84.56748145193289,20,-0.1834127088319564,0.012076166592679733,0.09881226889020314
13,0.44376838308681527,84.56748145193289,21,-0.1818027598655947,0.013972745709977702,0.09935054455475002
13,0.44376838308681527,84.56748145193289,22,-0.18181502019125603,0.014019053936949227,0.09968831054180663
13,0.44376838308681527,84.56748145193289,23,-0.1818881175769039,0.013987999874911599,0.09984773553781608
13,0.44376838308681527,84.56748145193289,24,-0.18192254478365694,0.013973299857197325,0.09992297852900521
13,0.44376838308681527,84.56748145193289,25,-0.18193875912527369,0.01396632771211891,0.09995849649808322
13,0.44376838308681527,84.56748145193289,26,-0.18194639096654236,0.013963010696459431,0.09997526384728249
13,0.44376838308681527,84.56748145193289,27,-0.18194997741921487,0.013961423239957518,0.09998317968455514
13,0.44376838308681527,84.56748145193289,28,-0.18195217721845755,0.013961860048347855,0.09998642699361056
13,0.44376838308681527,84.56748145193289,29,-0.18195343503650926,0.013962585100259023,0.0999877438739664
13,0.44376838308681527,84.56748145193289,30,-0.18195401704513456,0.013962909654693129,0.09998836518464575
14,0.4433611329772401,84.5424520327696,1,-0.35902378431224846,-0.34564503688429316,0.4719156303630896
14,0.4433611329772401,84.5424520327696,2,-0.3564520708184046,-0.3202602009617364,0.5071746913924987
14,0.4433611329772401,84.5424520327696,3,-0.3538881922570373,-0.29495270198820517,0.5282819083493234
14,0.4433611329772401,84.5424520327696,4,-0.34583797558243784,-0.26880855811571314,0.5342576029238162
14,0.4433611329772401,84.5424520327696,5,-0.3350661983079737,-0.24228189377877313,0.525658190097617
14,0.4433611329772401,84.5424520327696,6,-0.32432459212813164,-0.21582952901926875,0.5030384524615893
14,0.4433611329772401,84.5424520327696,7,-0.3136165601120912,-0.18945984426241047,0.46644736428550077
14,0.4433611329772401,84.5424520327696,8,-0.30294656813884835,-0.16318383721731172,0.4159470442088117
14,0.4433611329772401,84.5424520327696,9,-0.2923195556885491,-0.13701367188704214,0.35161397477737805
14,0.4433611329772401,84.5424520327696,10,-0.2817406522428933,-0.11096198017400809,0.2735391362805296
14,0.4433611329772401,84.5424520327696,11,-0.27121503649734835,-0.08504151517483123,0.18182777671749048
14,0.4433611329772401,84.5424520327696,12,-0.25791140953207664,-0.059227128466541525,0.08939185401130617
14,0.4433611329772401,84.5424520327696,13,-0.24319725538003453,-0.048408272445791364,0.10821624397997237
14,0.4433611329772401,84.5424520327696,14,-0.22994681345984974,-0.03870200500014385,0.12024198143941363
14,0.4433611329772401,84.5424520327696,15,-0.2173566589349801,-0.029479613207518882,0.12133241540988507
14,0.4433611329772401,84.5424520327696,16,-0.2063104749910235,-0.020207233314907907,0.11577187658099543
14,0.4433611329772401,84.5424520327696,17,-0.1958556471683715,-0.010708508889445793,0.10301980108670097
14,0.4433611329772401,84.5424520327696,18,-0.19005008810955795,-0.001249916196859778,0.10293963276724322
14,0.4433611329772401,84.5424520327696,19,-0.18597016500393043,0.006891013261768367,0.10027782485729216
14,0.4433611329772401,84.5424520327696,20,-0.18349775805045027,0.011875884449478364,0.09884556240362241
14,0.4433611329772401,84.5424520327696,21,-0.18187695825620112,0.013783355607991193,0.09936492975283583
14,0.4433611329772401,84.5424520327696,22,-0.1818779518928313,0.013819268733410092,0.099695103402642
14,0.4433611329772401,84.5424520327696,23,-0.18194806128563493,0.013780548247136485,0.09985094301355069
14,0.4433611329772401,84.5424520327696,24,-0.18198108148873954,0.013762236587870971,0.09992449291920875
14,0.4433611329772401,84.5424520327696,25,-0.18199663282700063,0.013753562253167506,0.09995921148084667
14,0.4433611329772401,84.5424520327696,26,-0.18200395214704373,0.013749442806010159,0.09997560140410593
14,0.4433611329772401,84.5424520327696,27,-0.1820073912638914,0.01374747702252496,0.09998333905150283
14,0.4433611329772401,84.5424520327696,28,-0.18200948495350858,0.013747650857609067,0.09998653643486606
14,0.4433611329772401,84.5424520327696,29,-0.18201072923037404,0.013748336637969035,0.09998779551564892
14,0.4433611329772401,84.5424520327696,30,-0.18201130484734304,0.01374864262788601,0.09998838954506921
15,0.406134195989981,76.79435859027193,1,-0.3594178480220429,-0.3473871507899371,0.4723776181748522
15,0.406134195989981,76.79435859027193,2,-0.3572387752430828,-0.3237378672071458,0.5080978657041166
15,0.406134195989981,76.79435859027193,3,-0.35506627190144463,-0.30015988114489134,0.5296657648986954
15,0.406134195989981,76.79435859027193,4,-0.3467573573055227,-0.27566095216746245,0.5359572258187324
15,0.406134195989981,76.79435859027193,5,-0.33540306264182945,-0.25073470559456473,0.5276006398556912
15,0.406134195989981,76.79435859027193,6,-0.32408002821930554,-0.22587708507924242,0.5052223629389341
15,0.406134195989981,76.79435859027193,7,-0.3127919184927998,-0.20109613525199155,0.46887081657394725
15,0.406134195989981,76.79435859027193,8,-0.3015435162827095,-0.17640235590730113,0.4186077159791321
15,0.406134195989981,76.79435859027193,9,-0.2903400861736146,-0.15180730446350815,0.3545092251380436
15,0.406134195989981,76.79435859027193,10,-0.2791870786034268,-0.1273229463454436,0.27666605186285675
15,0.406134195989981,76.79435859027193,11,-0.2680899859861366,-0.10296133912863017,0.18518320063230018
15,0.406134195989981,76.79435859027193,12,-0.25427698354129274,-0.07898151867029901,0.0928802252726742
15,0.406134195989981,76.79435859027193,13,-0.24018924021052757,-0.06947720427957255,0.10780399522664906
15,0.406134195989981,76.79435859027193,14,-0.22774263940885509,-0.06106141689811679,0.11648167200733162
15,0.406134195989981,76.79435859027193,15,-0.21605315876424322,-0.05307889663541123,0.11466798383555368
15,0.406134195989981,76.79435859027193,16,-0.20557726339251803,-0.04498742159581714,0.10591565860466458
15,0.406134195989981,76.79435859027193,17,-0.19613731207548424,-0.03895863936939719,0.09977050569674488
15,0.406134195989981,76.79435859027193,18,-0.1891984619457689,-0.03614645828822226,0.09905896796746595
15,0.406134195989981,76.79435859027193,19,-0.18481841502292465,-0.0351502059744045,0.09917848239064501
15,0.406134195989981,76.79435859027193,20,-0.18348565665121241,-0.03521137722314256,0.09960659526628876
15,0.406134195989981,76.79435859027193,21,-0.18361268704876146,-0.03528669020640319,0.09981018773073651
15,0.406134195989981,76.79435859027193,22,-0.1837161551614139,-0.03532021834853388,0.09990665127566761
15,0.406134195989981,76.79435859027193,23,-0.18369557831641276,-0.035338746606168404,0.09995109620782142
15,0.406134195989981,76.79435859027193,24,-0.18368586943644377,-0.035347492210143466,0.09997207743933594
15,0.406134195989981,76.79435859027193,25,-0.18368128883739554,-0.035351618777609076,0.0999819827498931
15,0.406134195989981,76.79435859027193,26,-0.18367912818508456,-0.03535356393953595,0.09998665924173603
15,0.406134195989981,76.79435859027193,27,-0.1836778286939309,-0.03535332362357304,0.09998853716244105
15,0.406134195989981,76.79435859027193,28,-0.18367711724557012,-0.03535280053164807,0.09998930824303649
15,0.406134195989981,76.79435859027193,29,-0.18367698771367524,-0.03535262631388228,0.0999895218975586
15,0.406134195989981,76.79435859027193,30,-0.18367701818964177,-0.03535258851247189,0.09998956384340188
16,0.4313613872545153,83.2791821901995,1,-0.35915057476215057,-0.34620635810478884,0.47206387810807904
16,0.4313613872545153,83.2791821901995,2,-0.35670519146582796,-0.3213807145312011,0.5074709416081925
16,0.4313613872545153,83.2791821901995,3,-0.3542672323844051,-0.29663044192836907,0.5287260065794412
16,0.4313613872545153,83.2791821901995,4,-0.3461292606341008,-0.27101534107524994,0.5348021652043801
16,0.4313613872545153,83.2791821901995,5,-0.3351633036344857,-0.24500277075922564,0.5262793698285937
16,0.4313613872545153,83.2791821901995,6,-0.3242278924158666,-0.21906265871346858,0.5037358109066008
16,0.4313613872545153,83.2791821901995,7,-0.3133265153905931,-0.19320327987208052,0.46722028476515093
16,0.4313613872545153,83.2791821901995,8,-0.30246374244284396,-0.16743547455055255,0.4167947805962198
16,0.4313613872545153,83.2791821901995,9,-0.2916446202488907,-0.14177121407262572,0.3525356793037573
16,0.4313613872545153,83.2791821901995,10,-0.2808743844360637,-0.11622291797670307,0.27453387469489215
16,0.4313613872545153,83.2791821901995,11,-0.2701583176393728,-0.09080311730906229,0.1828945377867599
16,0.4313613872545153,83.2791821901995,12,-0.2566812313397168,-0.06558582963237729,0.09050419883436658
16,0.4313613872545153,83.2791821901995,13,-0.2421806736590953,-0.05523212289028177,0.10810074823085522
16,0.4313613872545153,83.2791821901995,14,-0.2291995998405616,-0.045979804055988505,0.11906491157882827
16,0.4313613872545153,83.2791821901995,15,-0.21688287269574605,-0.03720364951728103,0.11909984681890513
16,0.4313613872545153,83.2791821901995,16,-0.2061433046851807,-0.028244882502411185,0.1127544043108893
16,0.4313613872545153,83.2791821901995,17,-0.1956237661778223,-0.019079631944089927,0.09858493147479366
16,0.4313613872545153,83.2791821901995,18,-0.19133670233192937,-0.010269117965999334,0.10264689875473816
16,0.4313613872545153,83.2791821901995,19,-0.18727853364759448,-0.002896568797417205,0.09849756997172039
16,0.4313613872545153,83.2791821901995,20,-0.18374911625724366,0.00034714615185750915,0.09949654117435615
16,0.4313613872545153,83.2791821901995,21,-0.1824575930319624,0.0026874496076134237,0.09915148549826688
16,0.4313613872545153,83.2791821901995,22,-0.18231720824409678,0.0028072246681808076,0.09959450226804348
16,0.4313613872545153,83.2791821901995,23,-0.18226892934998773,0.0027077698371455457,0.09980347737847643
16,0.4313613872545153,83.2791821901995,24,-0.18224610209377065,0.0026609354007273963,0.09990209099599955
16,0.4313613872545153,83.2791821901995,25,-0.1822352876756477,0.002638874927485282,0.09994863738934318
16,0.4313613872545153,83.2791821901995,26,-0.18223015047791444,0.0026284868498982696,0.09997061020203975
16,0.4313613872545153,83.2791821901995,27,-0.18222769792524135,0.0026236002423073775,0.09998098331522186
16,0.4313613872545153,83.2791821901995,28,-0.18222694489812813,0.0026211318387932133,0.09998570570952295
16,0.4313613872545153,83.2791821901995,29,-0.1822279013626801,0.0026194340690293286,0.09998740117060988
16,0.4313613872545153,83.2791821901995,30,-0.18222832997628977,0.0026186438146611917,0.09998820118777726
17,0.44275767485694506,84.39254467418804,1,-0.35902959390557176,-0.3456740780766047,0.47192321163908596
17,0.44275767485694506,84.39254467418804,2,-0.35646366876095975,-0.3203181728265135,0.5071898418555424
17,0.44275767485694506,84.39254467418804,3,-0.35390555949179225,-0.2950395023303794,0.5283046204219748
17,0.44275767485694506,84.39254467418804,4,-0.3458513996705305,-0.2689227163434019,0.5342858689189832
17,0.44275767485694506,84.39254467418804,5,-0.33507084082256333,-0.24242262958287253,0.5256909966978157
17,0.44275767485694506,84.39254467418804,6,-0.3243204687258161,-0.21599674598171803,0.5030757748238144
17,0.44275767485694506,84.39254467418804,7,-0.31360369042000336,-0.1896534405091129,0.46648916769224963
17,0.44275767485694506,84.39254467418804,8,-0.30292497662658263,-0.16340370280930205,0.4159932865695398
17,0.44275767485694506,84.39254467418804,9,-0.2922892717916412,-0.1372596870064038,0.3516646080990247
17,0.44275767485694506,84.39254467418804,10,-0.2817017102913381,-0.11123401409860462,0.27359410748404384
17,0.44275767485694506,84.39254467418804,11,-0.2711674755975993,-0.08533942576819573,0.18188702815834798
17,0.44275767485694506,84.39254467418804,12,-0.25785626566871667,-0.059555813599241364,0.0894521584742627
17,0.44275767485694506,84.39254467418804,13,-0.243158107209104,-0.04876174926037454,0.10820927788772357
17,0.44275767485694506,84.39254467418804,14,-0.2299274672122602,-0.039079891997069155,0.12017965767440349
17,0.44275767485694506,84.39254467418804,15,-0.21735746498224923,-0.029881458612793375,0.12121543579757864
17,0.44275767485694506,84.39254467418804,16,-0.20632516484413047,-0.020605832740004628,0.11561868835247352
17,0.44275767485694506,84.39254467418804,17,-0.1958786850463543,-0.011092710512676249,0.10281083789259687
17,0.44275767485694506,84.39254467418804,18,-0.19012565059351494,-0.0016230072696423012,0.10287313120273789
17,0.44275767485694506,84.39254467418804,19,-0.18611595015084845,0.006529050822276003,0.10041194560188799
17,0.44275767485694506,84.39254467418804,20,-0.18377696713521044,0.011718907803520473,0.09880609928822469
17,0.44275767485694506,84.39254467418804,21,-0.1825793343606167,0.013743324175920116,0.09932458172372337
17,0.44275767485694506,84.39254467418804,22,-0.1827084176441216,0.013791917911409813,0.09967659861547669
17,0.44275767485694506,84.39254467418804,23,-0.1827840485911267,0.013735242493782954,0.09984348641372558
17,0.44275767485694506,84.39254467418804,24,-0.18281991972582537,0.013709338155035632,0.09992220096418443
17,0.44275767485694506,84.39254467418804,25,-0.18284141705241672,0.013725421079891413,0.09995888669131105
17,0.44275767485694506,84.39254467418804,26,-0.1828515109152486,0.013732982952396177,0.0999762033931604
17,0.44275767485694506,84.39254467418804,27,-0.18285622019327133,0.013736526211493974,0.09998437805227638
17,0.44275767485694506,84.39254467418804,28,-0.18285603598734612,0.013738565471631202,0.09998754189732585
17,0.44275767485694506,84.39254467418804,29,-0.18285521629264345,0.013739612739376603,0.09998882893768335
17,0.44275767485694506,84.39254467418804,30,-0.18285480024386588,0.01374009547325516,0.09998943647277542
18,0.4200875374063948,80.07591011769323,1,-0.35926989859054903,-0.34673392707154665,0.4722037435290296
18,0.4200875374063948,80.07591011769323,2,-0.3569434080940399,-0.32243386447912137,0.5077504307921927
18,0.4200875374063948,80.07591011769323,3,-0.35462395839133753,-0.29820734258263426,0.5291449674956564
18,0.4200875374063948,80.07591011769323,4,-0.3464073457222092,-0.27309041277283613,0.5353166512322798
18,0.4200875374063948,80.07591011769323,5,-0.335264542532945,-0.24756242128718134,0.5268672618471534
18,0.4200875374063948,80.07591011769323,6,-0.32415261647389343,-0.22210516883404655,0.50439669529643
18,0.4200875374063948,80.07591011769323,7,-0.31307513520294533,-0.19672682886303092,0.4679535805230792
18,0.4200875374063948,80.07591011769323,8,-0.3020367647271564,-0.17143809112485237,0.4175997845996906
18,0.4200875374063948,80.07591011769323,9,-0.2910426503542457,-0.146250743440709,0.3534115920467398
18,0.4200875374063948,80.07591011769323,10,-0.2800981251035317,-0.12117700367619928,0.2754798142671331
18,0.4200875374063948,80.07591011769323,11,-0.2692085668164862,-0.09622919238378813,0.18390954865470555
18,0.4200875374063948,80.07591011769323,12,-0.25557687611012586,-0.07156779664165336,0.09155965535535258
18,0.4200875374063948,80.07591011769323,13,-0.2412690032099782,-0.06161375752740171,0.1079776277353276
18,0.4200875374063948,80.07591011769323,14,-0.22853418109867296,-0.05275336102400777,0.11792932882291936
18,0.4200875374063948,80.07591011769323,15,-0.21646380905087054,-0.044363764335354036,0.1169500069844481
18,0.4200875374063948,80.07591011769323,16,-0.20596716630543252,-0.03578407868376876,0.10982450039346689
18,0.4200875374063948,80.07591011769323,17,-0.19676206040202687,-0.026932146492472227,0.09996292828942518
18,0.4200875374063948,80.07591011769323,18,-0.19251581651985467,-0.018765531748318375,0.1018926390522158
18,0.4200875374063948,80.07591011769323,19,-0.1889927146505484,-0.012633047395276554,0.09904360894850431
18,0.4200875374063948,80.07591011769323,20,-0.1873288610995215,-0.009731451161459685,0.09910416010970007
18,0.4200875374063948,80.07591011769323,21,-0.1871584679257515,-0.009301665018936088,0.0995719636876377
18,0.4200875374063948,80.07591011769323,22,-0.18724083980310108,-0.009391069366331018,0.09979418860937782
18,0.4200875374063948,80.07591011769323,23,-0.1872788781996651,-0.009437563183075813,0.09989875735021578
18,0.4200875374063948,80.07591011769323,24,-0.18730042874507885,-0.009419409637426853,0.09994735523091546
18,0.4200875374063948,80.07591011769323,25,-0.18731059025851943,-0.009410850173290278,0.09997029723653986
18,0.4200875374063948,80.07591011769323,26,-0.18731537353470568,-0.009406817166686371,0.0999811284090178
18,0.4200875374063948,80.07591011769323,27,-0.1873176170538786,-0.009404920101507227,0.0999862420915072
18,0.4200875374063948,80.07591011769323,28,-0.1873177691632175,-0.009403761777537744,0.09998839768181039
18,0.4200875374063948,80.07591011769323,29,-0.18731721406203847,-0.009403035927598294,0.09998923862290503
18,0.4200875374063948,80.07591011769323,30,-0.18731698140983558,-0.009402852685823393,0.09998952381638673
19,0.4433611329772401,84.97143087409479,1,-0.35902321862398834,-0.34564585610373894,0.471915771621255
19,0.4433611329772401,84.97143087409479,2,-0.3564509413966548,-0.3202618362577926,0.5071749738657985
19,0.4433611329772401,84.97143087409479,3,-0.35388650077852385,-0.2949551504726587,0.5282823320522597
19,0.4433611329772401,84.97143087409479,4,-0.3458368591537584,-0.2688117913070928,0.5342585604128309
19,0.4433611329772401,84.97143087409479,5,-0.3350662220242237,-0.24228589560466532,0.5256598759269877
19,0.4433611329772401,84.97143087409479,6,-0.324325752225192,-0.21583429592139802,0.5030408637991132
19,0.4433611329772401,84.97143087409479,7,-0.3136188524775409,-0.1894653724689737,0.4664504973631741
19,0.4433611329772401,84.97143087409479,8,-0.3029499882274098,-0.16319012273594713,0.4159508943780881
19,0.4433611329772401,84.97143087409479,9,-0.2923240984717408,-0.13702071047049583,0.3516185365715891
19,0.4433611329772401,84.97143087409479,10,-0.2817463121834214,-0.11096976729303797,0.2735444034623704
19,0.4433611329772401,84.97143087409479,11,-0.27122180753891173,-0.08505004600241471,0.18183374231817023
19,0.4433611329772401,84.97143087409479,12,-0.25791956356339896,-0.05923627007371558,0.08939651815590538
19,0.4433611329772401,84.97143087409479,13,-0.24321056371754646,-0.04841778811198834,0.10821471769608217
19,0.4433611329772401,84.97143087409479,14,-0.22996630902717205,-0.038712143338229164,0.12023807747575627
19,0.4433611329772401,84.97143087409479,15,-0.21738239459096373,-0.029490350086307255,0.12132632779159642
19,0.4433611329772401,84.97143087409479,16,-0.2063402428374276,-0.020219758747130865,0.11575478668984512
19,0.4433611329772401,84.97143087409479,17,-0.19588722677438303,-0.010723724816773191,0.10299119963659112
19,0.4433611329772401,84.97143087409479,18,-0.19009007522111865,-0.0012671438247963728,0.10293109871535204
19,0.4433611329772401,84.97143087409479,19,-0.1860213502002914,0.006873092637950766,0.10029336176586244
19,0.4433611329772401,84.97143087409479,20,-0.18211019041349827,0.011427270888259051,0.0998411200780218
19,0.4433611329772401,84.97143087409479,21,-0.17975537383545326,0.013375210611820385,0.0990434690017035
19,0.4433611329772401,84.97143087409479,22,-0.17945150447980102,0.013589195558955495,0.09954374959650875
19,0.4433611329772401,84.97143087409479,23,-0.17954400590866706,0.013654761353683244,0.09978026954320268
19,0.4433611329772401,84.97143087409479,24,-0.17958756538049794,0.013685729201867638,0.09989188606019755
19,0.4433611329772401,84.97143087409479,25,-0.1796080739071523,0.013700385471617404,0.09994457125590035
19,0.4433611329772401,84.97143087409479,26,-0.1796177187102169,0.013707352802122154,0.09996944239400504
19,0.4433611329772401,84.97143087409479,27,-0.1796226631993043,0.013713245011022954,0.09998042793106002
19,0.4433611329772401,84.97143087409479,28,-0.1796250629323,0.0137165460939051,0.09998547003352772
19,0.4433611329772401,84.97143087409479,29,-0.17962618352519777,0.013718134831329578,0.0999878502644822
19,0.4433611329772401,84.97143087409479,30,-0.1796267005064412,0.01371891516248246,0.09998897391801674
20,0.4433611329772401,84.97143087409479,1,-0.35902321862398834,-0.34564585610373894,0.471915771621255
20,0.4433611329772401,84.97143087409479,2,-0.3564509413966548,-0.3202618362577926,0.5071749738657985
20,0.4433611329772401,84.97143087409479,3,-0.35388650077852385,-0.2949551504726587,0.5282823320522597
20,0.4433611329772401,84.97143087409479,4,-0.3458368591537584,-0.2688117913070928,0.5342585604128309
20,0.4433611329772401,84.97143087409479,5,-0.3350662220242237,-0.24228589560466532,0.5256598759269877
20,0.4433611329772401,84.97143087409479,6,-0.324325752225192,-0.21583429592139802,0.5030408637991132
20,0.4433611329772401,84.97143087409479,7,-0.3136188524775409,-0.1894653724689737,0.4664504973631741
20,0.4433611329772401,84.97143087409479,8,-0.3029499882274098,-0.16319012273594713,0.4159508943780881
20,0.4433611329772401,84.97143087409479,9,-0.2923240984717408,-0.13702071047049583,0.3516185365715891
20,0.4433611329772401,84.97143087409479,10,-0.2817463121834214,-0.11096976729303797,0.2735444034623704
20,0.4433611329772401,84.97143087409479,11,-0.27122180753891173,-0.08505004600241471,0.18183374231817023
20,0.4433611329772401,84.97143087409479,12,-0.25791956356339896,-0.05923627007371558,0.08939651815590538
20,0.4433611329772401,84.97143087409479,13,-0.24321056371754646,-0.04841778811198834,0.10821471769608217
20,0.4433611329772401,84.97143087409479,14,-0.22996630902717205,-0.038712143338229164,0.12023807747575627
20,0.4433611329772401,84.97143087409479,15,-0.21738239459096373,-0.029490350086307255,0.12132632779159642
20,0.4433611329772401,84.97143087409479,16,-0.2063402428374276,-0.020219758747130865,0.11575478668984512
20,0.4433611329772401,84.97143087409479,17,-0.19588722677438303,-0.010723724816773191,0.10299119963659112
20,0.4433611329772401,84.97143087409479,18,-0.19009007522111865,-0.0012671438247963728,0.10293109871535204
20,0.4433611329772401,84.97143087409479,19,-0.1860213502002914,0.006873092637950766,0.10029336176586244
20,0.4433611329772401,84.97143087409479,20,-0.18211019041349827,0.011427270888259051,0.0998411200780218
20,0.4433611329772401,84.97143087409479,21,-0.17975537383545326,0.013375210611820385,0.0990434690017035
20,0.4433611329772401,84.97143087409479,22,-0.17945150447980102,0.013589195558955495,0.09954374959650875
20,0.4433611329772401,84.97143087409479,23,-0.17954400590866706,0.013654761353683244,0.09978026954320268
20,0.4433611329772401,84.97143087409479,24,-0.17958756538049794,0.013685729201867638,0.09989188606019755
20,0.4433611329772401,84.97143087409479,25,-0.1796080739071523,0.013700385471617404,0.09994457125590035
20,0.4433611329772401,84.97143087409479,26,-0.1796177187102169,0.013707352802122154,0.09996944239400504
20,0.4433611329772401,84.97143087409479,27,-0.1796226631993043,0.013713245011022954,0.09998042793106002
20,0.4433611329772401,84.97143087409479,28,-0.1796250629323,0.0137165460939051,0.09998547003352772
20,0.4433611329772401,84.97143087409479,29,-0.17962618352519777,0.013718134831329578,0.0999878502644822
20,0.4433611329772401,84.97143087409479,30,-0.1796267005064412,0.01371891516248246,0.09998897391801674
