particle,elasticity,weight,frame,x,y,z
1,0.6954097322971579,-35.205906693101944,1,-0.10791535246760132,-0.09332704061843904,0.09314408764890487
1,0.6954097322971579,-35.205906693101944,2,-0.19700908859313412,-0.33799048136692655,0.11558233389240227
1,0.6954097322971579,-35.205906693101944,3,-0.3064212865491346,-0.30212829212351283,0.11033877800114834
1,0.6954097322971579,-35.205906693101944,4,-0.3472421562164539,-0.2396521853418699,0.10876724231617357
1,0.6954097322971579,-35.205906693101944,5,-0.3245969168971937,-0.18730577502805348,0.12826830189526642
1,0.6954097322971579,-35.205906693101944,6,-0.30211202575187684,-0.13520201042656257,0.13399281602624633
1,0.6954097322971579,-35.205906693101944,7,-0.28137421109781624,-0.08550073232558122,0.1370602448601485
1,0.6954097322971579,-35.205906693101944,8,-0.2622745362919368,-0.03856854543558489,0.1383889230613768
1,0.6954097322971579,-35.205906693101944,9,-0.24475123724156495,0.005311356778124823,0.13889029665367963
1,0.6954097322971579,-35.205906693101944,10,-0.22870650785160498,0.04592875670780618,0.13918692926919896
1,0.6954097322971579,-35.205906693101944,11,-0.2140638685893888,0.08323190696417306,0.13939250042531548
1,0.6954097322971579,-35.205906693101944,12,-0.2007662149068076,0.11718809968408869,0.13958924186359947
1,0.6954097322971579,-35.205906693101944,13,-0.18878711991671893,0.14779969282399721,0.1397821348296075
1,0.6954097322971579,-35.205906693101944,14,-0.17564000663101065,0.17211555406027065,0.14025614699818534
1,0.6954097322971579,-35.205906693101944,15,-0.1627039611939734,0.19196766378364352,0.14020592483172692
1,0.6954097322971579,-35.205906693101944,16,-0.15129072512305788,0.20861755796457288,0.14050293017516927
1,0.6954097322971579,-35.205906693101944,17,-0.14120857461087077,0.2222258000716239,0.1402360945666036
1,0.6954097322971579,-35.205906693101944,18,-0.13235881784031395,0.23251725935350992,0.1403498161651196
1,0.6954097322971579,-35.205906693101944,19,-0.12441439991336861,0.23958398807813805,0.14013512420140709
1,0.6954097322971579,-35.205906693101944,20,-0.11689749570758862,0.24340286049161425,0.139372576770336
1,0.6954097322971579,-35.205906693101944,21,-0.10902547868451001,0.24404701173263538,0.1377966782025141
1,0.6954097322971579,-35.205906693101944,22,-0.09965033000933049,0.24199539377915977,0.1351192591852928
1,0.6954097322971579,-35.205906693101944,23,-0.08774535165089811,0.23873021474200373,0.1305391204788566
1,0.6954097322971579,-35.205906693101944,24,-0.07337360539666078,0.23480903560583397,0.1223337906236107
1,0.6954097322971579,-35.205906693101944,25,-0.057139108373069895,0.2304096205149188,0.10796060375485965
1,0.6954097322971579,-35.205906693101944,26,-0.042115038571134675,0.229904592608161,0.10442067755629915
1,0.6954097322971579,-35.205906693101944,27,-0.029735302033435464,0.2326642262748085,0.10698465234997084
1,0.6954097322971579,-35.205906693101944,28,-0.01892219627652319,0.23471965860771624,0.1025622669944653
1,0.6954097322971579,-35.205906693101944,29,-0.010665348790696739,0.2367790438933662,0.10101683396240432
1,0.6954097322971579,-35.205906693101944,30,-0.004765468054383072,0.23884210316209206,0.09931842028864711
2,0.6954097322971579,-35.20478957734585,1,-0.10791535246760132,-0.09332704061843904,0.09314408764890487
2,0.6954097322971579,-35.20478957734585,2,-0.19700908859313412,-0.33799048136692655,0.11558233389240227
2,0.6954097322971579,-35.20478957734585,3,-0.3064212865491346,-0.30212829212351283,0.11033877800114834
2,0.6954097322971579,-35.20478957734585,4,-0.3472421562164539,-0.2396521853418699,0.10876724231617357
2,0.6954097322971579,-35.20478957734585,5,-0.3245969168971937,-0.18730577502805348,0.12826830189526642
2,0.6954097322971579,-35.20478957734585,6,-0.30211202575187684,-0.13520201042656257,0.13399281602624633
2,0.6954097322971579,-35.20478957734585,7,-0.28137421109781624,-0.08550073232558122,0.1370602448601485
2,0.6954097322971579,-35.20478957734585,8,-0.2622745362919368,-0.03856854543558489,0.1383889230613768
2,0.6954097322971579,-35.20478957734585,9,-0.24475123724156495,0.005311356778124823,0.13889029665367963
2,0.6954097322971579,-35.20478957734585,10,-0.22870650785160498,0.04592875670780618,0.13918692926919896
2,0.6954097322971579,-35.20478957734585,11,-0.2140638685893888,0.08323190696417306,0.13939250042531548
2,0.6954097322971579,-35.20478957734585,12,-0.2007662149068076,0.11718809968408869,0.1395892418635995
2,0.6954097322971579,-35.20478957734585,13,-0.1887871199167189,0.14779969282399721,0.13978213482960752
2,0.6954097322971579,-35.20478957734585,14,-0.17564009369332795,0.17211565173132082,0.140256147753838
2,0.6954097322971579,-35.20478957734585,15,-0.16270417726909434,0.19196789961725985,0.14020592766990925
2,0.6954097322971579,-35.20478957734585,16,-0.15129107431110278,0.20861792451837707,0.1405029378502121
2,0.6954097322971579,-35.20478957734585,17,-0.14120907012667414,0.22222629340177424,0.14023611384389595
2,0.6954097322971579,-35.20478957734585,18,-0.13235949262105437,0.232517877121503,0.1403498675454962
2,0.6954097322971579,-35.20478957734585,19,-0.12441531281049413,0.23958472550377863,0.14013525184281952
2,0.6954097322971579,-35.20478957734585,20,-0.11689874767510641,0.24340369887779903,0.13937286602368673
2,0.6954097322971579,-35.20478957734585,21,-0.10902722624409625,0.24404788887270704,0.13779727090959248
2,0.6954097322971579,-35.20478957734585,22,-0.09965275195287669,0.2419961586615792,0.13512039799827405
2,0.6954097322971579,-35.20478957734585,23,-0.0877485744151119,0.23873072512428228,0.13054122349867
2,0.6954097322971579,-35.20478957734585,24,-0.07337748298791823,0.23480910090501905,0.12233770381366703
2,0.6954097322971579,-35.20478957734585,25,-0.05714342344768496,0.2304090613473836,0.1079673443898775
2,0.6954097322971579,-35.20478957734585,26,-0.04211909254391097,0.22990196562024226,0.10442442953689529
2,0.6954097322971579,-35.20478957734585,27,-0.0297388943819714,0.2326583623143643,0.10698134395376449
2,0.6954097322971579,-35.20478957734585,28,-0.0189254704795204,0.23470992198925048,0.10255321329545476
2,0.6954097322971579,-35.20478957734585,29,-0.010661469957380725,0.23677005251445354,0.1010117679684664
2,0.6954097322971579,-35.20478957734585,30,-0.004751744397076488,0.23883765262499554,0.09932106069448383
3,0.6954097322971579,-35.204407576401586,1,-0.10791535246760132,-0.09332704061843904,0.09314408764890487
3,0.6954097322971579,-35.204407576401586,2,-0.19700908859313412,-0.33799048136692655,0.11558233389240227
3,0.6954097322971579,-35.204407576401586,3,-0.3064212865491346,-0.30212829212351283,0.11033877800114834
3,0.6954097322971579,-35.204407576401586,4,-0.3472421562164539,-0.2396521853418699,0.10876724231617357
3,0.6954097322971579,-35.204407576401586,5,-0.3245969168971937,-0.18730577502805348,0.12826830189526642
3,0.6954097322971579,-35.204407576401586,6,-0.30211202575187684,-0.13520201042656257,0.13399281602624633
3,0.6954097322971579,-35.204407576401586,7,-0.28137421109781624,-0.08550073232558122,0.1370602448601485
3,0.6954097322971579,-35.204407576401586,8,-0.2622745362919368,-0.03856854543558489,0.1383889230613768
3,0.6954097322971579,-35.204407576401586,9,-0.24475123724156495,0.005311356778124823,0.13889029665367963
3,0.6954097322971579,-35.204407576401586,10,-0.22870650785160498,0.04592875670780618,0.13918692926919896
3,0.6954097322971579,-35.204407576401586,11,-0.2140638685893888,0.08323190696417306,0.13939250042531548
3,0.6954097322971579,-35.204407576401586,12,-0.2007662149068076,0.11718809968408869,0.1395892418635995
3,0.6954097322971579,-35.204407576401586,13,-0.1887871199167189,0.14779969282399721,0.13978213482960752
3,0.6954097322971579,-35.204407576401586,14,-0.17564011439371957,0.17211567288814408,0.14025614857883648
3,0.6954097322971579,-35.204407576401586,15,-0.16270422898429876,0.19196795181592086,0.14020592970231333
3,0.6954097322971579,-35.204407576401586,16,-0.1512911585977169,0.20861800736207486,0.1405029418870364
3,0.6954097322971579,-35.204407576401586,17,-0.14120919129018758,0.2222264071430138,0.1402361223775812
3,0.6954097322971579,-35.204407576401586,18,-0.1323596609969257,0.23251802248766995,0.1403498875348865
3,0.6954097322971579,-35.204407576401586,19,-0.12441554672199312,0.23958490244196115,0.14013529765284682
3,0.6954097322971579,-35.204407576401586,20,-0.11689907789335104,0.24340390320312982,0.13937296450027614
3,0.6954097322971579,-35.204407576401586,21,-0.10902769898038434,0.24404810330778834,0.1377974665298727
3,0.6954097322971579,-35.204407576401586,22,-0.09965341709397967,0.24199634213932306,0.13512076886890753
3,0.6954097322971579,-35.204407576401586,23,-0.08774947044485933,0.23873084460731714,0.13054190236167393
3,0.6954097322971579,-35.204407576401586,24,-0.0733785616364008,0.23480909981231354,0.12233896232492257
3,0.6954097322971579,-35.204407576401586,25,-0.057144614039369726,0.23040888521391517,0.10796950900638004
3,0.6954097322971579,-35.204407576401586,26,-0.042120181035777915,0.22990114840032844,0.10442563538589926
3,0.6954097322971579,-35.204407576401586,27,-0.029739824415723946,0.23265652470756557,0.10698028421337727
3,0.6954097322971579,-35.204407576401586,28,-0.01892628673115737,0.23470685862138402,0.10255030750280952
3,0.6954097322971579,-35.204407576401586,29,-0.010659983861432104,0.23676724017683703,0.10101014189636058
3,0.6954097322971579,-35.204407576401586,30,-0.004747094489232769,0.23883630444617077,0.09932191019932057
4,0.6954097322971579,-35.204233027563056,1,-0.10791535246760132,-0.09332704061843904,0.09314408764890487
4,0.6954097322971579,-35.204233027563056,2,-0.19700908859313412,-0.33799048136692655,0.11558233389240227
4,0.6954097322971579,-35.204233027563056,3,-0.3064212865491346,-0.30212829212351283,0.11033877800114834
4,0.6954097322971579,-35.204233027563056,4,-0.3472421562164539,-0.2396521853418699,0.10876724231617357
4,0.6954097322971579,-35.204233027563056,5,-0.3245969168971937,-0.18730577502805348,0.12826830189526642
4,0.6954097322971579,-35.204233027563056,6,-0.30211202575187684,-0.13520201042656257,0.13399281602624633
4,0.6954097322971579,-35.204233027563056,7,-0.28137421109781624,-0.08550073232558122,0.1370602448601485
4,0.6954097322971579,-35.204233027563056,8,-0.2622745362919368,-0.03856854543558489,0.1383889230613768
4,0.6954097322971579,-35.204233027563056,9,-0.24475123724156495,0.005311356778124823,0.13889029665367963
4,0.6954097322971579,-35.204233027563056,10,-0.22870650785160498,0.04592875670780618,0.13918692926919896
4,0.6954097322971579,-35.204233027563056,11,-0.2140638685893888,0.08323190696417306,0.13939250042531548
4,0.6954097322971579,-35.204233027563056,12,-0.2007662149068076,0.11718809968408869,0.1395892418635995
4,0.6954097322971579,-35.204233027563056,13,-0.1887871199167189,0.14779969282399721,0.13978213482960752
4,0.6954097322971579,-35.204233027563056,14,-0.17564012272796964,0.17211568088026463,0.14025614913031745
4,0.6954097322971579,-35.204233027563056,15,-0.16270424965205443,0.19196797200797103,0.14020593098988357
4,0.6954097322971579,-35.204233027563056,16,-0.15129119205698813,0.20861804010591617,0.1405029442691515
4,0.6954097322971579,-35.204233027563056,17,-0.1412092392872998,0.22222645297000332,0.14023612712925151
4,0.6954097322971579,-35.204233027563056,18,-0.13235972801051804,0.23251808215812556,0.1403498980431354
4,0.6954097322971579,-35.204233027563056,19,-0.12441564090244218,0.23958497638805867,0.14013532070845294
4,0.6954097322971579,-35.204233027563056,20,-0.11689921289455418,0.24340399008347657,0.13937301246414502
4,0.6954097322971579,-35.204233027563056,21,-0.10902789494402916,0.244048196006194,0.13779755976617586
4,0.6954097322971579,-35.204233027563056,22,-0.09965369483822656,0.24199642392673829,0.13512094376432845
4,0.6954097322971579,-35.204233027563056,23,-0.08774984714106206,0.23873090416601242,0.1305422203723263
4,0.6954097322971579,-35.204233027563056,24,-0.07337901419398296,0.2348091126757663,0.12233955018392524
4,0.6954097322971579,-35.204233027563056,25,-0.05714510910666513,0.23040882732415857,0.1079705189413125
4,0.6954097322971579,-35.204233027563056,26,-0.042120622716147776,0.2299008013754209,0.10442619834796935
4,0.6954097322971579,-35.204233027563056,27,-0.029740189551506303,0.23265570996440835,0.10697979079626659
4,0.6954097322971579,-35.204233027563056,28,-0.0189265955787024,0.23470547965676455,0.10254895255950426
4,0.6954097322971579,-35.204233027563056,29,-0.010659217486608264,0.23676598348594197,0.10100938362470367
4,0.6954097322971579,-35.204233027563056,30,-0.004744852086367519,0.23883573374542294,0.09932230691974597
5,0.6954097322971579,-35.203892303920135,1,-0.10791535246760132,-0.09332704061843904,0.09314408764890487
5,0.6954097322971579,-35.203892303920135,2,-0.19700908859313412,-0.33799048136692655,0.11558233389240227
5,0.6954097322971579,-35.203892303920135,3,-0.3064212865491346,-0.30212829212351283,0.11033877800114834
5,0.6954097322971579,-35.203892303920135,4,-0.3472421562164539,-0.2396521853418699,0.10876724231617357
5,0.6954097322971579,-35.203892303920135,5,-0.3245969168971937,-0.18730577502805348,0.12826830189526642
5,0.6954097322971579,-35.203892303920135,6,-0.30211202575187684,-0.13520201042656257,0.13399281602624633
5,0.6954097322971579,-35.203892303920135,7,-0.28137421109781624,-0.08550073232558122,0.1370602448601485
5,0.6954097322971579,-35.203892303920135,8,-0.2622745362919368,-0.03856854543558489,0.1383889230613768
5,0.6954097322971579,-35.203892303920135,9,-0.24475123724156495,0.005311356778124823,0.13889029665367963
5,0.6954097322971579,-35.203892303920135,10,-0.22870650785160498,0.04592875670780618,0.13918692926919896
5,0.6954097322971579,-35.203892303920135,11,-0.2140638685893888,0.08323190696417306,0.13939250042531548
5,0.6954097322971579,-35.203892303920135,12,-0.2007662149068076,0.11718809968408869,0.1395892418635995
5,0.6954097322971579,-35.203892303920135,13,-0.1887871199167189,0.14779969282399721,0.13978213482960752
5,0.6954097322971579,-35.203892303920135,14,-0.17564013362269484,0.17211568985665351,0.14025614992042382
5,0.6954097322971579,-35.203892303920135,15,-0.16270427813769608,0.19196799459829522,0.1402059327719168
5,0.6954097322971579,-35.203892303920135,16,-0.15129124073727654,0.20861807668824425,0.14050294758086662
5,0.6954097322971579,-35.203892303920135,17,-0.14120931258590766,0.22222650423861495,0.14023613387634692
5,0.6954097322971579,-35.203892303920135,18,-0.1323598348428594,0.23251814908143684,0.14034991350404277
5,0.6954097322971579,-35.203892303920135,19,-0.12441579602036586,0.2395850591991816,0.14013535574840105
5,0.6954097322971579,-35.203892303920135,20,-0.11689944023592368,0.2434040857217339,0.13937308742864365
5,0.6954097322971579,-35.203892303920135,21,-0.10902822966657943,0.2440482913341277,0.13779770863957044
5,0.6954097322971579,-35.203892303920135,22,-0.09965417410462711,0.24199648844983265,0.13512122667403587
5,0.6954097322971579,-35.203892303920135,23,-0.0877505004325493,0.23873091428941287,0.130542738386926
5,0.6954097322971579,-35.203892303920135,24,-0.0733798049770739,0.23480902399687528,0.1223405106991777
5,0.6954097322971579,-35.203892303920135,25,-0.05714598370463193,0.23040859727800495,0.10797217116439024
5,0.6954097322971579,-35.203892303920135,26,-0.04212141642634087,0.22990007440878368,0.10442711871020645
5,0.6954097322971579,-35.203892303920135,27,-0.029740858169316726,0.2326541976121773,0.10697898159494174
5,0.6954097322971579,-35.203892303920135,28,-0.018927173608694788,0.2347030261949696,0.10254673365177004
5,0.6954097322971579,-35.203892303920135,29,-0.01065803468882473,0.2367637177176971,0.10100814190442152
5,0.6954097322971579,-35.203892303920135,30,-0.004741250778438225,0.23883458291752072,0.09932295592446119
6,0.6954097322971579,-35.169891682947295,1,-0.10791535246760132,-0.09332704061843904,0.09314408764890487
6,0.6954097322971579,-35.169891682947295,2,-0.19700908859313412,-0.33799048136692655,0.11558233389240227
6,0.6954097322971579,-35.169891682947295,3,-0.3064212865491346,-0.30212829212351283,0.11033877800114834
6,0.6954097322971579,-35.169891682947295,4,-0.3472421562164539,-0.2396521853418699,0.10876724231617357
6,0.6954097322971579,-35.169891682947295,5,-0.3245969168971937,-0.18730577502805348,0.12826830189526642
6,0.6954097322971579,-35.169891682947295,6,-0.30211202575187684,-0.13520201042656257,0.13399281602624633
6,0.6954097322971579,-35.169891682947295,7,-0.28137421109781624,-0.08550073232558122,0.1370602448601485
6,0.6954097322971579,-35.169891682947295,8,-0.2622745362919368,-0.03856854543558489,0.1383889230613768
6,0.6954097322971579,-35.169891682947295,9,-0.24475123724156495,0.005311356778124823,0.13889029665367963
6,0.6954097322971579,-35.169891682947295,10,-0.22870650785160498,0.04592875670780618,0.13918692926919896
6,0.6954097322971579,-35.169891682947295,11,-0.2140638685893888,0.08323190696417306,0.13939250042531548
6,0.6954097322971579,-35.169891682947295,12,-0.2007662149068076,0.11718809968408869,0.1395892418635995
6,0.6954097322971579,-35.169891682947295,13,-0.1887871199167189,0.14779969282399721,0.13978213482960752
6,0.6954097322971579,-35.169891682947295,14,-0.17564017712948796,0.17211573428676463,0.14025615130002886
6,0.6954097322971579,-35.169891682947295,15,-0.1627043880785038,0.19196810323884142,0.1402059362531862
6,0.6954097322971579,-35.169891682947295,16,-0.15129142201358237,0.20861824772007123,0.14050295481551356
6,0.6954097322971579,-35.169891682947295,17,-0.14120957563466016,0.22222673741008517,0.14023614976460916
6,0.6954097322971579,-35.169891682947295,18,-0.1323602028247586,0.23251844505375335,0.14034995216343946
6,0.6954097322971579,-35.169891682947295,19,-0.1244163087358224,0.23958541681773526,0.14013544684063653
6,0.6954097322971579,-35.169891682947295,20,-0.11690016406247854,0.2434044947070213,0.1393732872998403
6,0.6954097322971579,-35.169891682947295,21,-0.10902926474412616,0.24404871314544577,0.1377981111320099
6,0.6954097322971579,-35.169891682947295,22,-0.09965563050997028,0.24199683146213868,0.13512199519657736
6,0.6954097322971579,-35.169891682947295,23,-0.08775246076668414,0.23873109958743896,0.13054415087396526
6,0.6954097322971579,-35.169891682947295,24,-0.07338217041513634,0.23480892747549503,0.12234313379475417
6,0.6954097322971579,-35.169891682947295,25,-0.05714860801068929,0.2304081009874163,0.1079766861482562
6,0.6954097322971579,-35.169891682947295,26,-0.042123871264661036,0.2298982007499228,0.1044296523993121
6,0.6954097322971579,-35.169891682947295,27,-0.02974303525480911,0.23265015718270768,0.10697680106856323
6,0.6954097322971579,-35.169891682947295,28,-0.01892916391802727,0.23469640092694638,0.10254068088237547
6,0.6954097322971579,-35.169891682947295,29,-0.011759657334269697,0.23583649461957232,0.10046961487309748
6,0.6954097322971579,-35.169891682947295,30,-0.007817602376352302,0.23602014193764298,0.09991486276882906
7,0.5157299641592867,-32.52925665067643,1,-0.10798149003730823,-0.09387571229601972,0.09092062499876241
7,0.5157299641592867,-32.52925665067643,2,-0.19687090559844753,-0.3405314737934952,0.10584755943472109
7,0.5157299641592867,-32.52925665067643,3,-0.3020436993746664,-0.3196273177757998,0.10537570240392277
7,0.5157299641592867,-32.52925665067643,4,-0.3404391403811504,-0.2789053619071338,0.09990046109496652
7,0.5157299641592867,-32.52925665067643,5,-0.2953455481559012,-0.2552821869779366,0.09807783578437307
7,0.5157299641592867,-32.52925665067643,6,-0.25321664108651204,-0.23365641645909077,0.09732866149967263
7,0.5157299641592867,-32.52925665067643,7,-0.21397617753719772,-0.21391730740668258,0.09690605304614566
7,0.5157299641592867,-32.52925665067643,8,-0.17765196407477524,-0.19605263064979336,0.0966641388932394
7,0.5157299641592867,-32.52925665067643,9,-0.14434256353391037,-0.18035524331023284,0.09720990603892318
7,0.5157299641592867,-32.52925665067643,10,-0.11382103001776872,-0.1664121047577307,0.09672499360041571
7,0.5157299641592867,-32.52925665067643,11,-0.08667521155726726,-0.15424415545892747,0.0974695706460949
7,0.5157299641592867,-32.52925665067643,12,-0.06223508100285971,-0.14346645617383547,0.0966532946327955
7,0.5157299641592867,-32.52925665067643,13,-0.04119700554188254,-0.13439606977080237,0.09750246319941491
7,0.5157299641592867,-32.52925665067643,14,-0.023113421604028322,-0.12669093142011867,0.09762386023714795
7,0.5157299641592867,-32.52925665067643,15,-0.008201219929455926,-0.12048663519696835,0.09815981181945689
7,0.5157299641592867,-32.52925665067643,16,0.0038166014276686143,-0.11569300856503902,0.0979795845267089
7,0.5157299641592867,-32.52925665067643,17,0.012496312206554372,-0.11224430856262975,0.09845551765637915
7,0.5157299641592867,-32.52925665067643,18,0.018070983843456137,-0.110252438921899,0.09888683166931041
7,0.5157299641592867,-32.52925665067643,19,0.020292169770749883,-0.109331312402425,0.09946907344793782
7,0.5157299641592867,-32.52925665067643,20,0.020410268167697133,-0.10927340212769246,0.09958935943517908
7,0.5157299641592867,-32.52925665067643,21,0.02040237083638051,-0.10920096184368172,0.09980089173529129
7,0.5157299641592867,-32.52925665067643,22,0.020398483053792264,-0.10916699484811516,0.09990074776782026
7,0.5157299641592867,-32.52925665067643,23,0.02039646319528816,-0.10915112158484107,0.09994789065585687
7,0.5157299641592867,-32.52925665067643,24,0.02039532203298645,-0.10914375307907627,0.09997014765410564
7,0.5157299641592867,-32.52925665067643,25,0.020394597528513695,-0.10914037978950238,0.09998065581654737
7,0.5157299641592867,-32.52925665067643,26,0.02039439673364952,-0.10913904222314708,0.09998559356539713
7,0.5157299641592867,-32.52925665067643,27,0.02039598118271375,-0.10913938782807324,0.09998784118795484
7,0.5157299641592867,-32.52925665067643,28,0.020396709637378784,-0.1091395448784327,0.09998890260411473
7,0.5157299641592867,-32.52925665067643,29,0.020397135552208623,-0.10913958126329738,0.09998928451955276
7,0.5157299641592867,-32.52925665067643,30,0.020397292449534712,-0.10913956200187616,0.09998944002760676
8,0.6954097322971579,-35.203582213257384,1,-0.10791535246760132,-0.09332704061843904,0.09314408764890487
8,0.6954097322971579,-35.203582213257384,2,-0.19700908859313412,-0.33799048136692655,0.11558233389240227
8,0.6954097322971579,-35.203582213257384,3,-0.3064212865491346,-0.30212829212351283,0.11033877800114834
8,0.6954097322971579,-35.203582213257384,4,-0.3472421562164539,-0.2396521853418699,0.10876724231617357
8,0.6954097322971579,-35.203582213257384,5,-0.3245969168971937,-0.18730577502805348,0.12826830189526642
8,0.6954097322971579,-35.203582213257384,6,-0.30211202575187684,-0.13520201042656257,0.13399281602624633
8,0.6954097322971579,-35.203582213257384,7,-0.28137421109781624,-0.08550073232558122,0.1370602448601485
8,0.6954097322971579,-35.203582213257384,8,-0.2622745362919368,-0.03856854543558489,0.1383889230613768
8,0.6954097322971579,-35.203582213257384,9,-0.24475123724156495,0.005311356778124823,0.13889029665367963
8,0.6954097322971579,-35.203582213257384,10,-0.22870650785160498,0.04592875670780618,0.13918692926919896
8,0.6954097322971579,-35.203582213257384,11,-0.2140638685893888,0.08323190696417306,0.13939250042531548
8,0.6954097322971579,-35.203582213257384,12,-0.2007662149068076,0.11718809968408869,0.1395892418635995
8,0.6954097322971579,-35.203582213257384,13,-0.1887871199167189,0.14779969282399721,0.13978213482960752
8,0.6954097322971579,-35.203582213257384,14,-0.1756401132401038,0.17211565771486687,0.14025615142583653
8,0.6954097322971579,-35.203582213257384,15,-0.16270423223727928,0.19196791891630993,0.1402059355525816
8,0.6954097322971579,-35.203582213257384,16,-0.15129117501308645,0.20861796224886248,0.14050295149789685
8,0.6954097322971579,-35.203582213257384,17,-0.14120923230881086,0.22222635478182254,0.14023614004339024
8,0.6954097322971579,-35.203582213257384,18,-0.13235974621201885,0.2325179681195532,0.14034992423784268
8,0.6954097322971579,-35.203582213257384,19,-0.12441570615129711,0.23958484953838693,0.14013537498416712
8,0.6954097322971579,-35.203582213257384,20,-0.11689935729406523,0.24340384893487402,0.13937312152431724
8,0.6954097322971579,-35.203582213257384,21,-0.10902816114976897,0.2440480261156522,0.13779776893571094
8,0.6954097322971579,-35.203582213257384,22,-0.09965412133987914,0.2419961955690429,0.13512133727282527
8,0.6954097322971579,-35.203582213257384,23,-0.08775047184180026,0.2387306061478564,0.13054293404788092
8,0.6954097322971579,-35.203582213257384,24,-0.07337978615041751,0.23480868622748832,0.12234086837238807
8,0.6954097322971579,-35.203582213257384,25,-0.05714595452034982,0.23040821499504588,0.1079727828205915
8,0.6954097322971579,-35.203582213257384,26,-0.04212132483336352,0.22989951341088288,0.10442746043114123
8,0.6954097322971579,-35.203582213257384,27,-0.029740694388351856,0.23265334971786164,0.10697868437071273
8,0.6954097322971579,-35.203582213257384,28,-0.018926950170140348,0.23470183568605257,0.10254591140665646
8,0.6954097322971579,-35.203582213257384,29,-0.010657142160252374,0.2367626009424742,0.101007681204061
8,0.6954097322971579,-35.203582213257384,30,-0.0047394508533891025,0.23883388227309268,0.09932319790343087
9,0.4802352042713762,-23.067815020760488,1,-0.1079947510999598,-0.09398201970482806,0.09048979426691381
9,0.4802352042713762,-23.067815020760488,2,-0.1968491496600506,-0.3410321035696715,0.1039332052832299
9,0.4802352042713762,-23.067815020760488,3,-0.3011323247474539,-0.3231838423707048,0.10411652066500546
9,0.4802352042713762,-23.067815020760488,4,-0.34038967835215794,-0.2827567938844797,0.10010819200821944
9,0.4802352042713762,-23.067815020760488,5,-0.2985482419461962,-0.255472684650302,0.09816239198091001
9,0.4802352042713762,-23.067815020760488,6,-0.2594542561804065,-0.23050678562807672,0.0973766695402825
9,0.4802352042713762,-23.067815020760488,7,-0.22314652325448842,-0.20762481912776184,0.09696513998679167
9,0.4802352042713762,-23.067815020760488,8,-0.18955764246059828,-0.1870754238711321,0.09725578384506443
9,0.4802352042713762,-23.067815020760488,9,-0.15845502001424994,-0.168713586431536,0.09688743147742217
9,0.4802352042713762,-23.067815020760488,10,-0.13013711216867718,-0.1524937772908462,0.09654527015123761
9,0.4802352042713762,-23.067815020760488,11,-0.10485364191661813,-0.1383279756352551,0.0969203161582503
9,0.4802352042713762,-23.067815020760488,12,-0.08237394579286422,-0.12603233703182942,0.09717329464924136
9,0.4802352042713762,-23.067815020760488,13,-0.06284579298925926,-0.11557223921334928,0.09762626623636055
9,0.4802352042713762,-23.067815020760488,14,-0.04619738648396665,-0.10677049478823537,0.09782881048885761
9,0.4802352042713762,-23.067815020760488,15,-0.032489093429282585,-0.09965184545403058,0.09805749718434531
9,0.4802352042713762,-23.067815020760488,16,-0.021696631206674345,-0.09423498212225419,0.09821941969346677
9,0.4802352042713762,-23.067815020760488,17,-0.0140473792357789,-0.09036706589565063,0.09869637409933273
9,0.4802352042713762,-23.067815020760488,18,-0.009427840676101073,-0.08803434461047177,0.09901425448912002
9,0.4802352042713762,-23.067815020760488,19,-0.007862186769139103,-0.08732720081385016,0.09952918484834324
9,0.4802352042713762,-23.067815020760488,20,-0.007907923695876288,-0.08734250717160083,0.09977241760498132
9,0.4802352042713762,-23.067815020760488,21,-0.007934784362347362,-0.08735652022841933,0.09988726953706062
9,0.4802352042713762,-23.067815020760488,22,-0.007935212878032063,-0.08734498804010896,0.0999415537717537
9,0.4802352042713762,-23.067815020760488,23,-0.00793541438993477,-0.08733960473533929,0.09996718337751472
9,0.4802352042713762,-23.067815020760488,24,-0.00793551003625123,-0.08733708872418025,0.0999792842548725
9,0.4802352042713762,-23.067815020760488,25,-0.007935555902873564,-0.08733591361178569,0.0999849976458961
9,0.4802352042713762,-23.067815020760488,26,-0.007936607665344165,-0.08733672712773526,0.09998749683950599
9,0.4802352042713762,-23.067815020760488,27,-0.007937246994835634,-0.08733737663862313,0.09998866677944764
9,0.4802352042713762,-23.067815020760488,28,-0.007937368028576518,-0.08733759067464777,0.0999890369050597
9,0.4802352042713762,-23.067815020760488,29,-0.007937331561789914,-0.08733763485693345,0.0999891234902541
9,0.4802352042713762,-23.067815020760488,30,-0.007937308152447852,-0.0873376441874892,0.09998915832208018
10,0.6954097322971579,-35.17009924989516,1,-0.10791535246760132,-0.09332704061843904,0.09314408764890487
10,0.6954097322971579,-35.17009924989516,2,-0.19700908859313412,-0.33799048136692655,0.11558233389240227
10,0.6954097322971579,-35.17009924989516,3,-0.3064212865491346,-0.30212829212351283,0.11033877800114834
10,0.6954097322971579,-35.17009924989516,4,-0.3472421562164539,-0.2396521853418699,0.10876724231617357
10,0.6954097322971579,-35.17009924989516,5,-0.3245969168971937,-0.18730577502805348,0.12826830189526642
10,0.6954097322971579,-35.17009924989516,6,-0.30211202575187684,-0.13520201042656257,0.13399281602624633
10,0.6954097322971579,-35.17009924989516,7,-0.28137421109781624,-0.08550073232558122,0.1370602448601485
10,0.6954097322971579,-35.17009924989516,8,-0.2622745362919368,-0.03856854543558489,0.1383889230613768
10,0.6954097322971579,-35.17009924989516,9,-0.24475123724156495,0.005311356778124823,0.13889029665367963
10,0.6954097322971579,-35.17009924989516,10,-0.22870650785160498,0.04592875670780618,0.13918692926919896
10,0.6954097322971579,-35.17009924989516,11,-0.2140638685893888,0.08323190696417306,0.13939250042531548
10,0.6954097322971579,-35.17009924989516,12,-0.2007662149068076,0.11718809968408869,0.1395892418635995
10,0.6954097322971579,-35.17009924989516,13,-0.1887871199167189,0.14779969282399721,0.13978213482960752
10,0.6954097322971579,-35.17009924989516,14,-0.17564015281164103,0.17211570497144058,0.14025615166398966
10,0.6954097322971579,-35.17009924989516,15,-0.16270432778570637,0.19196803352554184,0.1402059367066506
10,0.6954097322971579,-35.17009924989516,16,-0.1512913247769318,0.20861814100856602,0.1405029547008715
10,0.6954097322971579,-35.17009924989516,17,-0.141209438449061,0.22222659593013996,0.14023614796840161
10,0.6954097322971579,-35.17009924989516,18,-0.13236001824119,0.23251827067535535,0.1403499447366201
10,0.6954097322971579,-35.17009924989516,19,-0.12441606355728524,0.23958521196153523,0.14013542466612774
10,0.6954097322971579,-35.17009924989516,20,-0.1168998351977963,0.2434042650990567,0.13937323183536623
10,0.6954097322971579,-35.17009924989516,21,-0.10902881508337803,0.24404847459574827,0.13779799137920426
10,0.6954097322971579,-35.17009924989516,22,-0.0996550149259529,0.24199662309963527,0.1351217600585958
10,0.6954097322971579,-35.17009924989516,23,-0.08775165029027444,0.2387309638229411,0.1305437107395823
10,0.6954097322971579,-35.17009924989516,24,-0.07338119428140247,0.234808909454393,0.12234231023826443
10,0.6954097322971579,-35.17009924989516,25,-0.0571475111404622,0.23040824193504422,0.10797526426958108
10,0.6954097322971579,-35.17009924989516,26,-0.04212278188389205,0.22989881070218005,0.10442884244285316
10,0.6954097322971579,-35.17009924989516,27,-0.029741985417721616,0.232651481973808,0.10697746881940694
10,0.6954097322971579,-35.17009924989516,28,-0.018928125909657922,0.23469856540099573,0.10254258147231951
10,0.6954097322971579,-35.17009924989516,29,-0.011758042271917245,0.23583905118906623,0.10047044812610341
10,0.6954097322971579,-35.17009924989516,30,-0.007815077010857251,0.23602203116230194,0.09991568967669162
11,0.6954097322971579,-35.170091726073245,1,-0.10791535246760132,-0.09332704061843904,0.09314408764890487
11,0.6954097322971579,-35.170091726073245,2,-0.19700908859313412,-0.33799048136692655,0.11558233389240227
11,0.6954097322971579,-35.170091726073245,3,-0.3064212865491346,-0.30212829212351283,0.11033877800114834
11,0.6954097322971579,-35.170091726073245,4,-0.3472421562164539,-0.2396521853418699,0.10876724231617357
11,0.6954097322971579,-35.170091726073245,5,-0.3245969168971937,-0.18730577502805348,0.12826830189526642
11,0.6954097322971579,-35.170091726073245,6,-0.30211202575187684,-0.13520201042656257,0.13399281602624633
11,0.6954097322971579,-35.170091726073245,7,-0.28137421109781624,-0.08550073232558122,0.1370602448601485
11,0.6954097322971579,-35.170091726073245,8,-0.2622745362919368,-0.03856854543558489,0.1383889230613768
11,0.6954097322971579,-35.170091726073245,9,-0.24475123724156495,0.005311356778124823,0.13889029665367963
11,0.6954097322971579,-35.170091726073245,10,-0.22870650785160498,0.04592875670780618,0.13918692926919896
11,0.6954097322971579,-35.170091726073245,11,-0.2140638685893888,0.08323190696417306,0.13939250042531548
11,0.6954097322971579,-35.170091726073245,12,-0.2007662149068076,0.11718809968408869,0.1395892418635995
11,0.6954097322971579,-35.170091726073245,13,-0.1887871199167189,0.14779969282399721,0.13978213482960752
11,0.6954097322971579,-35.170091726073245,14,-0.17564016043286598,0.17211571459868014,0.14025615176218043
11,0.6954097322971579,-35.170091726073245,15,-0.16270434538070674,0.19196805717502782,0.14020593706634155
11,0.6954097322971579,-35.170091726073245,16,-0.15129135092035056,0.2086181783104928,0.14050295551994746
11,0.6954097322971579,-35.170091726073245,17,-0.1412094724743315,0.22222664671768622,0.14023614974869913
11,0.6954097322971579,-35.170091726073245,18,-0.13236006055144633,0.23251833495987959,0.14034994879167803
11,0.6954097322971579,-35.170091726073245,19,-0.12441611613170293,0.2395852897967878,0.14013543358658026
11,0.6954097322971579,-35.170091726073245,20,-0.11689990220990093,0.24340435610736497,0.1393732501692735
11,0.6954097322971579,-35.170091726073245,21,-0.10902890335273432,0.2440485765369947,0.13779802628467805
11,0.6954097322971579,-35.170091726073245,22,-0.09965513193796142,0.24199673002566296,0.13512182411420398
11,0.6954097322971579,-35.170091726073245,23,-0.08775180184939782,0.23873107158475135,0.13054382618235752
11,0.6954097322971579,-35.170091726073245,24,-0.07338137152928755,0.23480901124818376,0.12234252274244384
11,0.6954097322971579,-35.170091726073245,25,-0.05714770160594296,0.23040833064865898,0.10797562873128475
11,0.6954097322971579,-35.170091726073245,26,-0.04212295390308228,0.2298988069479675,0.1044290458128116
11,0.6954097322971579,-35.170091726073245,27,-0.02974213308185307,0.23265131952432802,0.10697729150053158
11,0.6954097322971579,-35.170091726073245,28,-0.018928255810844404,0.23469820802161598,0.10254209377094137
11,0.6954097322971579,-35.170091726073245,29,-0.011758301820870325,0.2358386047154088,0.1004702346931028
11,0.6954097322971579,-35.170091726073245,30,-0.007815553938674629,0.236021766209622,0.09991547810353767
12,0.6954097322971579,-35.169925629497094,1,-0.10791535246760132,-0.09332704061843904,0.09314408764890487
12,0.6954097322971579,-35.169925629497094,2,-0.19700908859313412,-0.33799048136692655,0.11558233389240227
12,0.6954097322971579,-35.169925629497094,3,-0.3064212865491346,-0.30212829212351283,0.11033877800114834
12,0.6954097322971579,-35.169925629497094,4,-0.3472421562164539,-0.2396521853418699,0.10876724231617357
12,0.6954097322971579,-35.169925629497094,5,-0.3245969168971937,-0.18730577502805348,0.12826830189526642
12,0.6954097322971579,-35.169925629497094,6,-0.30211202575187684,-0.13520201042656257,0.13399281602624633
12,0.6954097322971579,-35.169925629497094,7,-0.28137421109781624,-0.08550073232558122,0.1370602448601485
12,0.6954097322971579,-35.169925629497094,8,-0.2622745362919368,-0.03856854543558489,0.1383889230613768
12,0.6954097322971579,-35.169925629497094,9,-0.24475123724156495,0.005311356778124823,0.13889029665367963
12,0.6954097322971579,-35.169925629497094,10,-0.22870650785160498,0.04592875670780618,0.13918692926919896
12,0.6954097322971579,-35.169925629497094,11,-0.2140638685893888,0.08323190696417306,0.13939250042531548
12,0.6954097322971579,-35.169925629497094,12,-0.2007662149068076,0.11718809968408869,0.1395892418635995
12,0.6954097322971579,-35.169925629497094,13,-0.1887871199167189,0.14779969282399721,0.13978213482960752
12,0.6954097322971579,-35.169925629497094,14,-0.1756401832008431,0.1721157417482635,0.14025615199031907
12,0.6954097322971579,-35.169925629497094,15,-0.16270440017918675,0.19196812323950854,0.14020593793138567
12,0.6954097322971579,-35.169925629497094,16,-0.15129143651457685,0.2086182816768725,0.14050295768585774
12,0.6954097322971579,-35.169925629497094,17,-0.14120958995992078,0.2222267865606483,0.1402361548581882
12,0.6954097322971579,-35.169925629497094,18,-0.13236021532770384,0.23251851092260192,0.14034996156533308
12,0.6954097322971579,-35.169925629497094,19,-0.12441631947197354,0.2395855012168582,0.1401354638940055
12,0.6954097322971579,-35.169925629497094,20,-0.11690017446830905,0.24340459970310577,0.13937331650709633
12,0.6954097322971579,-35.169925629497094,21,-0.10902927656759835,0.2440488401742436,0.13779815886856064
12,0.6954097322971579,-35.169925629497094,22,-0.09965564237913987,0.24199698355058813,0.13512207501632986
12,0.6954097322971579,-35.169925629497094,23,-0.08775247580768737,0.23873128831215315,0.13054428588539796
12,0.6954097322971579,-35.169925629497094,24,-0.07338217607731608,0.2348091541308302,0.12234337517162291
12,0.6954097322971579,-35.169925629497094,25,-0.057148588541309095,0.23040836393692568,0.10797709509635019
12,0.6954097322971579,-35.169925629497094,26,-0.042123778900545104,0.22989841492098495,0.10442986269621277
12,0.6954097322971579,-35.169925629497094,27,-0.029742858655268295,0.23265024393879177,0.10697657378563519
12,0.6954097322971579,-35.169925629497094,28,-0.01892891156812664,0.23469630808346326,0.10254012648199282
12,0.6954097322971579,-35.169925629497094,29,-0.011759484044780544,0.23583632093303383,0.1004693740026677
12,0.6954097322971579,-35.169925629497094,30,-0.00781761676122084,0.23602019920895073,0.09991462495061847
13,0.6954097322971579,-35.169632281761054,1,-0.10791535246760132,-0.09332704061843904,0.09314408764890487
13,0.6954097322971579,-35.169632281761054,2,-0.19700908859313412,-0.33799048136692655,0.11558233389240227
13,0.6954097322971579,-35.169632281761054,3,-0.3064212865491346,-0.30212829212351283,0.11033877800114834
13,0.6954097322971579,-35.169632281761054,4,-0.3472421562164539,-0.2396521853418699,0.10876724231617357
13,0.6954097322971579,-35.169632281761054,5,-0.3245969168971937,-0.18730577502805348,0.12826830189526642
13,0.6954097322971579,-35.169632281761054,6,-0.30211202575187684,-0.13520201042656257,0.13399281602624633
13,0.6954097322971579,-35.169632281761054,7,-0.28137421109781624,-0.08550073232558122,0.1370602448601485
13,0.6954097322971579,-35.169632281761054,8,-0.2622745362919368,-0.03856854543558489,0.1383889230613768
13,0.6954097322971579,-35.169632281761054,9,-0.24475123724156495,0.005311356778124823,0.13889029665367963
13,0.6954097322971579,-35.169632281761054,10,-0.22870650785160498,0.04592875670780618,0.13918692926919896
13,0.6954097322971579,-35.169632281761054,11,-0.2140638685893888,0.08323190696417306,0.13939250042531548
13,0.6954097322971579,-35.169632281761054,12,-0.2007662149068076,0.11718809968408869,0.1395892418635995
13,0.6954097322971579,-35.169632281761054,13,-0.1887871199167189,0.14779969282399721,0.13978213482960752
13,0.6954097322971579,-35.169632281761054,14,-0.17564021208321773,0.1721157748987685,0.14025615236760397
13,0.6954097322971579,-35.169632281761054,15,-0.16270447072571306,0.19196820381909835,0.1402059391791979
13,0.6954097322971579,-35.169632281761054,16,-0.15129154857163146,0.20861840767369436,0.1405029607014131
13,0.6954097322971579,-35.169632281761054,17,-0.14120974645388343,0.22222695700461748,0.14023616194032712
13,0.6954097322971579,-35.169632281761054,18,-0.13236042534785514,0.23251872542521396,0.1403499794042589
13,0.6954097322971579,-35.169632281761054,19,-0.12441660036868943,0.2395857587797312,0.1401355065909788
13,0.6954097322971579,-35.169632281761054,20,-0.1169005566052441,0.24340489529063455,0.13937341076481652
13,0.6954097322971579,-35.169632281761054,21,-0.1090298071138367,0.24404915563745394,0.13779834867736504
13,0.6954097322971579,-35.169632281761054,22,-0.09965637451983302,0.24199727448929315,0.13512243622375456
13,0.6954097322971579,-35.169632281761054,23,-0.08775344819952062,0.23873151497876705,0.13054494936871758
13,0.6954097322971579,-35.169632281761054,24,-0.0733833418378521,0.23480926036008465,0.12234460687064476
13,0.6954097322971579,-35.169632281761054,25,-0.05714987853061993,0.23040829607454796,0.107979214882741
13,0.6954097322971579,-35.169632281761054,26,-0.04212498033189693,0.2298977173938594,0.1044310432905982
13,0.6954097322971579,-35.169632281761054,27,-0.02974391391586767,0.23264854564211396,0.10697553520277746
13,0.6954097322971579,-35.169632281761054,28,-0.01892986428908735,0.23469340703047656,0.10253728099685638
13,0.6954097322971579,-35.169632281761054,29,-0.011761197262887116,0.23583285818125485,0.10046812923152519
13,0.6954097322971579,-35.169632281761054,30,-0.007820603121851512,0.2360177677556453,0.09991339100877443
14,0.6954097322971579,-35.169320488282814,1,-0.10791535246760132,-0.09332704061843904,0.09314408764890487
14,0.6954097322971579,-35.169320488282814,2,-0.19700908859313412,-0.33799048136692655,0.11558233389240227
14,0.6954097322971579,-35.169320488282814,3,-0.3064212865491346,-0.30212829212351283,0.11033877800114834
14,0.6954097322971579,-35.169320488282814,4,-0.3472421562164539,-0.2396521853418699,0.10876724231617357
14,0.6954097322971579,-35.169320488282814,5,-0.3245969168971937,-0.18730577502805348,0.12826830189526642
14,0.6954097322971579,-35.169320488282814,6,-0.30211202575187684,-0.13520201042656257,0.13399281602624633
14,0.6954097322971579,-35.169320488282814,7,-0.28137421109781624,-0.08550073232558122,0.1370602448601485
14,0.6954097322971579,-35.169320488282814,8,-0.2622745362919368,-0.03856854543558489,0.1383889230613768
14,0.6954097322971579,-35.169320488282814,9,-0.24475123724156495,0.005311356778124823,0.13889029665367963
14,0.6954097322971579,-35.169320488282814,10,-0.22870650785160498,0.04592875670780618,0.13918692926919896
14,0.6954097322971579,-35.169320488282814,11,-0.2140638685893888,0.08323190696417306,0.13939250042531548
14,0.6954097322971579,-35.169320488282814,12,-0.2007662149068076,0.11718809968408869,0.1395892418635995
14,0.6954097322971579,-35.169320488282814,13,-0.1887871199167189,0.14779969282399721,0.13978213482960752
14,0.6954097322971579,-35.169320488282814,14,-0.17564023925229288,0.17211580562345732,0.14025615278585565
14,0.6954097322971579,-35.169320488282814,15,-0.16270453748450892,0.19196827852683032,0.14020594047504362
14,0.6954097322971579,-35.169320488282814,16,-0.1512916553277031,0.20861852454611085,0.14050296374709895
14,0.6954097322971579,-35.169320488282814,17,-0.14120989659012798,0.22222711521208804,0.1402361690233138
14,0.6954097322971579,-35.169320488282814,18,-0.13236062837845733,0.23251892468595947,0.14034999718671645
14,0.6954097322971579,-35.169320488282814,19,-0.12441687397865883,0.23958599814602624,0.1401355491270789
14,0.6954097322971579,-35.169320488282814,20,-0.11690093141126642,0.2434051697080574,0.139373504720369
14,0.6954097322971579,-35.169320488282814,21,-0.10903033041195136,0.24404944686893082,0.13779853809446732
14,0.6954097322971579,-35.169320488282814,22,-0.09965709944733175,0.24199753816863823,0.13512279713261732
14,0.6954097322971579,-35.169320488282814,23,-0.08775441355508236,0.23873171147569094,0.1305456125894137
14,0.6954097322971579,-35.169320488282814,24,-0.07338450093410719,0.23480933284117514,0.12234583832871455
14,0.6954097322971579,-35.169320488282814,25,-0.057151162375717414,0.23040819036763124,0.10798133444582296
14,0.6954097322971579,-35.169320488282814,26,-0.04212617520817289,0.22989697813620624,0.10443222371327053
14,0.6954097322971579,-35.169320488282814,27,-0.02974496140137997,0.23264680232121068,0.10697449650482291
14,0.6954097322971579,-35.169320488282814,28,-0.018930808199069532,0.2346904581148962,0.10253443535628014
14,0.6954097322971579,-35.169320488282814,29,-0.011762900810179269,0.23582934597079178,0.10046688447981425
14,0.6954097322971579,-35.169320488282814,30,-0.007823578934842064,0.23601528398717908,0.09991215704107273
15,0.6954097322971579,-35.16931488305198,1,-0.10791535246760132,-0.09332704061843904,0.09314408764890487
15,0.6954097322971579,-35.16931488305198,2,-0.19700908859313412,-0.33799048136692655,0.11558233389240227
15,0.6954097322971579,-35.16931488305198,3,-0.3064212865491346,-0.30212829212351283,0.11033877800114834
15,0.6954097322971579,-35.16931488305198,4,-0.3472421562164539,-0.2396521853418699,0.10876724231617357
15,0.6954097322971579,-35.16931488305198,5,-0.3245969168971937,-0.18730577502805348,0.12826830189526642
15,0.6954097322971579,-35.16931488305198,6,-0.30211202575187684,-0.13520201042656257,0.13399281602624633
15,0.6954097322971579,-35.16931488305198,7,-0.28137421109781624,-0.08550073232558122,0.1370602448601485
15,0.6954097322971579,-35.16931488305198,8,-0.2622745362919368,-0.03856854543558489,0.1383889230613768
15,0.6954097322971579,-35.16931488305198,9,-0.24475123724156495,0.005311356778124823,0.13889029665367963
15,0.6954097322971579,-35.16931488305198,10,-0.22870650785160498,0.04592875670780618,0.13918692926919896
15,0.6954097322971579,-35.16931488305198,11,-0.2140638685893888,0.08323190696417306,0.13939250042531548
15,0.6954097322971579,-35.16931488305198,12,-0.2007662149068076,0.11718809968408869,0.1395892418635995
15,0.6954097322971579,-35.16931488305198,13,-0.1887871199167189,0.14779969282399721,0.13978213482960752
15,0.6954097322971579,-35.16931488305198,14,-0.17564024351028235,0.1721158109115511,0.14025615287879162
15,0.6954097322971579,-35.16931488305198,15,-0.16270454725668118,0.19196829160702472,0.14020594075980652
15,0.6954097322971579,-35.16931488305198,16,-0.15129166974477692,0.2086185453088163,0.14050296433919965
15,0.6954097322971579,-35.16931488305198,17,-0.1412099152365753,0.22222714364393112,0.14023617024746765
15,0.6954097322971579,-35.16931488305198,18,-0.13236065147161788,0.2325189608803965,0.140349999865115
15,0.6954097322971579,-35.16931488305198,19,-0.12441690267644447,0.23958604222407454,0.14013555484768855
15,0.6954097322971579,-35.16931488305198,20,-0.11690096814291538,0.2434052215507111,0.1393735162165606
15,0.6954097322971579,-35.16931488305198,21,-0.10903037907255869,0.2440495052799913,0.1377985596553077
15,0.6954097322971579,-35.16931488305198,22,-0.09965716412937936,0.24199759998364848,0.1351228364191416
15,0.6954097322971579,-35.16931488305198,23,-0.08775449766034689,0.23873177493925135,0.13054568303674277
15,0.6954097322971579,-35.16931488305198,24,-0.07338459898820002,0.23480939410684504,0.1223459677217124
15,0.6954097322971579,-35.16931488305198,25,-0.05715126673451237,0.23040824530939155,0.1079815561706964
15,0.6954097322971579,-35.16931488305198,26,-0.042126267248770215,0.2298969782967742,0.10443234749879124
15,0.6954097322971579,-35.16931488305198,27,-0.02974503802739653,0.23264670715957192,0.10697438879705318
15,0.6954097322971579,-35.16931488305198,28,-0.01893087332332781,0.23469024549599557,0.10253413875388362
15,0.6954097322971579,-35.16931488305198,29,-0.01176304406705097,0.2358290799381997,0.10046675469315074
15,0.6954097322971579,-35.16931488305198,30,-0.007823853758909828,0.23601512827405052,0.09991202835897356
16,0.6954097322971579,-35.169162802509206,1,-0.10791535246760132,-0.09332704061843904,0.09314408764890487
16,0.6954097322971579,-35.169162802509206,2,-0.19700908859313412,-0.33799048136692655,0.11558233389240227
16,0.6954097322971579,-35.169162802509206,3,-0.3064212865491346,-0.30212829212351283,0.11033877800114834
16,0.6954097322971579,-35.169162802509206,4,-0.3472421562164539,-0.2396521853418699,0.10876724231617357
16,0.6954097322971579,-35.169162802509206,5,-0.3245969168971937,-0.18730577502805348,0.12826830189526642
16,0.6954097322971579,-35.169162802509206,6,-0.30211202575187684,-0.13520201042656257,0.13399281602624633
16,0.6954097322971579,-35.169162802509206,7,-0.28137421109781624,-0.08550073232558122,0.1370602448601485
16,0.6954097322971579,-35.169162802509206,8,-0.2622745362919368,-0.03856854543558489,0.1383889230613768
16,0.6954097322971579,-35.169162802509206,9,-0.24475123724156495,0.005311356778124823,0.13889029665367963
16,0.6954097322971579,-35.169162802509206,10,-0.22870650785160498,0.04592875670780618,0.13918692926919896
16,0.6954097322971579,-35.169162802509206,11,-0.2140638685893888,0.08323190696417306,0.13939250042531548
16,0.6954097322971579,-35.169162802509206,12,-0.2007662149068076,0.11718809968408869,0.1395892418635995
16,0.6954097322971579,-35.169162802509206,13,-0.1887871199167189,0.14779969282399721,0.13978213482960752
16,0.6954097322971579,-35.169162802509206,14,-0.17564025216331317,0.1721158198184906,0.1402561531658695
16,0.6954097322971579,-35.169162802509206,15,-0.1627045690399559,0.19196831343087553,0.14020594148245574
16,0.6954097322971579,-35.169162802509206,16,-0.15129170552415075,0.20861857972820047,0.14050296582562427
16,0.6954097322971579,-35.169162802509206,17,-0.14120996698710064,0.22222719063981006,0.1402361734816563
16,0.6954097322971579,-35.169162802509206,18,-0.13236072368003135,0.2325190206196931,0.14035000765972
16,0.6954097322971579,-35.169162802509206,19,-0.12441700312664736,0.2395861145263489,0.14013557308608315
16,0.6954097322971579,-35.169162802509206,20,-0.1169011098516716,0.24340530445837436,0.13937355602796
16,0.6954097322971579,-35.169162802509206,21,-0.10903058166977438,0.2440495912941821,0.13779863954431237
16,0.6954097322971579,-35.169162802509206,22,-0.09965744911666259,0.24199767126060812,0.13512298866507802
16,0.6954097322971579,-35.169162802509206,23,-0.08775488129927977,0.23873181631018447,0.13054596253708764
16,0.6954097322971579,-35.169162802509206,24,-0.07338506167305453,0.23480938132853502,0.12234648651434916
16,0.6954097322971579,-35.169162802509206,25,-0.05715177948134551,0.23040815527628852,0.10798244898731693
16,0.6954097322971579,-35.169162802509206,26,-0.04212676986759055,0.22989661105128104,0.10443286417391721
16,0.6954097322971579,-35.169162802509206,27,-0.029745524562520373,0.2326459037847329,0.106973984104509
16,0.6954097322971579,-35.169162802509206,28,-0.01893135856309094,0.23468892956784138,0.10253295091715063
16,0.6954097322971579,-35.169162802509206,29,-0.011763900796446309,0.2358275298068882,0.10046623326054967
16,0.6954097322971579,-35.169162802509206,30,-0.007825291164074004,0.236013997029622,0.09991151021750123
17,0.6954097322971579,-35.1690726143623,1,-0.10791535246760132,-0.09332704061843904,0.09314408764890487
17,0.6954097322971579,-35.1690726143623,2,-0.19700908859313412,-0.33799048136692655,0.11558233389240227
17,0.6954097322971579,-35.1690726143623,3,-0.3064212865491346,-0.30212829212351283,0.11033877800114834
17,0.6954097322971579,-35.1690726143623,4,-0.3472421562164539,-0.2396521853418699,0.10876724231617357
17,0.6954097322971579,-35.1690726143623,5,-0.3245969168971937,-0.18730577502805348,0.12826830189526642
17,0.6954097322971579,-35.1690726143623,6,-0.30211202575187684,-0.13520201042656257,0.13399281602624633
17,0.6954097322971579,-35.1690726143623,7,-0.28137421109781624,-0.08550073232558122,0.1370602448601485
17,0.6954097322971579,-35.1690726143623,8,-0.2622745362919368,-0.03856854543558489,0.1383889230613768
17,0.6954097322971579,-35.1690726143623,9,-0.24475123724156495,0.005311356778124823,0.13889029665367963
17,0.6954097322971579,-35.1690726143623,10,-0.22870650785160498,0.04592875670780618,0.13918692926919896
17,0.6954097322971579,-35.1690726143623,11,-0.2140638685893888,0.08323190696417306,0.13939250042531548
17,0.6954097322971579,-35.1690726143623,12,-0.2007662149068076,0.11718809968408869,0.1395892418635995
17,0.6954097322971579,-35.1690726143623,13,-0.1887871199167189,0.14779969282399721,0.13978213482960752
17,0.6954097322971579,-35.1690726143623,14,-0.17564026804244587,0.1721158391500474,0.14025615324996493
17,0.6954097322971579,-35.1690726143623,15,-0.16270460697397252,0.19196836039541454,0.14020594193491778
17,0.6954097322971579,-35.1690726143623,16,-0.15129176425084034,0.208618653082135,0.1405029670831618
17,0.6954097322971579,-35.1690726143623,17,-0.141210046786988,0.22222728969203118,0.14023617656058632
17,0.6954097322971579,-35.1690726143623,18,-0.13236082754135203,0.23251914500058565,0.1403500154970507
17,0.6954097322971579,-35.1690726143623,19,-0.12441713777132578,0.2395862637256432,0.14013559183507407
17,0.6954097322971579,-35.1690726143623,20,-0.11690128774452344,0.24340547638977636,0.13937359721012602
17,0.6954097322971579,-35.1690726143623,21,-0.10903082272308097,0.24404977840989664,0.13779872188872538
17,0.6954097322971579,-35.1690726143623,22,-0.0996577761549151,0.24199785455447553,0.1351231442875777
17,0.6954097322971579,-35.1690726143623,23,-0.08775531063020173,0.23873197862913118,0.130546247618332
17,0.6954097322971579,-35.1690726143623,24,-0.07338557280850297,0.23480950008120088,0.12234701507143612
17,0.6954097322971579,-35.1690726143623,25,-0.057152342440443996,0.23040820861414474,0.1079833582006578
17,0.6954097322971579,-35.1690726143623,26,-0.04212726569054332,0.22989641121989782,0.10443335129765505
17,0.6954097322971579,-35.1690726143623,27,-0.029745911592261413,0.23264529339782347,0.10697350636418283
17,0.6954097322971579,-35.1690726143623,28,-0.018931658742479963,0.23468781287708648,0.10253172019266868
17,0.6954097322971579,-35.1690726143623,29,-0.011764474632187103,0.23582617247277202,0.10046569677349931
17,0.6954097322971579,-35.1690726143623,30,-0.007826364542487085,0.23601309521793007,0.09991097954680574
18,0.6954097322971579,-35.160939079600546,1,-0.10791535246760132,-0.09332704061843904,0.09314408764890487
18,0.6954097322971579,-35.160939079600546,2,-0.19700908859313412,-0.33799048136692655,0.11558233389240227
18,0.6954097322971579,-35.160939079600546,3,-0.3064212865491346,-0.30212829212351283,0.11033877800114834
18,0.6954097322971579,-35.160939079600546,4,-0.3472421562164539,-0.2396521853418699,0.10876724231617357
18,0.6954097322971579,-35.160939079600546,5,-0.3245969168971937,-0.18730577502805348,0.12826830189526642
18,0.6954097322971579,-35.160939079600546,6,-0.30211202575187684,-0.13520201042656257,0.13399281602624633
18,0.6954097322971579,-35.160939079600546,7,-0.28137421109781624,-0.08550073232558122,0.1370602448601485
18,0.6954097322971579,-35.160939079600546,8,-0.2622745362919368,-0.03856854543558489,0.1383889230613768
18,0.6954097322971579,-35.160939079600546,9,-0.24475123724156495,0.005311356778124823,0.13889029665367963
18,0.6954097322971579,-35.160939079600546,10,-0.22870650785160498,0.04592875670780618,0.13918692926919896
18,0.6954097322971579,-35.160939079600546,11,-0.2140638685893888,0.08323190696417306,0.13939250042531548
18,0.6954097322971579,-35.160939079600546,12,-0.2007662149068076,0.11718809968408869,0.1395892418635995
18,0.6954097322971579,-35.160939079600546,13,-0.1887871199167189,0.14779969282399721,0.13978213482960752
18,0.6954097322971579,-35.160939079600546,14,-0.1756402766416608,0.172115847501793,0.14025615360888438
18,0.6954097322971579,-35.160939079600546,15,-0.16270462896670637,0.1919683809247308,0.14020594279835266
18,0.6954097322971579,-35.160939079600546,16,-0.1512918009791774,0.20861868557761862,0.1405029688050094
18,0.6954097322971579,-35.160939079600546,17,-0.14121010077771395,0.2222273342435272,0.14023618025066797
18,0.6954097322971579,-35.160939079600546,18,-0.132360904136843,0.23251920188595265,0.1403500243231928
18,0.6954097322971579,-35.160939079600546,19,-0.12441724597960903,0.23958633279385,0.14013561242291425
18,0.6954097322971579,-35.160939079600546,20,-0.11690144242320161,0.24340555543996809,0.13937364211447031
18,0.6954097322971579,-35.160939079600546,21,-0.1090310460920681,0.24404985894257383,0.13779881205704253
18,0.6954097322971579,-35.160939079600546,22,-0.09965809238703072,0.2419979165198684,0.13512331635062222
18,0.6954097322971579,-35.160939079600546,23,-0.08775573817111895,0.23873200513618203,0.13054656360882946
18,0.6954097322971579,-35.160939079600546,24,-0.07338608958601774,0.23480946334578312,0.1223476016971026
18,0.6954097322971579,-35.160939079600546,25,-0.05715291575769334,0.2304080822139604,0.10798436783376383
18,0.6954097322971579,-35.160939079600546,26,-0.04212782312045404,0.22989597016037952,0.10443393301488683
18,0.6954097322971579,-35.160939079600546,27,-0.029746443550405417,0.23264435868969735,0.10697304431579588
18,0.6954097322971579,-35.160939079600546,28,-0.01893218256369971,0.2346862973249789,0.1025303752091607
18,0.6954097322971579,-35.160939079600546,29,-0.011743026028375573,0.23569813025036285,0.10046931091996254
18,0.6954097322971579,-35.160939079600546,30,-0.007854589349458398,0.23584178062376987,0.09974497454804333
19,0.6954097322971579,-35.16084399238254,1,-0.10791535246760132,-0.09332704061843904,0.09314408764890487
19,0.6954097322971579,-35.16084399238254,2,-0.19700908859313412,-0.33799048136692655,0.11558233389240227
19,0.6954097322971579,-35.16084399238254,3,-0.3064212865491346,-0.30212829212351283,0.11033877800114834
19,0.6954097322971579,-35.16084399238254,4,-0.3472421562164539,-0.2396521853418699,0.10876724231617357
19,0.6954097322971579,-35.16084399238254,5,-0.3245969168971937,-0.18730577502805348,0.12826830189526642
19,0.6954097322971579,-35.16084399238254,6,-0.30211202575187684,-0.13520201042656257,0.13399281602624633
19,0.6954097322971579,-35.16084399238254,7,-0.28137421109781624,-0.08550073232558122,0.1370602448601485
19,0.6954097322971579,-35.16084399238254,8,-0.2622745362919368,-0.03856854543558489,0.1383889230613768
19,0.6954097322971579,-35.16084399238254,9,-0.24475123724156495,0.005311356778124823,0.13889029665367963
19,0.6954097322971579,-35.16084399238254,10,-0.22870650785160498,0.04592875670780618,0.13918692926919896
19,0.6954097322971579,-35.16084399238254,11,-0.2140638685893888,0.08323190696417306,0.13939250042531548
19,0.6954097322971579,-35.16084399238254,12,-0.2007662149068076,0.11718809968408869,0.1395892418635995
19,0.6954097322971579,-35.16084399238254,13,-0.1887871199167189,0.14779969282399721,0.13978213482960752
19,0.6954097322971579,-35.16084399238254,14,-0.17564029233428502,0.17211586647557997,0.14025615367853853
19,0.6954097322971579,-35.16084399238254,15,-0.1627046666215805,0.19196842695322205,0.1402059432118184
19,0.6954097322971579,-35.16084399238254,16,-0.1512918595716434,0.20861875737702965,0.14050296999717288
19,0.6954097322971579,-35.16084399238254,17,-0.14121018080396117,0.2222274310916772,0.14023618322468942
19,0.6954097322971579,-35.16084399238254,18,-0.1323610088337652,0.23251932337207457,0.14035003201313356
19,0.6954097322971579,-35.16084399238254,19,-0.12441738233605622,0.23958647833794647,0.14013563101751186
19,0.6954097322971579,-35.16084399238254,20,-0.11690162325923936,0.2434057228151406,0.13937368328088415
19,0.6954097322971579,-35.16084399238254,21,-0.10903129183936906,0.24405004031424735,0.1377988948259537
19,0.6954097322971579,-35.16084399238254,22,-0.09965842654222587,0.24199809224952992,0.13512347328214705
19,0.6954097322971579,-35.16084399238254,23,-0.08775617741903687,0.23873215719445826,0.1305468515824249
19,0.6954097322971579,-35.16084399238254,24,-0.0733866133831737,0.23480956828710184,0.12234813601626081
19,0.6954097322971579,-35.16084399238254,25,-0.05715349390703851,0.23040811750468107,0.10798528724621444
19,0.6954097322971579,-35.16084399238254,26,-0.04212836444886555,0.22989573799077923,0.10443444515875921
19,0.6954097322971579,-35.16084399238254,27,-0.0297469240117814,0.23264369723749098,0.10697259414205869
19,0.6954097322971579,-35.16084399238254,28,-0.01893262068717386,0.23468511817403043,0.10252914165428824
19,0.6954097322971579,-35.16084399238254,29,-0.011743803938505838,0.23569669871722085,0.10046877800230779
19,0.6954097322971579,-35.16084399238254,30,-0.007856030996209153,0.2358407917494642,0.09974495712239716
20,0.6954097322971579,-35.16064927796057,1,-0.10791535246760132,-0.09332704061843904,0.09314408764890487
20,0.6954097322971579,-35.16064927796057,2,-0.19700908859313412,-0.33799048136692655,0.11558233389240227
20,0.6954097322971579,-35.16064927796057,3,-0.3064212865491346,-0.30212829212351283,0.11033877800114834
20,0.6954097322971579,-35.16064927796057,4,-0.3472421562164539,-0.2396521853418699,0.10876724231617357
20,0.6954097322971579,-35.16064927796057,5,-0.3245969168971937,-0.18730577502805348,0.12826830189526642
20,0.6954097322971579,-35.16064927796057,6,-0.30211202575187684,-0.13520201042656257,0.13399281602624633
20,0.6954097322971579,-35.16064927796057,7,-0.28137421109781624,-0.08550073232558122,0.1370602448601485
20,0.6954097322971579,-35.16064927796057,8,-0.2622745362919368,-0.03856854543558489,0.1383889230613768
20,0.6954097322971579,-35.16064927796057,9,-0.24475123724156495,0.005311356778124823,0.13889029665367963
20,0.6954097322971579,-35.16064927796057,10,-0.22870650785160498,0.04592875670780618,0.13918692926919896
20,0.6954097322971579,-35.16064927796057,11,-0.2140638685893888,0.08323190696417306,0.13939250042531548
20,0.6954097322971579,-35.16064927796057,12,-0.2007662149068076,0.11718809968408869,0.1395892418635995
20,0.6954097322971579,-35.16064927796057,13,-0.1887871199167189,0.14779969282399721,0.13978213482960752
20,0.6954097322971579,-35.16064927796057,14,-0.17564030923440357,0.17211588556610008,0.14025615399350005
20,0.6954097322971579,-35.16064927796057,15,-0.16270470803907772,0.19196847350402596,0.14020594413762133
20,0.6954097322971579,-35.16064927796057,16,-0.15129192562353244,0.20861883039382223,0.14050297208357382
20,0.6954097322971579,-35.16064927796057,17,-0.141210273501409,0.2222275301705975,0.1402361879562768
20,0.6954097322971579,-35.16064927796057,18,-0.13236113404351416,0.23251944846166406,0.14035004365251616
20,0.6954097322971579,-35.16064927796057,19,-0.12441755108495174,0.23958662898294564,0.14013565848789455
20,0.6954097322971579,-35.16064927796057,20,-0.11690185466460713,0.24340589602005122,0.1393737433985131
20,0.6954097322971579,-35.16064927796057,21,-0.10903161535220289,0.2440502248604282,0.13779901531348956
20,0.6954097322971579,-35.16064927796057,22,-0.0996588749946919,0.2419982608561774,0.13512370218312492
20,0.6954097322971579,-35.16064927796057,23,-0.08775677511892044,0.23873228608413624,0.1305472714686546
20,0.6954097322971579,-35.16064927796057,24,-0.07338733062846196,0.23480962219406676,0.1223489150518591
20,0.6954097322971579,-35.16064927796057,25,-0.05715428692471335,0.23040806265127922,0.10798662772161785
20,0.6954097322971579,-35.16064927796057,26,-0.04212909943138598,0.2298952860435538,0.1044351918394147
20,0.6954097322971579,-35.16064927796057,27,-0.02974756506047117,0.2326426132472682,0.1069719376039934
20,0.6954097322971579,-35.16064927796057,28,-0.01893319523165429,0.23468327435798297,0.1025273422413552
20,0.6954097322971579,-35.16064927796057,29,-0.011744870128206493,0.23569448389556846,0.10046800072240394
20,0.6954097322971579,-35.16064927796057,30,-0.007858062772222223,0.23583922249094658,0.09974493163240725
