particle,elasticity,weight,frame,x,y,z
1,0.21139054847717892,7.470102941138007,1,0.2002471837067076,-0.31934508891530666,0.47534050663261335
1,0.21139054847717892,7.470102941138007,2,0.35526573074536905,-0.35152864859832034,0.4564174797324939
1,0.21139054847717892,7.470102941138007,3,0.3234399452133326,-0.38627245728383197,0.44591558536932263
1,0.21139054847717892,7.470102941138007,4,0.29936750114498534,-0.37383311734463415,0.42525707259330525
1,0.21139054847717892,7.470102941138007,5,0.27536800031446323,-0.36143147053410235,0.39061850100039813
1,0.21139054847717892,7.470102941138007,6,0.25145144462930596,-0.3490726852982644,0.34205982312032496
1,0.21139054847717892,7.470102941138007,7,0.22415734229422524,-0.3395617393722773,0.2976860823345765
1,0.21139054847717892,7.470102941138007,8,0.19108308582858788,-0.3340251380504316,0.2670914139012765
1,0.21139054847717892,7.470102941138007,9,0.15796592545386542,-0.3285573982597391,0.22300855328244165
1,0.21139054847717892,7.470102941138007,10,0.1249783307291269,-0.3231110501358414,0.16506118624511698
1,0.21139054847717892,7.470102941138007,11,0.0910833319427413,-0.31684636085293133,0.09908258876698894
1,0.21139054847717892,7.470102941138007,12,0.06430191254032694,-0.3174719811659245,0.1024442532853671
1,0.21139054847717892,7.470102941138007,13,0.03943986439129717,-0.3185764259880481,0.09963955182090597
1,0.21139054847717892,7.470102941138007,14,0.017960379258881637,-0.31974725021692285,0.09700860766640064
1,0.21139054847717892,7.470102941138007,15,0.0004721614315478228,-0.3203874312425465,0.0976798436053855
1,0.21139054847717892,7.470102941138007,16,-0.013882629978707749,-0.3202412208989479,0.09840674879479817
1,0.21139054847717892,7.470102941138007,17,-0.02521011198167953,-0.31958893656675413,0.09848828466732848
1,0.21139054847717892,7.470102941138007,18,-0.0331419022879235,-0.3188043376851102,0.09894117593031382
1,0.21139054847717892,7.470102941138007,19,-0.03766843373505524,-0.31815356116910815,0.09935084641586442
1,0.21139054847717892,7.470102941138007,20,-0.0389271925641049,-0.31787338362588785,0.0996882904642134
1,0.21139054847717892,7.470102941138007,21,-0.038893427164959644,-0.3179081154554002,0.09984761809994512
1,0.21139054847717892,7.470102941138007,22,-0.03887757455928939,-0.3179243846129051,0.09992283600656587
1,0.21139054847717892,7.470102941138007,23,-0.03887016491352224,-0.31793199512481146,0.09995834735395988
1,0.21139054847717892,7.470102941138007,24,-0.038866701849682314,-0.3179355553899896,0.0999751132163286
1,0.21139054847717892,7.470102941138007,25,-0.03886508339237025,-0.31793722087690435,0.0999830289413552
1,0.21139054847717892,7.470102941138007,26,-0.03886502119824379,-0.31793774824415405,0.09998673522651043
1,0.21139054847717892,7.470102941138007,27,-0.038866264374028674,-0.317937459997307,0.09998845840022824
1,0.21139054847717892,7.470102941138007,28,-0.038866836373888755,-0.3179372934176165,0.0999892271116762
1,0.21139054847717892,7.470102941138007,29,-0.03886687761282241,-0.31793718320617154,0.09998935150849021
1,0.21139054847717892,7.470102941138007,30,-0.03886690267464509,-0.31793712972295696,0.09998941083652042
2,0.22769646000993737,9.856260761802295,1,0.2002471837067076,-0.31934508891530666,0.47534050663261335
2,0.22769646000993737,9.856260761802295,2,0.3542075739796259,-0.3516993551298555,0.45641746339779976
2,0.22769646000993737,9.856260761802295,3,0.3200808785098236,-0.38641761575359246,0.4459338054440023
2,0.22769646000993737,9.856260761802295,4,0.2940151164149893,-0.37288898209523,0.4252113426792926
2,0.22769646000993737,9.856260761802295,5,0.268030094267811,-0.359402254028174,0.39051079638750846
2,0.22769646000993737,9.856260761802295,6,0.24213626580974212,-0.3459628572460206,0.34189251526726433
2,0.22769646000993737,9.856260761802295,7,0.21313282500282033,-0.3354962634346969,0.2971232137115289
2,0.22769646000993737,9.856260761802295,8,0.18015720814236832,-0.3291067678240837,0.26220182204945525
2,0.22769646000993737,9.856260761802295,9,0.1473439241994999,-0.3227573250917419,0.2135917981527512
2,0.22769646000993737,9.856260761802295,10,0.11466387674278972,-0.3164336639129987,0.1511431329517097
2,0.22769646000993737,9.856260761802295,11,0.07872893866119633,-0.30853769900683636,0.0989062145197313
2,0.22769646000993737,9.856260761802295,12,0.0523103473937515,-0.29695690674160913,0.10572303386624346
2,0.22769646000993737,9.856260761802295,13,0.027096073271281062,-0.28550370987945994,0.10330955670713937
2,0.22769646000993737,9.856260761802295,14,0.003835210850290448,-0.2753934483831266,0.09764334770074531
2,0.22769646000993737,9.856260761802295,15,-0.015128359517775107,-0.2672818702225947,0.09823130562434694
2,0.22769646000993737,9.856260761802295,16,-0.03125297681088773,-0.26046834633870214,0.09794310911838788
2,0.22769646000993737,9.856260761802295,17,-0.044605937242676856,-0.2551002869995543,0.09726534225072252
2,0.22769646000993737,9.856260761802295,18,-0.05479062565664938,-0.2512742374547828,0.09774293046289215
2,0.22769646000993737,9.856260761802295,19,-0.061630878522616055,-0.24852866786042965,0.09872427238717423
2,0.22769646000993737,9.856260761802295,20,-0.06557890833135434,-0.24726776000570608,0.09923266565634122
2,0.22769646000993737,9.856260761802295,21,-0.0664324580052458,-0.2469611746304036,0.09940154105871186
2,0.22769646000993737,9.856260761802295,22,-0.0665240938116555,-0.24691542100172328,0.09971223914245496
2,0.22769646000993737,9.856260761802295,23,-0.06656827408257934,-0.2468936774085072,0.09985889741468676
2,0.22769646000993737,9.856260761802295,24,-0.06658902595687945,-0.2468834529091476,0.09992813189332733
2,0.22769646000993737,9.856260761802295,25,-0.06659876682477667,-0.24687864631956058,0.09996081814825683
2,0.22769646000993737,9.856260761802295,26,-0.0666033370233003,-0.2468763867594792,0.09997625015413357
2,0.22769646000993737,9.856260761802295,27,-0.06660547948381555,-0.24687532441891896,0.09998353610654707
2,0.22769646000993737,9.856260761802295,28,-0.06660615300057166,-0.24687639905159156,0.09998695258601721
2,0.22769646000993737,9.856260761802295,29,-0.06660643663364918,-0.2468776361512786,0.09998839991814865
2,0.22769646000993737,9.856260761802295,30,-0.0666066844169287,-0.24687799419544196,0.09998891189722545
3,0.22242546676557123,7.685191814510463,1,0.2002471837067076,-0.31934508891530666,0.47534050663261335
3,0.22242546676557123,7.685191814510463,2,0.3545496273112114,-0.35164417453172725,0.4564174688303367
3,0.22242546676557123,7.685191814510463,3,0.32116669227905276,-0.38637065583644004,0.4459270790673814
3,0.22242546676557123,7.685191814510463,4,0.2957460249981696,-0.3731948433739005,0.4252226806116977
3,0.22242546676557123,7.685191814510463,5,0.27040354046017073,-0.36005955389003297,0.3905395615287435
3,0.22242546676557123,7.685191814510463,6,0.24514955189672788,-0.3469701328466573,0.3419379402523861
3,0.22242546676557123,7.685191814510463,7,0.21669541166393863,-0.3368148907535093,0.29729812806200384
3,0.22242546676557123,7.685191814510463,8,0.18379581849288656,-0.3309072408548357,0.2635375066978039
3,0.22242546676557123,7.685191814510463,9,0.15077752705362835,-0.32515347736047595,0.21644796634350574
3,0.22242546676557123,7.685191814510463,10,0.11789167872602663,-0.3194227933868216,0.15551097507205347
3,0.22242546676557123,7.685191814510463,11,0.083048318909615,-0.3128039066087253,0.09856549873519031
3,0.22242546676557123,7.685191814510463,12,0.0555948716100976,-0.3124285363368989,0.10468788993358162
3,0.22242546676557123,7.685191814510463,13,0.029010711264725132,-0.31253252149473965,0.10047282566930613
3,0.22242546676557123,7.685191814510463,14,0.0066007415104207415,-0.3129943119989123,0.10012201631147691
3,0.22242546676557123,7.685191814510463,15,-0.012939940421821805,-0.3127715418469832,0.09860487989561126
3,0.22242546676557123,7.685191814510463,16,-0.02891537582447143,-0.312015658473713,0.09850589987132922
3,0.22242546676557123,7.685191814510463,17,-0.041450035787238784,-0.31109051968459434,0.09873110738088604
3,0.22242546676557123,7.685191814510463,18,-0.05064705107350157,-0.31000144192340773,0.09885927106419148
3,0.22242546676557123,7.685191814510463,19,-0.05636652739794984,-0.3091214482949205,0.09931148019284564
3,0.22242546676557123,7.685191814510463,20,-0.05874385168186309,-0.30867985508904544,0.09957301583633885
3,0.22242546676557123,7.685191814510463,21,-0.05887408188036418,-0.30867683328648515,0.09979312860749966
3,0.22242546676557123,7.685191814510463,22,-0.058894359152545206,-0.3086908460154426,0.09989706014609634
3,0.22242546676557123,7.685191814510463,23,-0.05890608013233992,-0.30869848769689656,0.09994614869530272
3,0.22242546676557123,7.685191814510463,24,-0.05891158341970947,-0.3087020785154429,0.09996932442422563
3,0.22242546676557123,7.685191814510463,25,-0.05891416759292697,-0.30870376601957633,0.09998026635937396
3,0.22242546676557123,7.685191814510463,26,-0.058915274366233436,-0.30870424784808304,0.09998542421718724
3,0.22242546676557123,7.685191814510463,27,-0.05891525640202907,-0.30870265622871135,0.09998783948889498
3,0.22242546676557123,7.685191814510463,28,-0.058915363780920764,-0.30870191106607703,0.09998877083048005
3,0.22242546676557123,7.685191814510463,29,-0.0589155029982902,-0.3087016555856975,0.0999890765415006
3,0.22242546676557123,7.685191814510463,30,-0.05891554810696846,-0.308701423449753,0.09998923973150359
4,0.26394811890243713,0.7999723459698469,1,0.2002471837067076,-0.31934508891530666,0.47534050663261335
4,0.26394811890243713,0.7999723459698469,2,0.3518551510212109,-0.35207882865836776,0.4564174206772913
4,0.26394811890243713,0.7999723459698469,3,0.31261761601411975,-0.3867401705581874,0.44600083163793725
4,0.26394811890243713,0.7999723459698469,4,0.28210976531626697,-0.3707583911951285,0.42521394455040157
4,0.26394811890243713,0.7999723459698469,5,0.2517011717441996,-0.3548286084640259,0.39045331418113294
4,0.26394811890243713,0.7999723459698469,6,0.2214031159866154,-0.3389567318430535,0.3417802499578798
4,0.26394811890243713,0.7999723459698469,7,0.18863631171329887,-0.3262139665072192,0.2961339248620583
4,0.26394811890243713,0.7999723459698469,8,0.15275608886432404,-0.3173431047482844,0.2576643158137443
4,0.26394811890243713,0.7999723459698469,9,0.1170127464868101,-0.308506084689412,0.20530380299482512
4,0.26394811890243713,0.7999723459698469,10,0.08142160322733824,-0.29970669364253505,0.1391314525491953
4,0.26394811890243713,0.7999723459698469,11,0.04168715361743232,-0.2882714327787888,0.10203643667179929
4,0.26394811890243713,0.7999723459698469,12,0.00900615738780449,-0.283743166858456,0.10654537890033777
4,0.26394811890243713,0.7999723459698469,13,-0.022762084602983797,-0.2796142945314961,0.10095433029092996
4,0.26394811890243713,0.7999723459698469,14,-0.05079167836955384,-0.2752177005987763,0.09796570490009285
4,0.26394811890243713,0.7999723459698469,15,-0.07474250703005973,-0.27115192717087355,0.09782668449988033
4,0.26394811890243713,0.7999723459698469,16,-0.09521304161955323,-0.2674143211334673,0.09771609741590748
4,0.26394811890243713,0.7999723459698469,17,-0.11217487505341153,-0.2641724024190055,0.0978673107804231
4,0.26394811890243713,0.7999723459698469,18,-0.12588172292125518,-0.26115081321837935,0.09758480576889186
4,0.26394811890243713,0.7999723459698469,19,-0.13607678761634134,-0.25851368655493634,0.09805906127962362
4,0.26394811890243713,0.7999723459698469,20,-0.14290765848190223,-0.25646159319181205,0.0983468296239312
4,0.26394811890243713,0.7999723459698469,21,-0.14644132690096384,-0.25541017466698923,0.09888977076384962
4,0.26394811890243713,0.7999723459698469,22,-0.14699747155749784,-0.25533023433957674,0.09947062439857388
4,0.26394811890243713,0.7999723459698469,23,-0.14695401396035168,-0.25537705967930263,0.09974483574408599
4,0.26394811890243713,0.7999723459698469,24,-0.14693350163858845,-0.2553991604575539,0.0998742751180164
4,0.26394811890243713,0.7999723459698469,25,-0.1469238025723074,-0.25540964314370973,0.09993538222455804
4,0.26394811890243713,0.7999723459698469,26,-0.14691914020067073,-0.25541476257722845,0.09996423093788638
4,0.26394811890243713,0.7999723459698469,27,-0.1469168448354433,-0.2554173656102076,0.0999778558329821
4,0.26394811890243713,0.7999723459698469,28,-0.14691572743182296,-0.2554186597798034,0.09998428849111324
4,0.26394811890243713,0.7999723459698469,29,-0.14691523171985563,-0.2554191035834013,0.0999872010537355
4,0.26394811890243713,0.7999723459698469,30,-0.1469154414578794,-0.25541855097120475,0.09998776660336733
5,0.20878346894159372,-5.748741340807753,1,0.2002471837067076,-0.31934508891530666,0.47534050663261335
5,0.20878346894159372,-5.748741340807753,2,0.35543491707551683,-0.3515013538833348,0.45641748221751205
5,0.20878346894159372,-5.748741340807753,3,0.3239769955317563,-0.3862492957796972,0.4459133941274368
5,0.20878346894159372,-5.748741340807753,4,0.3002224766876912,-0.3739836152098224,0.4252674018824202
5,0.20878346894159372,-5.748741340807753,5,0.27653968599906276,-0.3617549715779814,0.3906410337821719
5,0.20878346894159372,-5.748741340807753,6,0.252938548411144,-0.3495684896441913,0.34209418078012205
5,0.20878346894159372,-5.748741340807753,7,0.22593143771608074,-0.3402171627549149,0.2977724494701475
5,0.20878346894159372,-5.748741340807753,8,0.19281956172337184,-0.33450886565675153,0.2681639481707162
5,0.20878346894159372,-5.748741340807753,9,0.15965795624333454,-0.3288699938856339,0.22507781192709914
5,0.20878346894159372,-5.748741340807753,10,0.12662505898741908,-0.3232530079418521,0.16812172794914798
5,0.20878346894159372,-5.748741340807753,11,0.09327077076924356,-0.31713899522891353,0.10017371391985003
5,0.20878346894159372,-5.748741340807753,12,0.06433816704559836,-0.3217555820958,0.1099580477796697
5,0.20878346894159372,-5.748741340807753,13,0.037488741061805185,-0.3276646460728974,0.11865095320521796
5,0.20878346894159372,-5.748741340807753,14,0.011721773395497834,-0.3331261052369718,0.1176922602843647
5,0.20878346894159372,-5.748741340807753,15,-0.01262631208780832,-0.3378513739557892,0.10896448784191785
5,0.20878346894159372,-5.748741340807753,16,-0.03452210114524931,-0.34091911630166355,0.09961542248594421
5,0.20878346894159372,-5.748741340807753,17,-0.05188477329185134,-0.34125024553308725,0.10148805044975644
5,0.20878346894159372,-5.748741340807753,18,-0.06715718346685132,-0.3410947399815394,0.09794915993347228
5,0.20878346894159372,-5.748741340807753,19,-0.0783312417123405,-0.34021987185446156,0.09798056754157508
5,0.20878346894159372,-5.748741340807753,20,-0.08604147087976319,-0.33909741707568775,0.09832219030930049
5,0.20878346894159372,-5.748741340807753,21,-0.0901757576182706,-0.33837831038615046,0.09913577397617727
5,0.20878346894159372,-5.748741340807753,22,-0.09108165509803691,-0.338256333848069,0.09958667262625301
5,0.20878346894159372,-5.748741340807753,23,-0.09107132531841475,-0.3382683447539197,0.09979956480990296
5,0.20878346894159372,-5.748741340807753,24,-0.09107618042372193,-0.3382704201910834,0.09990013247717021
5,0.20878346894159372,-5.748741340807753,25,-0.09107955550861146,-0.33827087948846135,0.09994762592465255
5,0.20878346894159372,-5.748741340807753,26,-0.09108113583450049,-0.33827109425147917,0.09997005027378993
5,0.20878346894159372,-5.748741340807753,27,-0.0910818756646953,-0.3382711946639395,0.09998063809216991
5,0.20878346894159372,-5.748741340807753,28,-0.09108166578952417,-0.3382714717453435,0.09998560629048338
5,0.20878346894159372,-5.748741340807753,29,-0.09108024317065079,-0.33827210887697473,0.09998792537663434
5,0.20878346894159372,-5.748741340807753,30,-0.09107947996547261,-0.3382724280006723,0.09998902032931195
6,0.22475107230579572,5.485626386542448,1,0.2002471837067076,-0.31934508891530666,0.47534050663261335
6,0.22475107230579572,5.485626386542448,2,0.354398710236515,-0.3516685208298722,0.45641746645176107
6,0.22475107230579572,5.485626386542448,3,0.3206876142580446,-0.3863913726349314,0.4459299497795436
6,0.22475107230579572,5.485626386542448,4,0.29498239449488656,-0.37305998636263116,0.4252172847855539
6,0.22475107230579572,5.485626386542448,5,0.2693564814238485,-0.35976973057497064,0.3905261804267475
6,0.22475107230579572,5.485626386542448,6,0.24382025092083248,-0.3465259864673195,0.34191691233955623
6,0.22475107230579572,5.485626386542448,7,0.2151223445421302,-0.3362352139217875,0.2972249332067518
6,0.22475107230579572,5.485626386542448,8,0.18228070416389006,-0.33008605497076393,0.2628145841018803
6,0.22475107230579572,5.485626386542448,9,0.14949574725565873,-0.3240520882843147,0.21504012185028412
6,0.22475107230579572,5.485626386542448,10,0.11684292770984529,-0.3180424410577048,0.1534220001061981
6,0.22475107230579572,5.485626386542448,11,0.08170047641644704,-0.31061828484903303,0.09941140224769153
6,0.22475107230579572,5.485626386542448,12,0.053197911057944955,-0.3090232532373813,0.10645901664805044
6,0.22475107230579572,5.485626386542448,13,0.02577050661060147,-0.30799278092952,0.10462746639500357
6,0.22475107230579572,5.485626386542448,14,0.00012682166542191906,-0.30657298617600165,0.09766512280606332
6,0.22475107230579572,5.485626386542448,15,-0.020506400844109866,-0.30541403476960344,0.09815266281852174
6,0.22475107230579572,5.485626386542448,16,-0.0384348779925717,-0.30406464589934573,0.09694273972503745
6,0.22475107230579572,5.485626386542448,17,-0.05291847330990306,-0.30254032683827425,0.0970522401026688
6,0.22475107230579572,5.485626386542448,18,-0.06382572520248471,-0.301097379038404,0.09800159511731665
6,0.22475107230579572,5.485626386542448,19,-0.07142215590629906,-0.29985829694288757,0.09841054505564736
6,0.22475107230579572,5.485626386542448,20,-0.07552289973664468,-0.2990538599853631,0.09915112088395218
6,0.22475107230579572,5.485626386542448,21,-0.07658181496572324,-0.2987538211700794,0.0993828582451241
6,0.22475107230579572,5.485626386542448,22,-0.07666340986859908,-0.29880781144319957,0.0997034123778137
6,0.22475107230579572,5.485626386542448,23,-0.07670177767833733,-0.2988331685481525,0.09985472779459988
6,0.22475107230579572,5.485626386542448,24,-0.07671980998108838,-0.29884506494338375,0.0999261623834983
6,0.22475107230579572,5.485626386542448,25,-0.07672828613618003,-0.2988506498134341,0.0999598879120803
6,0.22475107230579572,5.485626386542448,26,-0.07673227304634829,-0.29885327438029996,0.09997581077212571
6,0.22475107230579572,5.485626386542448,27,-0.07673415092871157,-0.29885450982485046,0.09998332854394756
6,0.22475107230579572,5.485626386542448,28,-0.07673349802849848,-0.29885566439406697,0.09998685457087977
6,0.22475107230579572,5.485626386542448,29,-0.07673253596848421,-0.2988565402978732,0.09998844333663669
6,0.22475107230579572,5.485626386542448,30,-0.07673227346372143,-0.29885701947986365,0.09998892534780855
7,0.22248886384824568,6.9585669448754786,1,0.2002471837067076,-0.31934508891530666,0.47534050663261335
7,0.22248886384824568,6.9585669448754786,2,0.35454551323499095,-0.3516448382265371,0.45641746876587547
7,0.22248886384824568,6.9585669448754786,3,0.32115363226039245,-0.3863712205226425,0.44592715528190074
7,0.22248886384824568,6.9585669448754786,4,0.29572520952904197,-0.37319116892181187,0.42522252518768483
7,0.22248886384824568,6.9585669448754786,5,0.27037500008945786,-0.3600516568083195,0.39053918213705535
7,0.22248886384824568,6.9585669448754786,6,0.24511331889466662,-0.34695803062518277,0.341937346117659
7,0.22248886384824568,6.9585669448754786,7,0.2166527399250559,-0.336797813198431,0.2972916202735039
7,0.22248886384824568,6.9585669448754786,8,0.18373794803067323,-0.33087340347904276,0.26353039544997886
7,0.22248886384824568,6.9585669448754786,9,0.15074964274261582,-0.32506560177346117,0.21633718318577214
7,0.22248886384824568,6.9585669448754786,10,0.11789376085477096,-0.31928111405272663,0.15529709957157842
7,0.22248886384824568,6.9585669448754786,11,0.08296038323692125,-0.3122984420954651,0.09956950678959223
7,0.22248886384824568,6.9585669448754786,12,0.0548446998191136,-0.3114173046502609,0.10552708407023184
7,0.22248886384824568,6.9585669448754786,13,0.027656523950418507,-0.3110111156531804,0.10169580149674724
7,0.22248886384824568,6.9585669448754786,14,0.0036984883743911207,-0.3094107706619104,0.10009556077268156
7,0.22248886384824568,6.9585669448754786,15,-0.016929388668066023,-0.3073142984396658,0.09869680228231181
7,0.22248886384824568,6.9585669448754786,16,-0.03389156878072382,-0.3053102914720315,0.0982086366305776
7,0.22248886384824568,6.9585669448754786,17,-0.04726156954534946,-0.30342909106050797,0.0983806795087066
7,0.22248886384824568,6.9585669448754786,18,-0.057441395815846286,-0.30157826899087886,0.09798798457675893
7,0.22248886384824568,6.9585669448754786,19,-0.06399984080891738,-0.3003055196139003,0.09871071546463966
7,0.22248886384824568,6.9585669448754786,20,-0.06723688194422339,-0.2996438839624125,0.09924893842850678
7,0.22248886384824568,6.9585669448754786,21,-0.06755676760898163,-0.29954023047755063,0.09964014254149496
7,0.22248886384824568,6.9585669448754786,22,-0.06750521609926968,-0.29951753107774265,0.09982482110508184
7,0.22248886384824568,6.9585669448754786,23,-0.06748528543921724,-0.2995169024887219,0.09991204220633564
7,0.22248886384824568,6.9585669448754786,24,-0.0674815499100176,-0.2995302566609395,0.09995325214755725
7,0.22248886384824568,6.9585669448754786,25,-0.06747980834705584,-0.29953649722163633,0.09997270790790076
7,0.22248886384824568,6.9585669448754786,26,-0.0674789966046417,-0.299539413262669,0.0999818934201423
7,0.22248886384824568,6.9585669448754786,27,-0.06747856556852859,-0.2995405552728089,0.09998620594714167
7,0.22248886384824568,6.9585669448754786,28,-0.0674775467131877,-0.299539370499598,0.09998820850664639
7,0.22248886384824568,6.9585669448754786,29,-0.0674770298762374,-0.2995389822282543,0.0999889443992877
7,0.22248886384824568,6.9585669448754786,30,-0.06747677705158996,-0.29953887490118647,0.09998921911330559
8,0.1599254853255776,-3.546352431850204,1,0.2002471837067076,-0.31934508891530666,0.47534050663261335
8,0.1599254853255776,-3.546352431850204,2,0.3586056685979315,-0.35098977261514,0.45641752283961506
8,0.1599254853255776,-3.546352431850204,3,0.33295870401182187,-0.39041870956072244,0.4454932675641555
8,0.1599254853255776,-3.546352431850204,4,0.31614700589639816,-0.3754909970685931,0.4263402407547964
8,0.1599254853255776,-3.546352431850204,5,0.2993833940959596,-0.3606059821481177,0.3931983339126594
8,0.1599254853255776,-3.546352431850204,6,0.28267525482879813,-0.34577022328864715,0.3461254028410085
8,0.1599254853255776,-3.546352431850204,7,0.2624241501115793,-0.33046716103994506,0.3028567957871896
8,0.1599254853255776,-3.546352431850204,8,0.23436243025774067,-0.31812451485164145,0.28524932214689513
8,0.1599254853255776,-3.546352431850204,9,0.2048901418942979,-0.30707533366688794,0.2588964260642034
8,0.1599254853255776,-3.546352431850204,10,0.1755153813291453,-0.29606279648053735,0.2185901139882991
8,0.1599254853255776,-3.546352431850204,11,0.14625046389045224,-0.2850914392558792,0.1643964643433557
8,0.1599254853255776,-3.546352431850204,12,0.11981414170236494,-0.27828238938636074,0.11610203952951326
8,0.1599254853255776,-3.546352431850204,13,0.10248277760361257,-0.2775784643221892,0.10166365147592324
8,0.1599254853255776,-3.546352431850204,14,0.09085114407867743,-0.27802540307930634,0.09858082338836924
8,0.1599254853255776,-3.546352431850204,15,0.08234133561124701,-0.27777007836276485,0.09845759648496878
8,0.1599254853255776,-3.546352431850204,16,0.07660594046031298,-0.2771347654690173,0.09852112577727636
8,0.1599254853255776,-3.546352431850204,17,0.07416353088031252,-0.27668428573426523,0.09922121641484193
8,0.1599254853255776,-3.546352431850204,18,0.07407568476320318,-0.27675707624680973,0.09962705823879142
8,0.1599254853255776,-3.546352431850204,19,0.07410246871378527,-0.27681706863555766,0.09981864082419248
8,0.1599254853255776,-3.546352431850204,20,0.07408939618258834,-0.27683394299066194,0.0999091223510391
8,0.1599254853255776,-3.546352431850204,21,0.07407532110102472,-0.2768382130073854,0.09995184434289556
8,0.1599254853255776,-3.546352431850204,22,0.07406872265277292,-0.276840215591936,0.0999720140663005
8,0.1599254853255776,-3.546352431850204,23,0.07406563590970038,-0.27684115086730915,0.09998153672511828
8,0.1599254853255776,-3.546352431850204,24,0.07406449515900301,-0.27684103821358946,0.09998602049921879
8,0.1599254853255776,-3.546352431850204,25,0.07406469240261529,-0.27683942926566435,0.09998812102106779
8,0.1599254853255776,-3.546352431850204,26,0.07406463048659895,-0.2768387521883535,0.09998891429817512
8,0.1599254853255776,-3.546352431850204,27,0.07406454443949757,-0.27683846571318016,0.09998921505018689
8,0.1599254853255776,-3.546352431850204,28,0.07406450427090676,-0.2768383301677603,0.09998935666470213
8,0.1599254853255776,-3.546352431850204,29,0.07406448538014224,-0.2768382662850833,0.09998942335447446
8,0.1599254853255776,-3.546352431850204,30,0.0740644764830326,-0.27683823619888026,0.09998945476100919
9,0.22769646000993737,9.866738048505391,1,0.2002471837067076,-0.31934508891530666,0.47534050663261335
9,0.22769646000993737,9.866738048505391,2,0.3542075739796259,-0.3516993551298555,0.45641746339779976
9,0.22769646000993737,9.866738048505391,3,0.3200808785098236,-0.38641761575359246,0.4459338054440023
9,0.22769646000993737,9.866738048505391,4,0.2940151164149893,-0.37288898209523,0.4252113426792926
9,0.22769646000993737,9.866738048505391,5,0.268030094267811,-0.359402254028174,0.39051079638750846
9,0.22769646000993737,9.866738048505391,6,0.24213626580974212,-0.3459628572460206,0.34189251526726433
9,0.22769646000993737,9.866738048505391,7,0.21313153368502621,-0.335497070944692,0.2971276435136218
9,0.22769646000993737,9.866738048505391,8,0.18015392647740947,-0.32910777860145596,0.2622086234633602
9,0.22769646000993737,9.866738048505391,9,0.14733917608390543,-0.32275853247581476,0.21360340604363934
9,0.22769646000993737,9.866738048505391,10,0.11465766375170014,-0.3164350662581218,0.15115952044360137
9,0.22769646000993737,9.866738048505391,11,0.07872412064260204,-0.3085378504766696,0.09891098506510672
9,0.22769646000993737,9.866738048505391,12,0.05231226827514058,-0.2969516651262082,0.1057213783180844
9,0.22769646000993737,9.866738048505391,13,0.02710554272347548,-0.2854927382756799,0.10330477527617234
9,0.22769646000993737,9.866738048505391,14,0.0038524106105932336,-0.27537603961270046,0.09763667678489664
9,0.22769646000993737,9.866738048505391,15,-0.015101580939869411,-0.2672587801025646,0.09823403630294143
9,0.22769646000993737,9.866738048505391,16,-0.031220025079453796,-0.2604398538175452,0.09794395379953122
9,0.22769646000993737,9.866738048505391,17,-0.04456786129674672,-0.25506726878022057,0.09726442551577441
9,0.22769646000993737,9.866738048505391,18,-0.05474788300324269,-0.25123785670409604,0.09774249920773377
9,0.22769646000993737,9.866738048505391,19,-0.06158403811247373,-0.24848988910751768,0.09872407960698959
9,0.22769646000993737,9.866738048505391,20,-0.06552900024817047,-0.24722802009648523,0.09923257382024085
9,0.22769646000993737,9.866738048505391,21,-0.06638029976526742,-0.24692146664015396,0.09940149641883438
9,0.22769646000993737,9.866738048505391,22,-0.06647200324177746,-0.2468757339045086,0.09971221814663497
9,0.22769646000993737,9.866738048505391,23,-0.06651628472454756,-0.24685399085735787,0.099858887544313
9,0.22769646000993737,9.866738048505391,24,-0.06653708416085975,-0.24684376660592366,0.09992812724238105
9,0.22769646000993737,9.866738048505391,25,-0.06654684736178035,-0.24683896012647966,0.09996081595431354
9,0.22769646000993737,9.866738048505391,26,-0.06655142804322386,-0.24683670061545912,0.09997624911864653
9,0.22769646000993737,9.866738048505391,27,-0.06655357542483052,-0.24683563829764057,0.09998353561767351
9,0.22769646000993737,9.866738048505391,28,-0.0665542517096602,-0.24683671260550383,0.09998695235521911
9,0.22769646000993737,9.866738048505391,29,-0.06655453717062927,-0.24683795005592418,0.09998839916096983
9,0.22769646000993737,9.866738048505391,30,-0.0665547853355129,-0.24683830798976644,0.0999889115386054
10,0.22242546676557123,6.945394039027229,1,0.2002471837067076,-0.31934508891530666,0.47534050663261335
10,0.22242546676557123,6.945394039027229,2,0.3545496273112114,-0.35164417453172725,0.4564174688303367
10,0.22242546676557123,6.945394039027229,3,0.32116669227905276,-0.38637065583644004,0.4459270790673814
10,0.22242546676557123,6.945394039027229,4,0.2957460249981696,-0.3731948433739005,0.4252226806116977
10,0.22242546676557123,6.945394039027229,5,0.27040354046017073,-0.36005955389003297,0.3905395615287435
10,0.22242546676557123,6.945394039027229,6,0.24514955189672788,-0.3469701328466573,0.3419379402523861
10,0.22242546676557123,6.945394039027229,7,0.2166944741233385,-0.3368155035034768,0.29730170589556026
10,0.22242546676557123,6.945394039027229,8,0.1837966521241489,-0.33090754160700925,0.26353825529837116
10,0.22242546676557123,6.945394039027229,9,0.15078168283609533,-0.32515279862400315,0.21644210157263097
10,0.22242546676557123,6.945394039027229,10,0.1178991484782175,-0.31942113998732746,0.15549853183730408
10,0.22242546676557123,6.945394039027229,11,0.08305325487338093,-0.3127799516589174,0.09862427187175214
10,0.22242546676557123,6.945394039027229,12,0.05556506052831848,-0.3123763578587767,0.10474860587039823
10,0.22242546676557123,6.945394039027229,13,0.028943557571092914,-0.3124540748305728,0.10053003982231877
10,0.22242546676557123,6.945394039027229,14,0.0063511883699849305,-0.31314443487904425,0.09956479436801792
10,0.22242546676557123,6.945394039027229,15,-0.013515862412115111,-0.31332572665781794,0.09674393500560419
10,0.22242546676557123,6.945394039027229,16,-0.029856263607465024,-0.3133178073178023,0.0965699478835334
10,0.22242546676557123,6.945394039027229,17,-0.04269952119717218,-0.3128213847874184,0.0975487802794091
10,0.22242546676557123,6.945394039027229,18,-0.052235944776126635,-0.31224976524798154,0.09808927800584875
10,0.22242546676557123,6.945394039027229,19,-0.05835347557454998,-0.3116576909470952,0.09858886518670655
10,0.22242546676557123,6.945394039027229,20,-0.061026086549018047,-0.31125121971061687,0.0991476319175766
10,0.22242546676557123,6.945394039027229,21,-0.06115146911824511,-0.3112957806665103,0.09959230654738552
10,0.22242546676557123,6.945394039027229,22,-0.06112950574983839,-0.3113309858640117,0.09980222749348076
10,0.22242546676557123,6.945394039027229,23,-0.06113798924774192,-0.31134069622334837,0.09990138525961839
10,0.22242546676557123,6.945394039027229,24,-0.061147812003871,-0.31134295986715366,0.09994821874402364
10,0.22242546676557123,6.945394039027229,25,-0.06115240575326434,-0.31134401959701247,0.09997033069705243
10,0.22242546676557123,6.945394039027229,26,-0.06115455389224923,-0.31134451576768446,0.09998077072868686
10,0.22242546676557123,6.945394039027229,27,-0.06115536416269076,-0.3113448362837932,0.09998568317891696
10,0.22242546676557123,6.945394039027229,28,-0.061154074576744745,-0.31134557117311007,0.09998796167929844
10,0.22242546676557123,6.945394039027229,29,-0.061153365173737075,-0.31134593444742165,0.09998903747148426
10,0.22242546676557123,6.945394039027229,30,-0.06115312879898871,-0.3113459506662528,0.09998932440450758
11,0.22242546676557123,7.668534893920357,1,0.2002471837067076,-0.31934508891530666,0.47534050663261335
11,0.22242546676557123,7.668534893920357,2,0.3545496273112114,-0.35164417453172725,0.4564174688303367
11,0.22242546676557123,7.668534893920357,3,0.32116669227905276,-0.38637065583644004,0.4459270790673814
11,0.22242546676557123,7.668534893920357,4,0.2957460249981696,-0.3731948433739005,0.4252226806116977
11,0.22242546676557123,7.668534893920357,5,0.27040354046017073,-0.36005955389003297,0.3905395615287435
11,0.22242546676557123,7.668534893920357,6,0.24514955189672788,-0.3469701328466573,0.3419379402523861
11,0.22242546676557123,7.668534893920357,7,0.21669459141037054,-0.3368150287625387,0.2973005187610126
11,0.22242546676557123,7.668534893920357,8,0.18379523855909893,-0.33090678454648864,0.2635391795885984
11,0.22242546676557123,7.668534893920357,9,0.15077817130568205,-0.3251519976521706,0.21644645082073835
11,0.22242546676557123,7.668534893920357,10,0.1178935450608849,-0.3194202948729506,0.1555062884890065
11,0.22242546676557123,7.668534893920357,11,0.08304791708035915,-0.3127873003494038,0.09860419233522255
11,0.22242546676557123,7.668534893920357,12,0.05557274534238408,-0.3123936781149801,0.10472480176210684
11,0.22242546676557123,7.668534893920357,13,0.028965355804705443,-0.31248053777490614,0.10050475804678669
11,0.22242546676557123,7.668534893920357,14,0.006529498052889895,-0.3129209656737071,0.10013603785662363
11,0.22242546676557123,7.668534893920357,15,-0.013033188477184692,-0.31267779008029406,0.09861165607402543
11,0.22242546676557123,7.668534893920357,16,-0.029027951897112853,-0.3119037002506459,0.09850876759868088
11,0.22242546676557123,7.668534893920357,17,-0.041580265481178734,-0.31096382767067915,0.09873224975655157
11,0.22242546676557123,7.668534893920357,18,-0.050793660361761354,-0.30986431110626106,0.09885977667090362
11,0.22242546676557123,7.668534893920357,19,-0.05652914440519668,-0.3089772032821569,0.09931171327987713
11,0.22242546676557123,7.668534893920357,20,-0.058922327883310234,-0.3085312402024845,0.09957311893021924
11,0.22242546676557123,7.668534893920357,21,-0.05905558965499916,-0.30852689283126106,0.09979317712672515
11,0.22242546676557123,7.668534893920357,22,-0.05907576878936821,-0.3085407747522161,0.09989708300558453
11,0.22242546676557123,7.668534893920357,23,-0.05908744368190644,-0.3085483540560422,0.09994615946222289
11,0.22242546676557123,7.668534893920357,24,-0.05909292536330293,-0.30855191559664374,0.09996932949828159
11,0.22242546676557123,7.668534893920357,25,-0.059095499401920555,-0.3085535893697075,0.09998026875134873
11,0.22242546676557123,7.668534893920357,26,-0.05909659957619814,-0.30855405991873114,0.09998542534541836
11,0.22242546676557123,7.668534893920357,27,-0.05909657954428958,-0.30855246720682855,0.0999878400215692
11,0.22242546676557123,7.668534893920357,28,-0.05909668602951001,-0.3085517222925107,0.09998877136465543
11,0.22242546676557123,7.668534893920357,29,-0.05909682503695743,-0.30855146686673207,0.09998907683398789
11,0.22242546676557123,7.668534893920357,30,-0.05909687003585783,-0.3085512348093184,0.09998923990922917
12,0.22242546676557123,6.952226237933293,1,0.2002471837067076,-0.31934508891530666,0.47534050663261335
12,0.22242546676557123,6.952226237933293,2,0.3545496273112114,-0.35164417453172725,0.4564174688303367
12,0.22242546676557123,6.952226237933293,3,0.32116669227905276,-0.38637065583644004,0.4459270790673814
12,0.22242546676557123,6.952226237933293,4,0.2957460249981696,-0.3731948433739005,0.4252226806116977
12,0.22242546676557123,6.952226237933293,5,0.27040354046017073,-0.36005955389003297,0.3905395615287435
12,0.22242546676557123,6.952226237933293,6,0.24514955189672788,-0.3469701328466573,0.3419379402523861
12,0.22242546676557123,6.952226237933293,7,0.21669455321710931,-0.3368149811956389,0.29730051569692023
12,0.22242546676557123,6.952226237933293,8,0.18379515774049454,-0.33090648755773766,0.2635385778212022
12,0.22242546676557123,6.952226237933293,9,0.15077809487126828,-0.3251514794029427,0.21644525923285918
12,0.22242546676557123,6.952226237933293,10,0.11789347366972733,-0.3194195563687287,0.15550451054289463
12,0.22242546676557123,6.952226237933293,11,0.0830470038885427,-0.3127834956382901,0.09861257572847434
12,0.22242546676557123,6.952226237933293,12,0.05556629769739603,-0.3123859445350382,0.10473312118575477
12,0.22242546676557123,6.952226237933293,13,0.028953004067639117,-0.31246915918646173,0.10051224385070073
12,0.22242546676557123,6.952226237933293,14,0.006371563714320965,-0.31316825909039375,0.0995571107855342
12,0.22242546676557123,6.952226237933293,15,-0.01348463292609508,-0.31335926393934366,0.09674666452524944
12,0.22242546676557123,6.952226237933293,16,-0.02981793889173889,-0.313359802707738,0.09657014540293904
12,0.22242546676557123,6.952226237933293,17,-0.04265438210869077,-0.3128705867733417,0.09754883306087024
12,0.22242546676557123,6.952226237933293,18,-0.05218428168208465,-0.31230424807064333,0.09808923914663206
12,0.22242546676557123,6.952226237933293,19,-0.058295571841539114,-0.3117157626367798,0.09858885053304875
12,0.22242546676557123,6.952226237933293,20,-0.060962062169818684,-0.3113116001213674,0.09914764562094151
12,0.22242546676557123,6.952226237933293,21,-0.06108527130190004,-0.3113565879825328,0.09959231692441477
12,0.22242546676557123,6.952226237933293,22,-0.06106310710867468,-0.3113919199736667,0.09980223235270168
12,0.22242546676557123,6.952226237933293,23,-0.06107171411499896,-0.3114016073976777,0.09990138769068109
12,0.22242546676557123,6.952226237933293,24,-0.06108165770835966,-0.31140383634884455,0.0999482199262601
12,0.22242546676557123,6.952226237933293,25,-0.06108630793284114,-0.31140487990638255,0.0999703312687584
12,0.22242546676557123,6.952226237933293,26,-0.061088482463658056,-0.3114053685397683,0.099980771004416
12,0.22242546676557123,6.952226237933293,27,-0.061089308400657946,-0.31140568399848373,0.09998568331144257
12,0.22242546676557123,6.952226237933293,28,-0.06108802574264458,-0.31140641651581413,0.09998796174205152
12,0.22242546676557123,6.952226237933293,29,-0.06108731661377387,-0.31140677994790367,0.09998903750111748
12,0.22242546676557123,6.952226237933293,30,-0.061087080290720824,-0.3114067963666371,0.09998932450628559
13,0.22298398238096506,6.698993377435739,1,0.2002471837067076,-0.31934508891530666,0.47534050663261335
13,0.22298398238096506,6.698993377435739,2,0.35451338313616254,-0.3516500215435432,0.4564174682617159
13,0.22298398238096506,6.698993377435739,3,0.32105163635283523,-0.38637563074116127,0.44592775444772803
13,0.22298398238096506,6.698993377435739,4,0.2955626419583001,-0.3731624687605977,0.42522132748422103
13,0.22298398238096506,6.698993377435739,5,0.27015209961083675,-0.359989975297184,0.3905362474653953
13,0.22298398238096506,6.698993377435739,6,0.24483033768058135,-0.34686350444318026,0.3419327465243163
13,0.22298398238096506,6.698993377435739,7,0.21631732241791807,-0.33667620296623585,0.2972814874377734
13,0.22298398238096506,6.698993377435739,8,0.18340946411855508,-0.33072448658614384,0.2633959226184081
13,0.22298398238096506,6.698993377435739,9,0.1504055831899209,-0.3249182039288684,0.2161347465007717
13,0.22298398238096506,6.698993377435739,10,0.11753427401441521,-0.3191352442581441,0.15502711126404461
13,0.22298398238096506,6.698993377435739,11,0.08261714253201,-0.3121252091244653,0.09925239027082504
13,0.22298398238096506,6.698993377435739,12,0.054507624509234985,-0.3112963448568948,0.10549893581482342
13,0.22298398238096506,6.698993377435739,13,0.02732087001710273,-0.3109502313657507,0.10194206805689532
13,0.22298398238096506,6.698993377435739,14,0.003279960157849867,-0.3094439085353545,0.10013760654932931
13,0.22298398238096506,6.698993377435739,15,-0.01763045039715745,-0.30747309869281586,0.0979942912475143
13,0.22298398238096506,6.698993377435739,16,-0.03471307590302933,-0.3054842867904295,0.09813795224027733
13,0.22298398238096506,6.698993377435739,17,-0.048401435877974276,-0.30354952619251074,0.09806073385241516
13,0.22298398238096506,6.698993377435739,18,-0.05849705641874349,-0.3018962226145206,0.09857318881104328
13,0.22298398238096506,6.698993377435739,19,-0.0652877073587139,-0.3007572963210501,0.09874561019011789
13,0.22298398238096506,6.698993377435739,20,-0.06864831039561863,-0.3002132466406297,0.09914307070549383
13,0.22298398238096506,6.698993377435739,21,-0.06907743994346091,-0.30006066719396407,0.09959013250581812
13,0.22298398238096506,6.698993377435739,22,-0.06908771473053586,-0.3000296441635295,0.09980122996638753
13,0.22298398238096506,6.698993377435739,23,-0.06909283541670326,-0.3000143984351366,0.09990090171572724
13,0.22298398238096506,6.698993377435739,24,-0.06909526001953108,-0.30000722810001507,0.09994796058016735
13,0.22298398238096506,6.698993377435739,25,-0.06909642076898734,-0.3000038529116911,0.09997017912639398
13,0.22298398238096506,6.698993377435739,26,-0.0690969891253502,-0.30000226110461237,0.09998066952779479
13,0.22298398238096506,6.698993377435739,27,-0.06909765023186913,-0.30000236833290356,0.09998560751982132
13,0.22298398238096506,6.698993377435739,28,-0.06909857882198867,-0.30000371916240726,0.09998792603256641
13,0.22298398238096506,6.698993377435739,29,-0.06909900617960296,-0.3000042131537788,0.09998890136717048
13,0.22298398238096506,6.698993377435739,30,-0.06909924793091439,-0.30000430274491285,0.09998917006675413
14,0.30520855555926546,3.891723048355981,1,0.2002471837067076,-0.31934508891530666,0.47534050663261335
14,0.30520855555926546,3.891723048355981,2,0.3491778671297177,-0.3525106619504316,0.45641736060778776
14,0.30520855555926546,3.891723048355981,3,0.3041438380296855,-0.38710395254578883,0.44612117830486464
14,0.30520855555926546,3.891723048355981,4,0.2686033137372169,-0.36825178102950246,0.425372599479494
14,0.30520855555926546,3.891723048355981,5,0.23318501876849135,-0.34946444502764357,0.3906550879148455
14,0.30520855555926546,3.891723048355981,6,0.19790089846013662,-0.3307482808433312,0.34203119372039115
14,0.30520855555926546,3.891723048355981,7,0.16276515888412735,-0.31211082396769174,0.2795766037479772
14,0.30520855555926546,3.891723048355981,8,0.12779320030057428,-0.29356024333888214,0.20338088635589904
14,0.30520855555926546,3.891723048355981,9,0.0930009849243191,-0.2751050059792089,0.1135475681554859
14,0.30520855555926546,3.891723048355981,10,0.0584460444495806,-0.2632694448679972,0.10706436925053621
14,0.30520855555926546,3.891723048355981,11,0.029162371431281874,-0.25154538057787845,0.11733452973003829
14,0.30520855555926546,3.891723048355981,12,0.0011984979916995478,-0.2400041700314059,0.11999640382938213
14,0.30520855555926546,3.891723048355981,13,-0.025533279076525833,-0.22954816370923187,0.11659654012802025
14,0.30520855555926546,3.891723048355981,14,-0.0512691187342385,-0.22002871831268297,0.10627721226525312
14,0.30520855555926546,3.891723048355981,15,-0.07313527613781262,-0.2125435820875031,0.10085575890685652
14,0.30520855555926546,3.891723048355981,16,-0.09130182471655789,-0.20677604962657667,0.09846362855948472
14,0.30520855555926546,3.891723048355981,17,-0.10646087544007087,-0.20279650457549106,0.09807187617320472
14,0.30520855555926546,3.891723048355981,18,-0.1185589913508889,-0.2000684174693607,0.09800347985948188
14,0.30520855555926546,3.891723048355981,19,-0.12738120741073095,-0.1985295920014465,0.09839092712197739
14,0.30520855555926546,3.891723048355981,20,-0.13293084543285535,-0.19756482902187608,0.0984798217584702
14,0.30520855555926546,3.891723048355981,21,-0.1351353987685571,-0.19726830965385042,0.0991922436071907
14,0.30520855555926546,3.891723048355981,22,-0.13514847743835004,-0.19723704719628585,0.09961337239806617
14,0.30520855555926546,3.891723048355981,23,-0.1351141540493392,-0.19721761721658854,0.09981219958026404
14,0.30520855555926546,3.891723048355981,24,-0.13509791573626406,-0.1972085154825378,0.09990607223978319
14,0.30520855555926546,3.891723048355981,25,-0.1350902907851277,-0.197204227199803,0.09995039348748555
14,0.30520855555926546,3.891723048355981,26,-0.13508660950691317,-0.19720225469086497,0.0999713202229721
14,0.30520855555926546,3.891723048355981,27,-0.13508474739608312,-0.19720138966261266,0.09998120140498716
14,0.30520855555926546,3.891723048355981,28,-0.13508374699033535,-0.19720107413670307,0.09998586480844396
14,0.30520855555926546,3.891723048355981,29,-0.1350848350094822,-0.1972004871027183,0.09998804751076999
14,0.30520855555926546,3.891723048355981,30,-0.13508545106492575,-0.19720004259107052,0.09998886984964638
15,0.23986184353374526,7.049030526799699,1,0.2002471837067076,-0.31934508891530666,0.47534050663261335
15,0.23986184353374526,7.049030526799699,2,0.353418129783162,-0.35182670618119305,0.4564174502750544
15,0.23986184353374526,7.049030526799699,3,0.3175752411173544,-0.3865260120394958,0.4459522944915825
15,0.23986184353374526,7.049030526799699,4,0.290019057255861,-0.37217981430767716,0.4251969933301667
15,0.23986184353374526,7.049030526799699,5,0.2625496478355075,-0.3578787927619705,0.39046507368991495
15,0.23986184353374526,7.049030526799699,6,0.2351777709201597,-0.3436285482254871,0.3418171936635337
15,0.23986184353374526,7.049030526799699,7,0.20507492027572102,-0.3329078971437197,0.29776434446567435
15,0.23986184353374526,7.049030526799699,8,0.1715339238845541,-0.32655986272278287,0.2628394904322482
15,0.23986184353374526,7.049030526799699,9,0.1381148543565324,-0.32023490441786406,0.21400280654968004
15,0.23986184353374526,7.049030526799699,10,0.1048321486465655,-0.3139357545952183,0.15132949792573888
15,0.23986184353374526,7.049030526799699,11,0.06670849205865066,-0.30245436993493574,0.10430444027999475
15,0.23986184353374526,7.049030526799699,12,0.03490339295718918,-0.2978922858209343,0.10125765767231838
15,0.23986184353374526,7.049030526799699,13,0.006797102287745165,-0.2950240076035977,0.10119543473911025
15,0.23986184353374526,7.049030526799699,14,-0.01862528100269945,-0.2924430865108177,0.09794342431259001
15,0.23986184353374526,7.049030526799699,15,-0.03978998323932325,-0.2900014320770278,0.09806730563884576
15,0.23986184353374526,7.049030526799699,16,-0.05754190606077235,-0.2875370647234445,0.09812145475064232
15,0.23986184353374526,7.049030526799699,17,-0.07178692894018643,-0.28533485483618515,0.09845808152605696
15,0.23986184353374526,7.049030526799699,18,-0.08269041854842037,-0.2834184453543124,0.09855598592924877
15,0.23986184353374526,7.049030526799699,19,-0.0901189399795867,-0.2819727264572153,0.09896344359561124
15,0.23986184353374526,7.049030526799699,20,-0.09418481909445747,-0.28115243783157057,0.0992855118546777
15,0.23986184353374526,7.049030526799699,21,-0.09510358722639807,-0.28083788331506304,0.0996575462822059
15,0.23986184353374526,7.049030526799699,22,-0.09501737042789796,-0.28079963484145826,0.09983306643228462
15,0.23986184353374526,7.049030526799699,23,-0.09496754827196366,-0.2807591043187968,0.09991591222253925
15,0.23986184353374526,7.049030526799699,24,-0.09496396033678613,-0.28078120955020547,0.0999550449349617
15,0.23986184353374526,7.049030526799699,25,-0.09496230524948247,-0.2807916284832119,0.09997352229947981
15,0.23986184353374526,7.049030526799699,26,-0.09496038867300664,-0.2807970276820679,0.09998222695725725
15,0.23986184353374526,7.049030526799699,27,-0.09495839475964239,-0.2808001277902648,0.09998632994887321
15,0.23986184353374526,7.049030526799699,28,-0.094957806015418,-0.28080154296527426,0.0999879995915477
15,0.23986184353374526,7.049030526799699,29,-0.09495754345773101,-0.2808022267952474,0.09998874990586065
15,0.23986184353374526,7.049030526799699,30,-0.0949573062926574,-0.28080262827285596,0.09998910069950433
16,0.20878346894159372,-5.377183748866696,1,0.2002471837067076,-0.31934508891530666,0.47534050663261335
16,0.20878346894159372,-5.377183748866696,2,0.35543491707551683,-0.3515013538833348,0.45641748221751205
16,0.20878346894159372,-5.377183748866696,3,0.3239769955317563,-0.3862492957796972,0.4459133941274368
16,0.20878346894159372,-5.377183748866696,4,0.3002224766876912,-0.3739836152098224,0.4252674018824202
16,0.20878346894159372,-5.377183748866696,5,0.27653968599906276,-0.3617549715779814,0.3906410337821719
16,0.20878346894159372,-5.377183748866696,6,0.252938548411144,-0.3495684896441913,0.34209418078012205
16,0.20878346894159372,-5.377183748866696,7,0.22593141322023338,-0.3402171351003822,0.2977724656504803
16,0.20878346894159372,-5.377183748866696,8,0.19281977993684943,-0.33450938878440156,0.2681628781851785
16,0.20878346894159372,-5.377183748866696,9,0.1596584215457151,-0.3288710711330788,0.2250756528033781
16,0.20878346894159372,-5.377183748866696,10,0.12662577134967135,-0.32325463731654014,0.16811848530905377
16,0.20878346894159372,-5.377183748866696,11,0.09327135019909417,-0.31714065190370966,0.10017195116835337
16,0.20878346894159372,-5.377183748866696,12,0.06433881024101136,-0.321760248594534,0.10996188293068658
16,0.20878346894159372,-5.377183748866696,13,0.03748928906528693,-0.3276724247754909,0.11866086553110299
16,0.20878346894159372,-5.377183748866696,14,0.011722246054838062,-0.3331368137905035,0.11770857529485122
16,0.20878346894159372,-5.377183748866696,15,-0.012626812157221636,-0.3378653454647453,0.10898347691230187
16,0.20878346894159372,-5.377183748866696,16,-0.03462145444177239,-0.3415177960776011,0.0975027816054944
16,0.20878346894159372,-5.377183748866696,17,-0.05131134366617929,-0.34444804197576395,0.09613872219162396
16,0.20878346894159372,-5.377183748866696,18,-0.06435980397748615,-0.3462671037010335,0.09727665642823044
16,0.20878346894159372,-5.377183748866696,19,-0.07413982173890553,-0.3475792344473031,0.09778177498354053
16,0.20878346894159372,-5.377183748866696,20,-0.08045228906500716,-0.3481722976243909,0.09856022724861817
16,0.20878346894159372,-5.377183748866696,21,-0.08332817028580392,-0.3483032967172814,0.09931517795957313
16,0.20878346894159372,-5.377183748866696,22,-0.08351176066913837,-0.3483557508485101,0.09967141758155074
16,0.20878346894159372,-5.377183748866696,23,-0.0834595583625895,-0.3483192049586372,0.09983961652627127
16,0.20878346894159372,-5.377183748866696,24,-0.08343507841534081,-0.34830203687346095,0.09991902210378324
16,0.20878346894159372,-5.377183748866696,25,-0.08342358716363459,-0.3482939673201255,0.09995651381910883
16,0.20878346894159372,-5.377183748866696,26,-0.08341818028115704,-0.34829016904830973,0.09997421641770098
16,0.20878346894159372,-5.377183748866696,27,-0.08341509782245611,-0.34828861954218304,0.0999825637265825
16,0.20878346894159372,-5.377183748866696,28,-0.08341200378446458,-0.3482885154241615,0.099986488935935
16,0.20878346894159372,-5.377183748866696,29,-0.08341058958380884,-0.3482884214192535,0.09998827510200581
16,0.20878346894159372,-5.377183748866696,30,-0.08340996379106391,-0.3482882128714022,0.09998886695910562
17,0.20878346894159372,-5.418241756236049,1,0.2002471837067076,-0.31934508891530666,0.47534050663261335
17,0.20878346894159372,-5.418241756236049,2,0.35543491707551683,-0.3515013538833348,0.45641748221751205
17,0.20878346894159372,-5.418241756236049,3,0.3239769955317563,-0.3862492957796972,0.4459133941274368
17,0.20878346894159372,-5.418241756236049,4,0.3002224766876912,-0.3739836152098224,0.4252674018824202
17,0.20878346894159372,-5.418241756236049,5,0.27653968599906276,-0.3617549715779814,0.3906410337821719
17,0.20878346894159372,-5.418241756236049,6,0.252938548411144,-0.3495684896441913,0.34209418078012205
17,0.20878346894159372,-5.418241756236049,7,0.22593375048601716,-0.3402193641231917,0.2977720578018382
17,0.20878346894159372,-5.418241756236049,8,0.19282841223934366,-0.3345111715469193,0.26815796489714094
17,0.20878346894159372,-5.418241756236049,9,0.1596736302201959,-0.32887214491091943,0.22506518284870036
17,0.20878346894159372,-5.418241756236049,10,0.1266475321489299,-0.32325500507873905,0.1681024822597777
17,0.20878346894159372,-5.418241756236049,11,0.09329969495875207,-0.3171409610422613,0.10014837358708666
17,0.20878346894159372,-5.418241756236049,12,0.06437512100941195,-0.3217651167741594,0.10995385875715069
17,0.20878346894159372,-5.418241756236049,13,0.037532863869204534,-0.32768223060763435,0.11866750228711721
17,0.20878346894159372,-5.418241756236049,14,0.011772785385149262,-0.333151627748483,0.11772869185834003
17,0.20878346894159372,-5.418241756236049,15,-0.012569145334792484,-0.337885219242368,0.10901822440094804
17,0.20878346894159372,-5.418241756236049,16,-0.03455844054049716,-0.3415424495391369,0.09754640733280973
17,0.20878346894159372,-5.418241756236049,17,-0.05125370737922576,-0.34447175598294055,0.09615069042662927
17,0.20878346894159372,-5.418241756236049,18,-0.06435975990752497,-0.34628869626761166,0.09706029207872144
17,0.20878346894159372,-5.418241756236049,19,-0.0740816028594224,-0.34733544578161485,0.09809018451567096
17,0.20878346894159372,-5.418241756236049,20,-0.08049175790603365,-0.347960046070274,0.09857198068823185
17,0.20878346894159372,-5.418241756236049,21,-0.08345732187831874,-0.34805205664206734,0.09923093553108285
17,0.20878346894159372,-5.418241756236049,22,-0.08373646536376467,-0.34809797847149665,0.09957625550233148
17,0.20878346894159372,-5.418241756236049,23,-0.08373818817477764,-0.34806055003741665,0.09979472064474064
17,0.20878346894159372,-5.418241756236049,24,-0.08373899583570252,-0.34804300125613097,0.099897848292289
17,0.20878346894159372,-5.418241756236049,25,-0.08373937767172507,-0.34803479055334596,0.09994652484750265
17,0.20878346894159372,-5.418241756236049,26,-0.08373956214411583,-0.34803094849019334,0.09996950066115214
17,0.20878346894159372,-5.418241756236049,27,-0.08373965464870452,-0.34802914883583913,0.09998034556264068
17,0.20878346894159372,-5.418241756236049,28,-0.08373934114889406,-0.3480290273341448,0.09998495957034545
17,0.20878346894159372,-5.418241756236049,29,-0.08373898363054476,-0.3480299011573443,0.0999859348721181
17,0.20878346894159372,-5.418241756236049,30,-0.0837388369284635,-0.3480302830110424,0.09998640343248814
18,0.21311349696642462,5.869633874514981,1,0.2002471837067076,-0.31934508891530666,0.47534050663261335
18,0.21311349696642462,5.869633874514981,2,0.35515392042044386,-0.3515466867539847,0.45641747807140537
18,0.21311349696642462,5.869633874514981,3,0.3230850142904568,-0.3862877740469683,0.4459171449296543
18,0.21311349696642462,5.869633874514981,4,0.29880231915276456,-0.3737336064996118,0.4252507194119904
18,0.21311349696642462,5.869633874514981,5,0.2745933750755087,-0.3612175682935111,0.3906044444121327
18,0.21311349696642462,5.869633874514981,6,0.2504682341122503,-0.3487448563462192,0.34203831340380497
18,0.21311349696642462,5.869633874514981,7,0.22299450271725776,-0.33913437896827175,0.2976215159212276
18,0.21311349696642462,5.869633874514981,8,0.19003142564347095,-0.3336728564722319,0.2663759185836626
18,0.21311349696642462,5.869633874514981,9,0.15703665220861998,-0.32827666701016667,0.22161244258610757
18,0.21311349696642462,5.869633874514981,10,0.12417161099869853,-0.32290169483775594,0.16298812655854567
18,0.21311349696642462,5.869633874514981,11,0.09018804378815487,-0.31631222889556404,0.09789366027915636
18,0.21311349696642462,5.869633874514981,12,0.06261375614506748,-0.3164249724050102,0.10348114706840912
18,0.21311349696642462,5.869633874514981,13,0.036682132035462736,-0.31708409471477506,0.10195290166547219
18,0.21311349696642462,5.869633874514981,14,0.013046153893078808,-0.3174328400809426,0.09747294965205906
18,0.21311349696642462,5.869633874514981,15,-0.006296539386366771,-0.31713407925023535,0.09820980247181309
18,0.21311349696642462,5.869633874514981,16,-0.022414262673269573,-0.31653795520607836,0.09835321282226431
18,0.21311349696642462,5.869633874514981,17,-0.03529535134082766,-0.3156860658734548,0.09803322140840597
18,0.21311349696642462,5.869633874514981,18,-0.04479419729109208,-0.3146417434534229,0.0980555927341312
18,0.21311349696642462,5.869633874514981,19,-0.05081691627241602,-0.3139578764316701,0.0985580226626227
18,0.21311349696642462,5.869633874514981,20,-0.05354658159476664,-0.3136823110753748,0.09886457413866272
18,0.21311349696642462,5.869633874514981,21,-0.053938977884609426,-0.3133943262027644,0.09945873807028198
18,0.21311349696642462,5.869633874514981,22,-0.053815781362802476,-0.31338509563914635,0.09973937906803407
18,0.21311349696642462,5.869633874514981,23,-0.0537580801828813,-0.31338083027899866,0.09987178167982613
18,0.21311349696642462,5.869633874514981,24,-0.05373105263921892,-0.3133788667999911,0.0999342464776794
18,0.21311349696642462,5.869633874514981,25,-0.0537184114407469,-0.31337795309641225,0.09996371819949898
18,0.21311349696642462,5.869633874514981,26,-0.05371250158698543,-0.31337752290349313,0.09997762211637654
18,0.21311349696642462,5.869633874514981,27,-0.053709738020223,-0.31337731736873753,0.09998418177228492
18,0.21311349696642462,5.869633874514981,28,-0.05370975737003622,-0.3133779741259857,0.0999860273798798
18,0.21311349696642462,5.869633874514981,29,-0.053710093340708545,-0.3133781115667688,0.09998644869533924
18,0.21311349696642462,5.869633874514981,30,-0.05371021998123894,-0.3133781678448389,0.09998664615933706
19,0.22769646000993737,9.852213801529372,1,0.2002471837067076,-0.31934508891530666,0.47534050663261335
19,0.22769646000993737,9.852213801529372,2,0.3542075739796259,-0.3516993551298555,0.45641746339779976
19,0.22769646000993737,9.852213801529372,3,0.3200808785098236,-0.38641761575359246,0.4459338054440023
19,0.22769646000993737,9.852213801529372,4,0.2940151164149893,-0.37288898209523,0.4252113426792926
19,0.22769646000993737,9.852213801529372,5,0.268030094267811,-0.359402254028174,0.39051079638750846
19,0.22769646000993737,9.852213801529372,6,0.24213626580974212,-0.3459628572460206,0.34189251526726433
19,0.22769646000993737,9.852213801529372,7,0.21313165649487167,-0.335496342682921,0.2971258697300452
19,0.22769646000993737,9.852213801529372,8,0.18015430068509983,-0.32910647308765256,0.2622063351951846
19,0.22769646000993737,9.852213801529372,9,0.14733980187281323,-0.3227565934885033,0.2136005021972109
19,0.22769646000993737,9.852213801529372,10,0.11465854069727319,-0.31643249648491506,0.15115600452075822
19,0.22769646000993737,9.852213801529372,11,0.07872113809958832,-0.3085400617983709,0.09891239196667925
19,0.22769646000993737,9.852213801529372,12,0.05229966393767407,-0.2969638742253184,0.10572655860017019
19,0.22769646000993737,9.852213801529372,13,0.02708267894581995,-0.28551443126156795,0.10331110342040029
19,0.22769646000993737,9.852213801529372,14,0.00381924501094455,-0.2754071041621937,0.09764335565405391
19,0.22769646000993737,9.852213801529372,15,-0.015146562337780464,-0.2672979284601529,0.09823179264793111
19,0.22769646000993737,9.852213801529372,16,-0.031273675626665574,-0.260486280390275,0.09794312598941093
19,0.22769646000993737,9.852213801529372,17,-0.044629269960977054,-0.25511979399070495,0.0972650658796493
19,0.22769646000993737,9.852213801529372,18,-0.054816472738717203,-0.2512948611761372,0.0977428819258699
19,0.22769646000993737,9.852213801529372,19,-0.061659195575552155,-0.24854988957168767,0.09872419908087089
19,0.22769646000993737,9.852213801529372,20,-0.06560939924192186,-0.24728898050200718,0.09923263780757548
19,0.22769646000993737,9.852213801529372,21,-0.06646479599564747,-0.2469821212620822,0.09940152743938806
19,0.22769646000993737,9.852213801529372,22,-0.06655638115965051,-0.24693618968123737,0.09971223357268942
19,0.22769646000993737,9.852213801529372,23,-0.06660047133789244,-0.24691437375536152,0.09985889476779544
19,0.22769646000993737,9.852213801529372,24,-0.06662118087174239,-0.24690411528775227,0.09992813064418492
19,0.22769646000993737,9.852213801529372,25,-0.06663090185900228,-0.24689929275622316,0.09996081755973732
19,0.22769646000993737,9.852213801529372,26,-0.06663546272308592,-0.24689702571478583,0.09997624987706973
19,0.22769646000993737,9.852213801529372,27,-0.06663760080129918,-0.246895959864006,0.09998353597610755
19,0.22769646000993737,9.852213801529372,28,-0.06663827307974654,-0.24689703239227434,0.09998695252443969
19,0.22769646000993737,9.852213801529372,29,-0.06663854870257004,-0.2468982384566249,0.09998842290737105
19,0.22769646000993737,9.852213801529372,30,-0.06663880365227591,-0.24689862363526094,0.09998891118115452
20,0.22475107230579572,5.494690025774341,1,0.2002471837067076,-0.31934508891530666,0.47534050663261335
20,0.22475107230579572,5.494690025774341,2,0.354398710236515,-0.3516685208298722,0.45641746645176107
20,0.22475107230579572,5.494690025774341,3,0.3206876142580446,-0.3863913726349314,0.4459299497795436
20,0.22475107230579572,5.494690025774341,4,0.29498239449488656,-0.37305998636263116,0.4252172847855539
20,0.22475107230579572,5.494690025774341,5,0.2693564814238485,-0.35976973057497064,0.3905261804267475
20,0.22475107230579572,5.494690025774341,6,0.24382025092083248,-0.3465259864673195,0.34191691233955623
20,0.22475107230579572,5.494690025774341,7,0.21512292455252072,-0.33623450593478693,0.2972221476046707
20,0.22475107230579572,5.494690025774341,8,0.18228213704047372,-0.33008535825973173,0.26281205240737143
20,0.22475107230579572,5.494690025774341,9,0.14949739702024176,-0.32405225488976863,0.21504283686725273
20,0.22475107230579572,5.494690025774341,10,0.11684478743634003,-0.3180434663864236,0.15342993069058297
20,0.22475107230579572,5.494690025774341,11,0.08170491472328965,-0.31062321473017773,0.0994097131304952
20,0.22475107230579572,5.494690025774341,12,0.0532101359980888,-0.30903661850972625,0.10645594529659491
20,0.22475107230579572,5.494690025774341,13,0.025791071952358757,-0.3080150860876281,0.10462504261516056
20,0.22475107230579572,5.494690025774341,14,0.00015513608928576688,-0.3066050364834332,0.0976612729175748
20,0.22475107230579572,5.494690025774341,15,-0.02046829344080394,-0.3054559088590356,0.09815811352588474
20,0.22475107230579572,5.494690025774341,16,-0.03838950638601289,-0.30411439126375617,0.09694624549742897
20,0.22475107230579572,5.494690025774341,17,-0.05286629442736659,-0.3025964837614005,0.09705357574923949
20,0.22475107230579572,5.494690025774341,18,-0.06376657926680879,-0.3011583217726061,0.09800219893320909
20,0.22475107230579572,5.494690025774341,19,-0.0713559850995155,-0.2999223489500983,0.09841081113731981
20,0.22475107230579572,5.494690025774341,20,-0.07544955104748026,-0.2991198879193355,0.0991512480069321
20,0.22475107230579572,5.494690025774341,21,-0.07650334128693553,-0.2988213732215295,0.09938291472982762
20,0.22475107230579572,5.494690025774341,22,-0.07658479384852973,-0.29887542988975896,0.09970343895652853
20,0.22475107230579572,5.494690025774341,23,-0.07662309481908502,-0.29890081813364777,0.099854740313795
20,0.22475107230579572,5.494690025774341,24,-0.07664109571349965,-0.29891272914213685,0.09992616828159989
20,0.22475107230579572,5.494690025774341,25,-0.07664955713435977,-0.29891832090479437,0.09995989069176468
20,0.22475107230579572,5.494690025774341,26,-0.07665353713655416,-0.298920948743424,0.09997581208236093
20,0.22475107230579572,5.494690025774341,27,-0.07665541178501051,-0.2989221857615638,0.0999833291615841
20,0.22475107230579572,5.494690025774341,28,-0.07665475590315132,-0.2989233417272593,0.09998685486240202
20,0.22475107230579572,5.494690025774341,29,-0.07665379390852876,-0.29892421800224356,0.09998844334209708
20,0.22475107230579572,5.494690025774341,30,-0.07665353156174745,-0.2989246971828683,0.09998892537457565
