particle,elasticity,weight,frame,x,y,z
1,0.7771102857841039,67.81606522991719,1,-0.1772869106358605,-0.12940694352982568,0.1342029611305455
1,0.7771102857841039,67.81606522991719,2,-0.15728683864884774,-0.1683378092335356,0.11884307723857569
1,0.7771102857841039,67.81606522991719,3,-0.14111102245941273,-0.19063597512454014,0.2062263301547401
1,0.7771102857841039,67.81606522991719,4,-0.12501462455135065,-0.21282466388053692,0.2791475021922696
1,0.7771102857841039,67.81606522991719,5,-0.10898857647284617,-0.23491637625206513,0.3377135772157741
1,0.7771102857841039,67.81606522991719,6,-0.09302425959012334,-0.25692299292096726,0.3820144802369062
1,0.7771102857841039,67.81606522991719,7,-0.07711370260449503,-0.27885550222553873,0.4121236933692196
1,0.7771102857841039,67.81606522991719,8,-0.061250060504206415,-0.30072333993123623,0.4280992087472904
1,0.7771102857841039,67.81606522991719,9,-0.045428677292486494,-0.3225329242729835,0.4299858944302458
1,0.7771102857841039,67.81606522991719,10,-0.02964859222135406,-0.3442855796301884,0.4178216694445342
1,0.7771102857841039,67.81606522991719,11,-0.015226699551315864,-0.3284096125874043,0.4009446950414251
1,0.7771102857841039,67.81606522991719,12,-0.0010099741170299305,-0.3078895687566385,0.3712324775188966
1,0.7771102857841039,67.81606522991719,13,0.013160562851114093,-0.2874361921309254,0.3275756573887469
1,0.7771102857841039,67.81606522991719,14,0.020541116309645266,-0.2669587888033067,0.2969941993452042
1,0.7771102857841039,67.81606522991719,15,0.02082118171403829,-0.24564836104977358,0.26843099662828546
1,0.7771102857841039,67.81606522991719,16,0.014343321178111152,-0.22296868197381553,0.2356602133843884
1,0.7771102857841039,67.81606522991719,17,0.007767093068345228,-0.20033284149654862,0.18907095158827972
1,0.7771102857841039,67.81606522991719,18,0.0015908665755273936,-0.1820488236927605,0.14575070125101425
1,0.7771102857841039,67.81606522991719,19,-0.0032569121009728384,-0.1787345274880187,0.14840983881892442
1,0.7771102857841039,67.81606522991719,20,-0.008095776130250918,-0.17542632598838354,0.1370135373625152
1,0.7771102857841039,67.81606522991719,21,-0.008164207146936388,-0.16813849917257598,0.14125574285199402
1,0.7771102857841039,67.81606522991719,22,-0.007054097831825469,-0.1596679854624779,0.1405765820586083
1,0.7771102857841039,67.81606522991719,23,-0.007702043858389578,-0.15179380632684816,0.134193611092281
1,0.7771102857841039,67.81606522991719,24,-0.009705998951550512,-0.14430121055127829,0.11939757268939737
1,0.7771102857841039,67.81606522991719,25,-0.01359976329474863,-0.13458324702673335,0.10378484353991213
1,0.7771102857841039,67.81606522991719,26,-0.016835020640402414,-0.1309983552126909,0.10395081165543493
1,0.7771102857841039,67.81606522991719,27,-0.019568750039826038,-0.12924295215108683,0.09991019887004135
1,0.7771102857841039,67.81606522991719,28,-0.02146250291267825,-0.12853298096514915,0.09939655715952189
1,0.7771102857841039,67.81606522991719,29,-0.022930695026664904,-0.1291583310362851,0.099815877049331
1,0.7771102857841039,67.81606522991719,30,-0.022747653772317394,-0.1291301901115877,0.09990812297189502
2,0.7819645917299627,69.8241070493811,1,-0.1772869106358605,-0.12940694352982568,0.1342029611305455
2,0.7819645917299627,69.8241070493811,2,-0.15729939405439103,-0.1682933534562911,0.11931563844444303
2,0.7819645917299627,69.8241070493811,3,-0.14114199260991428,-0.19052822507324232,0.2073265344540412
2,0.7819645917299627,69.8241070493811,4,-0.12506428717949428,-0.2126534236931448,0.28087040369124466
2,0.7819645917299627,69.8241070493811,5,-0.10905720226917218,-0.23468143848040598,0.34005497728820616
2,0.7819645917299627,69.8241070493811,6,-0.09311210542600515,-0.2566241489122785,0.3849709018105732
2,0.7819645917299627,69.8241070493811,7,-0.0772209965014264,-0.2784925643256853,0.4156923486408881
2,0.7819645917299627,69.8241070493811,8,-0.061376967778761525,-0.3002961907166213,0.43227793577575063
2,0.7819645917299627,69.8241070493811,9,-0.04557523633367806,-0.3220416100660351,0.4347729843219667
2,0.7819645917299627,69.8241070493811,10,-0.029814659146071232,-0.34373039533139604,0.42321548540743315
2,0.7819645917299627,69.8241070493811,11,-0.01583009620456909,-0.3237766923177587,0.4078933666874503
2,0.7819645917299627,69.8241070493811,12,-0.0018848032358517507,-0.3038790211856737,0.37857016988345105
2,0.7819645917299627,69.8241070493811,13,0.012015570839321714,-0.28404544202880644,0.3353001231116316
2,0.7819645917299627,69.8241070493811,14,0.01928376930338144,-0.26449751017423184,0.30448331757770375
2,0.7819645917299627,69.8241070493811,15,0.020914565320458472,-0.24442497201029095,0.27385521352203634
2,0.7819645917299627,69.8241070493811,16,0.015076935417494143,-0.2231238473701227,0.24250148030249613
2,0.7819645917299627,69.8241070493811,17,0.009258226533618559,-0.2018917642746614,0.19720824349722735
2,0.7819645917299627,69.8241070493811,18,0.0034612440767763904,-0.1807389594715752,0.13804615396824801
2,0.7819645917299627,69.8241070493811,19,-0.0007631217987954164,-0.1773791469353305,0.13620448315621306
2,0.7819645917299627,69.8241070493811,20,-0.0037217734513956867,-0.17321504320199752,0.13311331196937892
2,0.7819645917299627,69.8241070493811,21,-0.004267504730618085,-0.1660854539400612,0.1361037360006229
2,0.7819645917299627,69.8241070493811,22,-0.005348281495799773,-0.15904030423311222,0.1272025185680261
2,0.7819645917299627,69.8241070493811,23,-0.008323775903424313,-0.1522965069568349,0.11194671255115919
2,0.7819645917299627,69.8241070493811,24,-0.012507807086973525,-0.14589334914105348,0.1014981870472935
2,0.7819645917299627,69.8241070493811,25,-0.015467230656993404,-0.1444487939538434,0.1022964212007083
2,0.7819645917299627,69.8241070493811,26,-0.018779092594296148,-0.14467492636208235,0.10051299026857653
2,0.7819645917299627,69.8241070493811,27,-0.020223406785318775,-0.14543220361288964,0.09979906007052808
2,0.7819645917299627,69.8241070493811,28,-0.02012794377552615,-0.14560125333106522,0.09989999218834844
2,0.7819645917299627,69.8241070493811,29,-0.020089800560521457,-0.14563157021272236,0.09994750752265395
2,0.7819645917299627,69.8241070493811,30,-0.020071912785314817,-0.14564508214547206,0.09996993910135771
3,0.7837654078685455,69.6128160647646,1,-0.1772869106358605,-0.12940694352982568,0.1342029611305455
3,0.7837654078685455,69.6128160647646,2,-0.15730405904351363,-0.16827685763483363,0.11949096439150846
3,0.7837654078685455,69.6128160647646,3,-0.14115349941998775,-0.19048826205683886,0.2077346460186341
3,0.7837654078685455,69.6128160647646,4,-0.1250827386720132,-0.2125899213592563,0.2815094585928397
3,0.7837654078685455,69.6128160647646,5,-0.1090826987688515,-0.23459432029907212,0.34092341061785697
3,0.7837654078685455,69.6128160647646,6,-0.09314474227212824,-0.2565133376991491,0.38606741652631854
3,0.7837654078685455,69.6128160647646,7,-0.07726085861830603,-0.27835799025925034,0.41701590377067976
3,0.7837654078685455,69.6128160647646,8,-0.06142411742026659,-0.3001378091432905,0.4338277235818383
3,0.7837654078685455,69.6128160647646,9,-0.04562968953430864,-0.3218594357349901,0.43654836815683223
3,0.7837654078685455,69.6128160647646,10,-0.02987636453034529,-0.34352453470435496,0.425215860475004
3,0.7837654078685455,69.6128160647646,11,-0.01599241229486554,-0.3222811544365022,0.4104234708911627
3,0.7837654078685455,69.6128160647646,12,-0.0021476880998137207,-0.3010977957076059,0.3816288485398333
3,0.7837654078685455,69.6128160647646,13,0.011652355188536509,-0.2799828017696336,0.3388858712840844
3,0.7837654078685455,69.6128160647646,14,0.020187482941226048,-0.2583793447912011,0.3032377591902112
3,0.7837654078685455,69.6128160647646,15,0.02298655286679333,-0.23469056335782007,0.2688131890809233
3,0.7837654078685455,69.6128160647646,16,0.02050932726922042,-0.20858813622247258,0.231893296803675
3,0.7837654078685455,69.6128160647646,17,0.018040809849160504,-0.18257746680561354,0.1810637642812954
3,0.7837654078685455,69.6128160647646,18,0.016904121403494066,-0.16351421751487394,0.14437195078700044
3,0.7837654078685455,69.6128160647646,19,0.018362733222712514,-0.159232617691554,0.1538443531301248
3,0.7837654078685455,69.6128160647646,20,0.019638348931886474,-0.1552740472206252,0.15071544788488864
3,0.7837654078685455,69.6128160647646,21,0.019399500582509176,-0.15277589693072027,0.14223525916061525
3,0.7837654078685455,69.6128160647646,22,0.017770701986608392,-0.1505973203368811,0.12548109400777635
3,0.7837654078685455,69.6128160647646,23,0.016234855857088375,-0.14484321506575148,0.11267774592728963
3,0.7837654078685455,69.6128160647646,24,0.013044526103968727,-0.1393393420505738,0.10521985536526554
3,0.7837654078685455,69.6128160647646,25,0.009769555559970913,-0.13577978332531968,0.10403514169851574
3,0.7837654078685455,69.6128160647646,26,0.007423610283791172,-0.133290208069595,0.10039148585197497
3,0.7837654078685455,69.6128160647646,27,0.005721589057160871,-0.13284746495843378,0.09989536524607963
3,0.7837654078685455,69.6128160647646,28,0.0057883156408867365,-0.13283982985700274,0.09994535458094736
3,0.7837654078685455,69.6128160647646,29,0.00585672403483556,-0.13285357280573162,0.09996892589631894
3,0.7837654078685455,69.6128160647646,30,0.005846316501967309,-0.1328399988815834,0.09998004667630243
4,0.7767367120840393,67.98534921172909,1,-0.1772869106358605,-0.12940694352982568,0.1342029611305455
4,0.7767367120840393,67.98534921172909,2,-0.15728587360702656,-0.16834122977827676,0.11880671330367831
4,0.7767367120840393,67.98534921172909,3,-0.14110864197709824,-0.19064426876710144,0.20614165599482615
4,0.7767367120840393,67.98534921172909,4,-0.12501080722765917,-0.21283784578111792,0.2790148972082793
4,0.7767367120840393,67.98534921172909,5,-0.10898330146134343,-0.23493446244440655,0.33753336332655304
4,0.7767367120840393,67.98534921172909,6,-0.09301750713122316,-0.25694599949710356,0.3817869238639513
4,0.7767367120840393,67.98534921172909,7,-0.07710545520647495,-0.2788834435906475,0.41184900795151314
4,0.7767367120840393,67.98534921172909,8,-0.06124030559865428,-0.3007562249392281,0.4277775597359665
4,0.7767367120840393,67.98534921172909,9,-0.04541741222002711,-0.32257074895745796,0.42961741291296185
4,0.7767367120840393,67.98534921172909,10,-0.029635828379539087,-0.3443283208184335,0.4174064817936587
4,0.7767367120840393,67.98534921172909,11,-0.015198902445512249,-0.32869715828266466,0.4004242391715414
4,0.7767367120840393,67.98534921172909,12,-0.0009654489805172297,-0.30845110145366844,0.37059965816070395
4,0.7767367120840393,67.98534921172909,13,0.013221779535304816,-0.2882707962674605,0.32683079846371704
4,0.7767367120840393,67.98534921172909,14,0.020527255126393477,-0.2680819035443898,0.2965041401562861
4,0.7767367120840393,67.98534921172909,15,0.020167881529485093,-0.2471258846699175,0.26879661295694207
4,0.7767367120840393,67.98534921172909,16,0.013582303569336705,-0.22507919393932443,0.2364504411409615
4,0.7767367120840393,67.98534921172909,17,0.006860178969454079,-0.20306502432611756,0.1903149263510419
4,0.7767367120840393,67.98534921172909,18,0.0004908853236585808,-0.18539487710780686,0.14741024864932675
4,0.7767367120840393,67.98534921172909,19,-0.004715797205269115,-0.18267552176183946,0.15036036951828974
4,0.7767367120840393,67.98534921172909,20,-0.009912923976719055,-0.17996115721376257,0.13925446984357162
4,0.7767367120840393,67.98534921172909,21,-0.0107546180542708,-0.1723973650448984,0.14018332394532207
4,0.7767367120840393,67.98534921172909,22,-0.011222538314026741,-0.1638666602358828,0.13845958426422803
4,0.7767367120840393,67.98534921172909,23,-0.013660147336086505,-0.1560337035408626,0.1311210655463023
4,0.7767367120840393,67.98534921172909,24,-0.01735225487381904,-0.14852296265656442,0.1149337892066323
4,0.7767367120840393,67.98534921172909,25,-0.02253811004389504,-0.14144832150204462,0.10070892093207219
4,0.7767367120840393,67.98534921172909,26,-0.027162446295495624,-0.13992602510495436,0.10535071332410247
4,0.7767367120840393,67.98534921172909,27,-0.030986027257235798,-0.1382273061218586,0.10193101431898813
4,0.7767367120840393,67.98534921172909,28,-0.0334240595863348,-0.13715671317616634,0.10004076097556144
4,0.7767367120840393,67.98534921172909,29,-0.03408910939135946,-0.13678705301301095,0.09998999999999983
4,0.7767367120840393,67.98534921172909,30,-0.03408910939135958,-0.13678705301301117,0.09998999999999987
5,0.7767367120840393,67.98514969197767,1,-0.1772869106358605,-0.12940694352982568,0.1342029611305455
5,0.7767367120840393,67.98514969197767,2,-0.15728587360702656,-0.16834122977827676,0.11880671330367831
5,0.7767367120840393,67.98514969197767,3,-0.14110864197709824,-0.19064426876710144,0.20614165599482615
5,0.7767367120840393,67.98514969197767,4,-0.12501080722765917,-0.21283784578111792,0.2790148972082793
5,0.7767367120840393,67.98514969197767,5,-0.10898330146134343,-0.23493446244440655,0.33753336332655304
5,0.7767367120840393,67.98514969197767,6,-0.09301750713122316,-0.25694599949710356,0.3817869238639513
5,0.7767367120840393,67.98514969197767,7,-0.07710545520647495,-0.2788834435906475,0.41184900795151314
5,0.7767367120840393,67.98514969197767,8,-0.06124030559865428,-0.3007562249392281,0.4277775597359665
5,0.7767367120840393,67.98514969197767,9,-0.04541741222002711,-0.32257074895745796,0.42961741291296185
5,0.7767367120840393,67.98514969197767,10,-0.029635828379539087,-0.3443283208184335,0.4174064817936587
5,0.7767367120840393,67.98514969197767,11,-0.015198902445512249,-0.32869715828266466,0.4004242391715414
5,0.7767367120840393,67.98514969197767,12,-0.0009654489805172297,-0.30845110145366844,0.37059965816070395
5,0.7767367120840393,67.98514969197767,13,0.013221779535304816,-0.2882707962674605,0.32683079846371704
5,0.7767367120840393,67.98514969197767,14,0.020527249509934866,-0.26808187179327264,0.2965041808454735
5,0.7767367120840393,67.98514969197767,15,0.020167941686029284,-0.2471257654164961,0.2687964495432798
5,0.7767367120840393,67.98514969197767,16,0.013582041573407162,-0.22507887926978187,0.23645043169501395
5,0.7767367120840393,67.98514969197767,17,0.006859476474446605,-0.20306448541598165,0.19031516822126912
5,0.7767367120840393,67.98514969197767,18,0.0004897543162292091,-0.18539409563599227,0.147410667762693
5,0.7767367120840393,67.98514969197767,19,-0.004717319344893106,-0.18267443160504912,0.15036071016695052
5,0.7767367120840393,67.98514969197767,20,-0.00991483644897364,-0.17995975898120667,0.1392547322189074
5,0.7767367120840393,67.98514969197767,21,-0.010756917355739847,-0.17239590922971768,0.1401827705528283
5,0.7767367120840393,67.98514969197767,22,-0.011223802443756873,-0.16386468865527737,0.1384574718649136
5,0.7767367120840393,67.98514969197767,23,-0.013659382095810807,-0.15603082202193994,0.13111584325354603
5,0.7767367120840393,67.98514969197767,24,-0.017349307907204185,-0.14851916010337823,0.11492484480271055
5,0.7767367120840393,67.98514969197767,25,-0.022534186463097405,-0.1414447486821077,0.10070394236342559
5,0.7767367120840393,67.98514969197767,26,-0.027162499937900108,-0.1399280055340383,0.10535824145631674
5,0.7767367120840393,67.98514969197767,27,-0.030993772482745634,-0.13823183083687487,0.10196361557355899
5,0.7767367120840393,67.98514969197767,28,-0.03343051940743311,-0.13716321179957747,0.10006450399255831
5,0.7767367120840393,67.98514969197767,29,-0.03408208703357842,-0.13678840499573447,0.09998999999999977
5,0.7767367120840393,67.98514969197767,30,-0.0340820870335785,-0.13678840499573502,0.09998999999999983
6,0.7767367120840393,67.98637380279617,1,-0.1772869106358605,-0.12940694352982568,0.1342029611305455
6,0.7767367120840393,67.98637380279617,2,-0.15728587360702656,-0.16834122977827676,0.11880671330367831
6,0.7767367120840393,67.98637380279617,3,-0.14110864197709824,-0.19064426876710144,0.20614165599482615
6,0.7767367120840393,67.98637380279617,4,-0.12501080722765917,-0.21283784578111792,0.2790148972082793
6,0.7767367120840393,67.98637380279617,5,-0.10898330146134343,-0.23493446244440655,0.33753336332655304
6,0.7767367120840393,67.98637380279617,6,-0.09301750713122316,-0.25694599949710356,0.3817869238639513
6,0.7767367120840393,67.98637380279617,7,-0.07710545520647495,-0.2788834435906475,0.41184900795151314
6,0.7767367120840393,67.98637380279617,8,-0.06124030559865428,-0.3007562249392281,0.4277775597359665
6,0.7767367120840393,67.98637380279617,9,-0.04541741222002711,-0.32257074895745796,0.42961741291296185
6,0.7767367120840393,67.98637380279617,10,-0.029635828379539087,-0.3443283208184335,0.4174064817936587
6,0.7767367120840393,67.98637380279617,11,-0.015198902445512249,-0.32869715828266466,0.4004242391715414
6,0.7767367120840393,67.98637380279617,12,-0.0009654489805172297,-0.30845110145366844,0.37059965816070395
6,0.7767367120840393,67.98637380279617,13,0.013221779535304816,-0.2882707962674605,0.32683079846371704
6,0.7767367120840393,67.98637380279617,14,0.02052719329660549,-0.268081848144879,0.2965042714837294
6,0.7767367120840393,67.98637380279617,15,0.02016784968713768,-0.2471257175187868,0.2687965477009181
6,0.7767367120840393,67.98637380279617,16,0.013582154358937634,-0.22507886996893575,0.23645033039461824
6,0.7767367120840393,67.98637380279617,17,0.006859914471109399,-0.20306454674649058,0.19031476867154845
6,0.7767367120840393,67.98637380279617,18,0.0004905661710762873,-0.18539422714840192,0.1474099853419686
6,0.7767367120840393,67.98637380279617,19,-0.0047159604435540224,-0.1826746318786379,0.1503597942705504
6,0.7767367120840393,67.98637380279617,20,-0.009912931571407784,-0.1799600278551617,0.1392535832757179
6,0.7767367120840393,67.98637380279617,21,-0.010754354493478604,-0.1723959692225641,0.14018251778688928
6,0.7767367120840393,67.98637380279617,22,-0.011218883295025545,-0.16386395271705606,0.13845765096024046
6,0.7767367120840393,67.98637380279617,23,-0.013650990464926169,-0.1560289898909095,0.13111487606395433
6,0.7767367120840393,67.98637380279617,24,-0.017337398021759393,-0.14851630209613265,0.11492259324647286
6,0.7767367120840393,67.98637380279617,25,-0.02251973353116564,-0.1414413739210975,0.10070439926621806
6,0.7767367120840393,67.98637380279617,26,-0.027149073627442254,-0.13992660317321437,0.10536190057511634
6,0.7767367120840393,67.98637380279617,27,-0.030983696431697415,-0.13822950830212694,0.10197932980059868
6,0.7767367120840393,67.98637380279617,28,-0.033420121432803644,-0.13715955183983142,0.10007554870768637
6,0.7767367120840393,67.98637380279617,29,-0.03406587020237803,-0.13677976768771777,0.09998999999999976
6,0.7767367120840393,67.98637380279617,30,-0.03406587020237811,-0.13677976768771835,0.09998999999999984
7,0.7771102857841039,67.85181076189265,1,-0.1772869106358605,-0.12940694352982568,0.1342029611305455
7,0.7771102857841039,67.85181076189265,2,-0.15728683864884774,-0.1683378092335356,0.11884307723857569
7,0.7771102857841039,67.85181076189265,3,-0.14111102245941273,-0.19063597512454014,0.2062263301547401
7,0.7771102857841039,67.85181076189265,4,-0.12501462455135065,-0.21282466388053692,0.2791475021922696
7,0.7771102857841039,67.85181076189265,5,-0.10898857647284617,-0.23491637625206513,0.3377135772157741
7,0.7771102857841039,67.85181076189265,6,-0.09302425959012334,-0.25692299292096726,0.3820144802369062
7,0.7771102857841039,67.85181076189265,7,-0.07711370260449503,-0.27885550222553873,0.4121236933692196
7,0.7771102857841039,67.85181076189265,8,-0.061250060504206415,-0.30072333993123623,0.4280992087472904
7,0.7771102857841039,67.85181076189265,9,-0.045428677292486494,-0.3225329242729835,0.4299858944302458
7,0.7771102857841039,67.85181076189265,10,-0.02964859222135406,-0.3442855796301884,0.4178216694445342
7,0.7771102857841039,67.85181076189265,11,-0.015226699551315864,-0.3284096125874043,0.4009446950414251
7,0.7771102857841039,67.85181076189265,12,-0.0010099741170299305,-0.3078895687566385,0.3712324775188966
7,0.7771102857841039,67.85181076189265,13,0.013160562851114093,-0.2874361921309254,0.3275756573887469
7,0.7771102857841039,67.85181076189265,14,0.020541178272028848,-0.2669586261045631,0.2969942993719229
7,0.7771102857841039,67.85181076189265,15,0.02082100632662744,-0.24564794095897538,0.2684317097427993
7,0.7771102857841039,67.85181076189265,16,0.01434298144819152,-0.22296813353108638,0.23566139444584666
7,0.7771102857841039,67.85181076189265,17,0.007766508128003868,-0.20033215056453738,0.18907267441979606
7,0.7771102857841039,67.85181076189265,18,0.00159009510635354,-0.18204795015169892,0.14575282267217038
7,0.7771102857841039,67.85181076189265,19,-0.0032576672707795894,-0.17873333076226172,0.14841186677278673
7,0.7771102857841039,67.85181076189265,20,-0.00809651500024073,-0.17542480669304134,0.137015472049346
7,0.7771102857841039,67.85181076189265,21,-0.00816633039072289,-0.16813728526241623,0.14125744351522482
7,0.7771102857841039,67.85181076189265,22,-0.007049548715943943,-0.15966408207165547,0.14056934171272334
7,0.7771102857841039,67.85181076189265,23,-0.007673147646754884,-0.15178034130052048,0.13415491651832215
7,0.7771102857841039,67.85181076189265,24,-0.009652544072516145,-0.14427822774210694,0.11932651457974791
7,0.7771102857841039,67.85181076189265,25,-0.013522854854389447,-0.13454061344684629,0.10371512832132636
7,0.7771102857841039,67.85181076189265,26,-0.016707711328266022,-0.13094632008809892,0.10399869617600069
7,0.7771102857841039,67.85181076189265,27,-0.0193730839590523,-0.12918558731796256,0.10013946737467797
7,0.7771102857841039,67.85181076189265,28,-0.019552361680037007,-0.1269551405959896,0.10035487394972732
7,0.7771102857841039,67.85181076189265,29,-0.019554220141001454,-0.1268435046684544,0.09998966975804521
7,0.7771102857841039,67.85181076189265,30,-0.01952558767135926,-0.12712705163062232,0.09999000154118921
8,0.7767367120840393,67.986391914782,1,-0.1772869106358605,-0.12940694352982568,0.1342029611305455
8,0.7767367120840393,67.986391914782,2,-0.15728587360702656,-0.16834122977827676,0.11880671330367831
8,0.7767367120840393,67.986391914782,3,-0.14110864197709824,-0.19064426876710144,0.20614165599482615
8,0.7767367120840393,67.986391914782,4,-0.12501080722765917,-0.21283784578111792,0.2790148972082793
8,0.7767367120840393,67.986391914782,5,-0.10898330146134343,-0.23493446244440655,0.33753336332655304
8,0.7767367120840393,67.986391914782,6,-0.09301750713122316,-0.25694599949710356,0.3817869238639513
8,0.7767367120840393,67.986391914782,7,-0.07710545520647495,-0.2788834435906475,0.41184900795151314
8,0.7767367120840393,67.986391914782,8,-0.06124030559865428,-0.3007562249392281,0.4277775597359665
8,0.7767367120840393,67.986391914782,9,-0.04541741222002711,-0.32257074895745796,0.42961741291296185
8,0.7767367120840393,67.986391914782,10,-0.029635828379539087,-0.3443283208184335,0.4174064817936587
8,0.7767367120840393,67.986391914782,11,-0.015198902445512249,-0.32869715828266466,0.4004242391715414
8,0.7767367120840393,67.986391914782,12,-0.0009654489805172297,-0.30845110145366844,0.37059965816070395
8,0.7767367120840393,67.986391914782,13,0.013221779535304816,-0.2882707962674605,0.32683079846371704
8,0.7767367120840393,67.986391914782,14,0.02052735615264292,-0.2680818204325173,0.2965040802796312
8,0.7767367120840393,67.986391914782,15,0.020167762114279234,-0.24712562384981424,0.26879708676788006
8,0.7767367120840393,67.986391914782,16,0.013579949170491188,-0.22507822317382364,0.23645326852213988
8,0.7767367120840393,67.986391914782,17,0.006854653103331266,-0.2030631008657462,0.19032088619349283
8,0.7767367120840393,67.986391914782,18,0.0004820387701431525,-0.18539172968321083,0.14741818675296367
8,0.7767367120840393,67.986391914782,19,-0.004728517250921037,-0.18267019815804125,0.1503662982294013
8,0.7767367120840393,67.986391914782,20,-0.0099295095816854,-0.17995366185498282,0.13925839348672478
8,0.7767367120840393,67.986391914782,21,-0.010775771733039051,-0.17238980698662726,0.14017707747389843
8,0.7767367120840393,67.986391914782,22,-0.011237896581850091,-0.1638551826887564,0.13843713280539982
8,0.7767367120840393,67.986391914782,23,-0.013662231026374805,-0.15601468570226895,0.13107010847504533
8,0.7767367120840393,67.986391914782,24,-0.017339637832433634,-0.14849606778298324,0.11484842136306013
8,0.7767367120840393,67.986391914782,25,-0.022520225949750183,-0.14142396656037026,0.10065462457156138
8,0.7767367120840393,67.986391914782,26,-0.027178908729994546,-0.13995111572032923,0.10541488899850654
8,0.7767367120840393,67.986391914782,27,-0.031053172698888982,-0.13830381430650462,0.10220566866278973
8,0.7767367120840393,67.986391914782,28,-0.033459932137046414,-0.1372930316216387,0.10024096436443615
8,0.7767367120840393,67.986391914782,29,-0.03406528295120374,-0.13680897640552797,0.0999899999999999
8,0.7767367120840393,67.986391914782,30,-0.0340652829512038,-0.13680897640552847,0.09998999999999987
9,0.7767367120840393,68.41107247018797,1,-0.1772869106358605,-0.12940694352982568,0.1342029611305455
9,0.7767367120840393,68.41107247018797,2,-0.15728587360702656,-0.16834122977827676,0.11880671330367831
9,0.7767367120840393,68.41107247018797,3,-0.14110864197709824,-0.19064426876710144,0.20614165599482615
9,0.7767367120840393,68.41107247018797,4,-0.12501080722765917,-0.21283784578111792,0.2790148972082793
9,0.7767367120840393,68.41107247018797,5,-0.10898330146134343,-0.23493446244440655,0.33753336332655304
9,0.7767367120840393,68.41107247018797,6,-0.09301750713122316,-0.25694599949710356,0.3817869238639513
9,0.7767367120840393,68.41107247018797,7,-0.07710545520647495,-0.2788834435906475,0.41184900795151314
9,0.7767367120840393,68.41107247018797,8,-0.06124030559865428,-0.3007562249392281,0.4277775597359665
9,0.7767367120840393,68.41107247018797,9,-0.04541741222002711,-0.32257074895745796,0.42961741291296185
9,0.7767367120840393,68.41107247018797,10,-0.029635828379539087,-0.3443283208184335,0.4174064817936587
9,0.7767367120840393,68.41107247018797,11,-0.015198902445512249,-0.32869715828266466,0.4004242391715414
9,0.7767367120840393,68.41107247018797,12,-0.0009654489805172297,-0.30845110145366844,0.37059965816070395
9,0.7767367120840393,68.41107247018797,13,0.013221779535304816,-0.2882707962674605,0.32683079846371704
9,0.7767367120840393,68.41107247018797,14,0.02052738385301573,-0.26808173284792614,0.2965041032049868
9,0.7767367120840393,68.41107247018797,15,0.020167784201612936,-0.24712547950532243,0.2687971563343366
9,0.7767367120840393,68.41107247018797,16,0.013580076897512549,-0.22507807580676673,0.23645324865004835
9,0.7767367120840393,68.41107247018797,17,0.006854902819921258,-0.20306295501412616,0.19032076188266014
9,0.7767367120840393,68.41107247018797,18,0.0004824474190387474,-0.18539162329775738,0.1474181211143483
9,0.7767367120840393,68.41107247018797,19,-0.004727819322739174,-0.18267026368198144,0.15036685964691915
9,0.7767367120840393,68.41107247018797,20,-0.009928522997532668,-0.17995389892454658,0.13925958068560754
9,0.7767367120840393,68.41107247018797,21,-0.010774643249382864,-0.17239053247909092,0.14017755332147466
9,0.7767367120840393,68.41107247018797,22,-0.011236425271863904,-0.1638564594572989,0.13843658774558018
9,0.7767367120840393,68.41107247018797,23,-0.013660239823351976,-0.15601654673324694,0.1310684179068378
9,0.7767367120840393,68.41107247018797,24,-0.017337076039117643,-0.1484985416884146,0.11484541513018252
9,0.7767367120840393,68.41107247018797,25,-0.022216484423507078,-0.1415979070933161,0.10225806301820661
9,0.7767367120840393,68.41107247018797,26,-0.02588281378617073,-0.13932515857097605,0.10177849279336813
9,0.7767367120840393,68.41107247018797,27,-0.029131251728756653,-0.13933718161851233,0.1006994120450447
9,0.7767367120840393,68.41107247018797,28,-0.03029171812471703,-0.1398556429305005,0.09992565223726942
9,0.7767367120840393,68.41107247018797,29,-0.030350649714395744,-0.13988938644907492,0.09995963508719304
9,0.7767367120840393,68.41107247018797,30,-0.030360049674806502,-0.13990236764482447,0.0999756641073537
10,0.7771102857841039,67.84798482516743,1,-0.1772869106358605,-0.12940694352982568,0.1342029611305455
10,0.7771102857841039,67.84798482516743,2,-0.15728683864884774,-0.1683378092335356,0.11884307723857569
10,0.7771102857841039,67.84798482516743,3,-0.14111102245941273,-0.19063597512454014,0.2062263301547401
10,0.7771102857841039,67.84798482516743,4,-0.12501462455135065,-0.21282466388053692,0.2791475021922696
10,0.7771102857841039,67.84798482516743,5,-0.10898857647284617,-0.23491637625206513,0.3377135772157741
10,0.7771102857841039,67.84798482516743,6,-0.09302425959012334,-0.25692299292096726,0.3820144802369062
10,0.7771102857841039,67.84798482516743,7,-0.07711370260449503,-0.27885550222553873,0.4121236933692196
10,0.7771102857841039,67.84798482516743,8,-0.061250060504206415,-0.30072333993123623,0.4280992087472904
10,0.7771102857841039,67.84798482516743,9,-0.045428677292486494,-0.3225329242729835,0.4299858944302458
10,0.7771102857841039,67.84798482516743,10,-0.02964859222135406,-0.3442855796301884,0.4178216694445342
10,0.7771102857841039,67.84798482516743,11,-0.015226699551315864,-0.3284096125874043,0.4009446950414251
10,0.7771102857841039,67.84798482516743,12,-0.0010099741170299305,-0.3078895687566385,0.3712324775188966
10,0.7771102857841039,67.84798482516743,13,0.013160562851114093,-0.2874361921309254,0.3275756573887469
10,0.7771102857841039,67.84798482516743,14,0.020541365417242947,-0.2669585826683533,0.29699411873902054
10,0.7771102857841039,67.84798482516743,15,0.020820943729221743,-0.24564777305037996,0.26843229762195603
10,0.7771102857841039,67.84798482516743,16,0.014342824033501914,-0.22296781799752036,0.2356626615497193
10,0.7771102857841039,67.84798482516743,17,0.007766219017136272,-0.20033167705324184,0.18907464842850022
10,0.7771102857841039,67.84798482516743,18,0.0015896821525821293,-0.18204725939591015,0.14575526584215914
10,0.7771102857841039,67.84798482516743,19,-0.0032581775571511092,-0.17873221554079302,0.1484139593362267
10,0.7771102857841039,67.84798482516743,20,-0.008097122371563325,-0.17542326783340345,0.13701721473326017
10,0.7771102857841039,67.84798482516743,21,-0.0081676339736607,-0.16813605222644878,0.14125587810433546
10,0.7771102857841039,67.84798482516743,22,-0.007055855182560306,-0.15966475328234225,0.1405676793741848
10,0.7771102857841039,67.84798482516743,23,-0.007692985575005536,-0.15178579750647048,0.13416298657484607
10,0.7771102857841039,67.84798482516743,24,-0.009685775215194755,-0.1442882751289062,0.11934367434821531
10,0.7771102857841039,67.84798482516743,25,-0.013568264954130672,-0.1345585186115177,0.10372839738307547
10,0.7771102857841039,67.84798482516743,26,-0.01676101528845723,-0.13096782242831587,0.10400099057651581
10,0.7771102857841039,67.84798482516743,27,-0.019429327663295866,-0.1292093029661598,0.10013390474502712
10,0.7771102857841039,67.84798482516743,28,-0.01960700157830245,-0.12697694326616984,0.10035622947649848
10,0.7771102857841039,67.84798482516743,29,-0.019608724371803273,-0.12686405820938831,0.09998966307527095
10,0.7771102857841039,67.84798482516743,30,-0.019579783040992577,-0.12715045820565474,0.09999000157225013
11,0.7767367120840393,68.34764889705488,1,-0.1772869106358605,-0.12940694352982568,0.1342029611305455
11,0.7767367120840393,68.34764889705488,2,-0.15728587360702656,-0.16834122977827676,0.11880671330367831
11,0.7767367120840393,68.34764889705488,3,-0.14110864197709824,-0.19064426876710144,0.20614165599482615
11,0.7767367120840393,68.34764889705488,4,-0.12501080722765917,-0.21283784578111792,0.2790148972082793
11,0.7767367120840393,68.34764889705488,5,-0.10898330146134343,-0.23493446244440655,0.33753336332655304
11,0.7767367120840393,68.34764889705488,6,-0.09301750713122316,-0.25694599949710356,0.3817869238639513
11,0.7767367120840393,68.34764889705488,7,-0.07710545520647495,-0.2788834435906475,0.41184900795151314
11,0.7767367120840393,68.34764889705488,8,-0.06124030559865428,-0.3007562249392281,0.4277775597359665
11,0.7767367120840393,68.34764889705488,9,-0.04541741222002711,-0.32257074895745796,0.42961741291296185
11,0.7767367120840393,68.34764889705488,10,-0.029635828379539087,-0.3443283208184335,0.4174064817936587
11,0.7767367120840393,68.34764889705488,11,-0.015198902445512249,-0.32869715828266466,0.4004242391715414
11,0.7767367120840393,68.34764889705488,12,-0.0009654489805172297,-0.30845110145366844,0.37059965816070395
11,0.7767367120840393,68.34764889705488,13,0.013221779535304816,-0.2882707962674605,0.32683079846371704
11,0.7767367120840393,68.34764889705488,14,0.02052741906582644,-0.26808182779615697,0.2965039837178382
11,0.7767367120840393,68.34764889705488,15,0.020167829285086668,-0.24712565562430583,0.2687970820042685
11,0.7767367120840393,68.34764889705488,16,0.013579232189865627,-0.22507809009451235,0.23645398424914427
11,0.7767367120840393,68.34764889705488,17,0.006852707349966587,-0.20306268387707668,0.19032269446309558
11,0.7767367120840393,68.34764889705488,18,0.000478753155541914,-0.185390974276022,0.14742082744348833
11,0.7767367120840393,68.34764889705488,19,-0.004733543086185636,-0.18266891293379087,0.15036887824200845
11,0.7767367120840393,68.34764889705488,20,-0.0099362721590267,-0.17995184793470154,0.13926091306993926
11,0.7767367120840393,68.34764889705488,21,-0.010784538251664725,-0.17238834936589287,0.14017617934669124
11,0.7767367120840393,68.34764889705488,22,-0.011249105675535031,-0.16385418084110387,0.13843228591487022
11,0.7767367120840393,68.34764889705488,23,-0.013676045564108424,-0.15601383841951036,0.13106118092726385
11,0.7767367120840393,68.34764889705488,24,-0.01735583776028555,-0.14849519377845755,0.11483441846503598
11,0.7767367120840393,68.34764889705488,25,-0.02223607550841501,-0.14160235641103483,0.1022786201980751
11,0.7767367120840393,68.34764889705488,26,-0.025889727320133872,-0.13935478554670214,0.10191131602847812
11,0.7767367120840393,68.34764889705488,27,-0.027836090775532455,-0.13712044851906321,0.1005119873372734
11,0.7767367120840393,68.34764889705488,28,-0.02808771121760233,-0.13662896450047143,0.09998996597462063
11,0.7767367120840393,68.34764889705488,29,-0.028075860358679965,-0.1367095784840313,0.09999000038562098
11,0.7767367120840393,68.34764889705488,30,-0.028075633172195257,-0.1367110987040448,0.09998999481898634
12,0.7771102857841039,67.84891376608266,1,-0.1772869106358605,-0.12940694352982568,0.1342029611305455
12,0.7771102857841039,67.84891376608266,2,-0.15728683864884774,-0.1683378092335356,0.11884307723857569
12,0.7771102857841039,67.84891376608266,3,-0.14111102245941273,-0.19063597512454014,0.2062263301547401
12,0.7771102857841039,67.84891376608266,4,-0.12501462455135065,-0.21282466388053692,0.2791475021922696
12,0.7771102857841039,67.84891376608266,5,-0.10898857647284617,-0.23491637625206513,0.3377135772157741
12,0.7771102857841039,67.84891376608266,6,-0.09302425959012334,-0.25692299292096726,0.3820144802369062
12,0.7771102857841039,67.84891376608266,7,-0.07711370260449503,-0.27885550222553873,0.4121236933692196
12,0.7771102857841039,67.84891376608266,8,-0.061250060504206415,-0.30072333993123623,0.4280992087472904
12,0.7771102857841039,67.84891376608266,9,-0.045428677292486494,-0.3225329242729835,0.4299858944302458
12,0.7771102857841039,67.84891376608266,10,-0.02964859222135406,-0.3442855796301884,0.4178216694445342
12,0.7771102857841039,67.84891376608266,11,-0.015226699551315864,-0.3284096125874043,0.4009446950414251
12,0.7771102857841039,67.84891376608266,12,-0.0010099741170299305,-0.3078895687566385,0.3712324775188966
12,0.7771102857841039,67.84891376608266,13,0.013160562851114093,-0.2874361921309254,0.3275756573887469
12,0.7771102857841039,67.84891376608266,14,0.020541362790273812,-0.2669586122539935,0.29699413499969535
12,0.7771102857841039,67.84891376608266,15,0.02082092837549641,-0.24564786003358877,0.26843234415903783
12,0.7771102857841039,67.84891376608266,16,0.014342928777516419,-0.2229680113793371,0.235662627037292
12,0.7771102857841039,67.84891376608266,17,0.007766510012279249,-0.20033199076441752,0.1890744745774143
12,0.7771102857841039,67.84891376608266,18,0.0015901445107188816,-0.1820477037725574,0.1457549911171314
12,0.7771102857841039,67.84891376608266,19,-0.003257593958567062,-0.1787328278098185,0.1484137163386114
12,0.7771102857841039,67.84891376608266,20,-0.008096417785730456,-0.1754240476653824,0.1370170033844772
12,0.7771102857841039,67.84891376608266,21,-0.008166750040028937,-0.16813689110125377,0.14125613684954783
12,0.7771102857841039,67.84891376608266,22,-0.007054137614690395,-0.1596653988594156,0.1405679072464946
12,0.7771102857841039,67.84891376608266,23,-0.007689123074238373,-0.15178578750979094,0.13416166233502602
12,0.7771102857841039,67.84891376608266,24,-0.009679789699149866,-0.1442876358858529,0.11934089552163485
12,0.7771102857841039,67.84891376608266,25,-0.013560332951360745,-0.13455667893212742,0.1037263634984717
12,0.7771102857841039,67.84891376608266,26,-0.01675184968859682,-0.13096543251405635,0.10400065911129527
12,0.7771102857841039,67.84891376608266,27,-0.01941975453800718,-0.12920657272007952,0.10013473566328748
12,0.7771102857841039,67.84891376608266,28,-0.019597700455270217,-0.12697451922538536,0.10035601752671419
12,0.7771102857841039,67.84891376608266,29,-0.019599450590814586,-0.12686183496680076,0.09998966408292101
12,0.7771102857841039,67.84891376608266,30,-0.019570557276907437,-0.12714780676195353,0.09999000156756696
13,0.7767367120840393,67.98710630893719,1,-0.1772869106358605,-0.12940694352982568,0.1342029611305455
13,0.7767367120840393,67.98710630893719,2,-0.15728587360702656,-0.16834122977827676,0.11880671330367831
13,0.7767367120840393,67.98710630893719,3,-0.14110864197709824,-0.19064426876710144,0.20614165599482615
13,0.7767367120840393,67.98710630893719,4,-0.12501080722765917,-0.21283784578111792,0.2790148972082793
13,0.7767367120840393,67.98710630893719,5,-0.10898330146134343,-0.23493446244440655,0.33753336332655304
13,0.7767367120840393,67.98710630893719,6,-0.09301750713122316,-0.25694599949710356,0.3817869238639513
13,0.7767367120840393,67.98710630893719,7,-0.07710545520647495,-0.2788834435906475,0.41184900795151314
13,0.7767367120840393,67.98710630893719,8,-0.06124030559865428,-0.3007562249392281,0.4277775597359665
13,0.7767367120840393,67.98710630893719,9,-0.04541741222002711,-0.32257074895745796,0.42961741291296185
13,0.7767367120840393,67.98710630893719,10,-0.029635828379539087,-0.3443283208184335,0.4174064817936587
13,0.7767367120840393,67.98710630893719,11,-0.015198902445512249,-0.32869715828266466,0.4004242391715414
13,0.7767367120840393,67.98710630893719,12,-0.0009654489805172297,-0.30845110145366844,0.37059965816070395
13,0.7767367120840393,67.98710630893719,13,0.013221779535304816,-0.2882707962674605,0.32683079846371704
13,0.7767367120840393,67.98710630893719,14,0.020527378212316965,-0.2680818451961082,0.296504055778941
13,0.7767367120840393,67.98710630893719,15,0.020167709020039316,-0.24712559863887548,0.26879733588350957
13,0.7767367120840393,67.98710630893719,16,0.013580444587624215,-0.22507830514373045,0.23645319052773114
13,0.7767367120840393,67.98710630893719,17,0.00685587813034208,-0.2030633345507548,0.19032032774466287
13,0.7767367120840393,67.98710630893719,18,0.00048403352640496387,-0.18539214103678767,0.14741726814415615
13,0.7767367120840393,67.98710630893719,19,-0.004725605221918133,-0.1826708786451293,0.15036543306169048
13,0.7767367120840393,67.98710630893719,20,-0.00992568211404089,-0.1799546109029907,0.1392575815866573
13,0.7767367120840393,67.98710630893719,21,-0.010771018903311214,-0.17239061377372228,0.14017757328740818
13,0.7767367120840393,67.98710630893719,22,-0.011232562182570755,-0.16385596433433486,0.13843934857786136
13,0.7767367120840393,67.98710630893719,23,-0.013656582790675238,-0.15601569153089645,0.13107460685784666
13,0.7767367120840393,67.98710630893719,24,-0.01733379253724084,-0.14849736862395327,0.11485571503077588
13,0.7767367120840393,67.98710630893719,25,-0.022513686046168126,-0.14142478789646043,0.1006600036542968
13,0.7767367120840393,67.98710630893719,26,-0.027169307535212153,-0.13994796827521958,0.10541011199940836
13,0.7767367120840393,67.98710630893719,27,-0.03103963244447377,-0.1382961737209882,0.10218508241468327
13,0.7767367120840393,67.98710630893719,28,-0.03344890487469633,-0.1372806093042598,0.10022601692605886
13,0.7767367120840393,67.98710630893719,29,-0.034058588739517316,-0.13679615551622903,0.0999899999999999
13,0.7767367120840393,67.98710630893719,30,-0.034058588739517434,-0.13679615551622934,0.0999899999999999
14,0.7772026607063619,67.28391874401261,1,-0.1772869106358605,-0.12940694352982568,0.1342029611305455
14,0.7772026607063619,67.28391874401261,2,-0.15728707730441363,-0.16833696340870735,0.11885206914792955
14,0.7772026607063619,67.28391874401261,3,-0.14111161115373808,-0.19063392435832216,0.20624726772010188
14,0.7772026607063619,67.28391874401261,4,-0.12501556857571128,-0.21282140442612926,0.279180291570869
14,0.7772026607063619,67.28391874401261,5,-0.10898988098169542,-0.23491190414626106,0.33775813877921146
14,0.7772026607063619,67.28391874401261,6,-0.09302592946968616,-0.25691730418537834,0.38207074808051145
14,0.7772026607063619,67.28391874401261,7,-0.07711574218127595,-0.27884859329731077,0.4121916146908822
14,0.7772026607063619,67.28391874401261,8,-0.06125247288947885,-0.300715208616935,0.42817874261499317
14,0.7772026607063619,67.28391874401261,9,-0.04543146315038369,-0.32252357154447575,0.43007700842035224
14,0.7772026607063619,67.28391874401261,10,-0.029651748740696614,-0.3442750112069533,0.4179243323177645
14,0.7772026607063619,67.28391874401261,11,-0.015233632026251996,-0.3283383838556383,0.4010734110086155
14,0.7772026607063619,67.28391874401261,12,-0.001021108964523797,-0.30775044880376157,0.37138900412799714
14,0.7772026607063619,67.28391874401261,13,0.013145234685680723,-0.287229408188647,0.3277599148804059
14,0.7772026607063619,67.28391874401261,14,0.020526982248045323,-0.26673405521825405,0.29718357357292685
14,0.7772026607063619,67.28391874401261,15,0.02016013276943432,-0.24507051513063832,0.2685464869224586
14,0.7772026607063619,67.28391874401261,16,0.014519994407226027,-0.22248630361119232,0.2353856044807159
14,0.7772026607063619,67.28391874401261,17,0.008640284321277749,-0.19990849274355105,0.1885155512122011
14,0.7772026607063619,67.28391874401261,18,0.0032066743168779987,-0.18169411123057014,0.144980581015387
14,0.7772026607063619,67.28391874401261,19,-0.0007301825501871813,-0.178490153805415,0.14765200188842525
14,0.7772026607063619,67.28391874401261,20,-0.004656568687011749,-0.17547548708391045,0.1370019117468411
14,0.7772026607063619,67.28391874401261,21,-0.003883564411411847,-0.1683876351246292,0.14148011086819465
14,0.7772026607063619,67.28391874401261,22,-0.002078346593539949,-0.16017076827492255,0.14139031217537065
14,0.7772026607063619,67.28391874401261,23,-0.002086129698774053,-0.1527239406196594,0.13569211102126186
14,0.7772026607063619,67.28391874401261,24,-0.0034682162693504305,-0.14572706018143242,0.12172253949948193
14,0.7772026607063619,67.28391874401261,25,-0.006912278302729317,-0.13631704424186508,0.10811100490183907
14,0.7772026607063619,67.28391874401261,26,-0.010010436245967883,-0.13129445126416994,0.10351361215770566
14,0.7772026607063619,67.28391874401261,27,-0.011993374078908972,-0.12973297988437904,0.10155797061861542
14,0.7772026607063619,67.28391874401261,28,-0.012452600009741521,-0.12761621136523926,0.10057507275653178
14,0.7772026607063619,67.28391874401261,29,-0.012304866732528945,-0.12699493777676443,0.09998954526876674
14,0.7772026607063619,67.28391874401261,30,-0.012270468400874267,-0.12726160211753124,0.09998999841265854
15,0.7724858129607436,71.95584524446856,1,-0.1772869106358605,-0.12940694352982568,0.1342029611305455
15,0.7724858129607436,71.95584524446856,2,-0.1572749043524055,-0.16838014560513828,0.11839295865660936
15,0.7724858129607436,71.95584524446856,3,-0.14108158363495985,-0.19073865707765503,0.20517809310714077
15,0.7724858129607436,71.95584524446856,4,-0.12496741600603928,-0.21298787995713053,0.2775058309840659
15,0.7724858129607436,71.95584524446856,5,-0.10892334000567674,-0.23514032562156864,0.3354824448395368
15,0.7724858129607436,71.95584524446856,6,-0.09294075069449777,-0.2572078751198958,0.37919717300548794
15,0.7724858129607436,71.95584524446856,7,-0.07701170533848868,-0.2792014951780026,0.4087228423652424
15,0.7724858129607436,71.95584524446856,8,-0.06112942087345062,-0.30113055133748207,0.42411685285404876
15,0.7724858129607436,71.95584524446856,9,-0.045289365381112966,-0.3230013009280329,0.42542365232356494
15,0.7724858129607436,71.95584524446856,10,-0.029971914836914637,-0.3400398726616727,0.4115881511340915
15,0.7724858129607436,71.95584524446856,11,-0.016251852878714237,-0.3274510561817858,0.3906981463527496
15,0.7724858129607436,71.95584524446856,12,-0.0029987095396457777,-0.306630177327252,0.35784838169086725
15,0.7724858129607436,71.95584524446856,13,0.008020836889543137,-0.28568414692856736,0.31985754744177997
15,0.7724858129607436,71.95584524446856,14,0.014096739695369218,-0.2640805972998254,0.2870106502420888
15,0.7724858129607436,71.95584524446856,15,0.013861563197147927,-0.23889809173501178,0.25578324590303514
15,0.7724858129607436,71.95584524446856,16,0.011290345559877337,-0.21277194074250058,0.2139625342507447
15,0.7724858129607436,71.95584524446856,17,0.008657999928170826,-0.18671522809699248,0.158331886552521
15,0.7724858129607436,71.95584524446856,18,0.01074908496106894,-0.17398257648649057,0.14645172336081094
15,0.7724858129607436,71.95584524446856,19,0.013313488958664271,-0.16561977063149416,0.14201263759955982
15,0.7724858129607436,71.95584524446856,20,0.015555916089250936,-0.1598309556035142,0.14131438232070778
15,0.7724858129607436,71.95584524446856,21,0.01856019626567087,-0.15635723769353346,0.14140998036922986
15,0.7724858129607436,71.95584524446856,22,0.021702264464767633,-0.15315884168008537,0.14136420638094752
15,0.7724858129607436,71.95584524446856,23,0.025028970771079927,-0.1497724975545574,0.1411607786749106
15,0.7724858129607436,71.95584524446856,24,0.028783454985178803,-0.1459507067523856,0.14073890668641492
15,0.7724858129607436,71.95584524446856,25,0.033233741038306286,-0.14142064048081252,0.1399723330907671
15,0.7724858129607436,71.95584524446856,26,0.038683835826327985,-0.13587284191668955,0.13863303533165242
15,0.7724858129607436,71.95584524446856,27,0.045476978297187755,-0.1289579188723916,0.13632787144844707
15,0.7724858129607436,71.95584524446856,28,0.053978342551149985,-0.12030416087260887,0.13239561009037132
15,0.7724858129607436,71.95584524446856,29,0.0643367726281337,-0.10976133231882841,0.12554744004253235
15,0.7724858129607436,71.95584524446856,30,0.07616230205087998,-0.09772778833685808,0.11336756360211502
16,0.7771102857841039,67.67087000113295,1,-0.1772869106358605,-0.12940694352982568,0.1342029611305455
16,0.7771102857841039,67.67087000113295,2,-0.15728683864884774,-0.1683378092335356,0.11884307723857569
16,0.7771102857841039,67.67087000113295,3,-0.14111102245941273,-0.19063597512454014,0.2062263301547401
16,0.7771102857841039,67.67087000113295,4,-0.12501462455135065,-0.21282466388053692,0.2791475021922696
16,0.7771102857841039,67.67087000113295,5,-0.10898857647284617,-0.23491637625206513,0.3377135772157741
16,0.7771102857841039,67.67087000113295,6,-0.09302425959012334,-0.25692299292096726,0.3820144802369062
16,0.7771102857841039,67.67087000113295,7,-0.07711370260449503,-0.27885550222553873,0.4121236933692196
16,0.7771102857841039,67.67087000113295,8,-0.061250060504206415,-0.30072333993123623,0.4280992087472904
16,0.7771102857841039,67.67087000113295,9,-0.045428677292486494,-0.3225329242729835,0.4299858944302458
16,0.7771102857841039,67.67087000113295,10,-0.02964859222135406,-0.3442855796301884,0.4178216694445342
16,0.7771102857841039,67.67087000113295,11,-0.015226699551315864,-0.3284096125874043,0.4009446950414251
16,0.7771102857841039,67.67087000113295,12,-0.0010099741170299305,-0.3078895687566385,0.3712324775188966
16,0.7771102857841039,67.67087000113295,13,0.013160562851114093,-0.2874361921309254,0.3275756573887469
16,0.7771102857841039,67.67087000113295,14,0.02053925809570377,-0.2669584843536261,0.29699733732369876
16,0.7771102857841039,67.67087000113295,15,0.02081639249223832,-0.24564721290105135,0.2684388137755712
16,0.7771102857841039,67.67087000113295,16,0.014338878251254317,-0.22296763429383423,0.23566887581533263
16,0.7771102857841039,67.67087000113295,17,0.007762645940131051,-0.20033181838427072,0.1890808003353768
16,0.7771102857841039,67.67087000113295,18,0.0015866800702512825,-0.1820470547840668,0.14575875726621357
16,0.7771102857841039,67.67087000113295,19,-0.003259912508220929,-0.1787293231812977,0.1484057118639958
16,0.7771102857841039,67.67087000113295,20,-0.008097591705098845,-0.1754176932277438,0.13699725191966233
16,0.7771102857841039,67.67087000113295,21,-0.008021381349629033,-0.16793070173101818,0.14033516923517628
16,0.7771102857841039,67.67087000113295,22,-0.007426837582075221,-0.1596286248017107,0.14136846086608096
16,0.7771102857841039,67.67087000113295,23,-0.008610125750451454,-0.15201610602219182,0.13597592089680108
16,0.7771102857841039,67.67087000113295,24,-0.011182489535966907,-0.14481217937643498,0.12232916620559914
16,0.7771102857841039,67.67087000113295,25,-0.015485195773155819,-0.13610144712253894,0.10565342224445355
16,0.7771102857841039,67.67087000113295,26,-0.019382497905764077,-0.13231693086478744,0.10402439656734432
16,0.7771102857841039,67.67087000113295,27,-0.022479161132997937,-0.13105094013375815,0.10135717540643958
16,0.7771102857841039,67.67087000113295,28,-0.025682259293589756,-0.13191683509325888,0.10075780335369514
16,0.7771102857841039,67.67087000113295,29,-0.027571302782593062,-0.13232119253854285,0.09977726361442275
16,0.7771102857841039,67.67087000113295,30,-0.027708531162345763,-0.13242231970233936,0.09988968028369502
17,0.7767367120840393,68.46670406149232,1,-0.1772869106358605,-0.12940694352982568,0.1342029611305455
17,0.7767367120840393,68.46670406149232,2,-0.15728587360702656,-0.16834122977827676,0.11880671330367831
17,0.7767367120840393,68.46670406149232,3,-0.14110864197709824,-0.19064426876710144,0.20614165599482615
17,0.7767367120840393,68.46670406149232,4,-0.12501080722765917,-0.21283784578111792,0.2790148972082793
17,0.7767367120840393,68.46670406149232,5,-0.10898330146134343,-0.23493446244440655,0.33753336332655304
17,0.7767367120840393,68.46670406149232,6,-0.09301750713122316,-0.25694599949710356,0.3817869238639513
17,0.7767367120840393,68.46670406149232,7,-0.07710545520647495,-0.2788834435906475,0.41184900795151314
17,0.7767367120840393,68.46670406149232,8,-0.06124030559865428,-0.3007562249392281,0.4277775597359665
17,0.7767367120840393,68.46670406149232,9,-0.04541741222002711,-0.32257074895745796,0.42961741291296185
17,0.7767367120840393,68.46670406149232,10,-0.029635828379539087,-0.3443283208184335,0.4174064817936587
17,0.7767367120840393,68.46670406149232,11,-0.015198902445512249,-0.32869715828266466,0.4004242391715414
17,0.7767367120840393,68.46670406149232,12,-0.0009654489805172297,-0.30845110145366844,0.37059965816070395
17,0.7767367120840393,68.46670406149232,13,0.013221779535304816,-0.2882707962674605,0.32683079846371704
17,0.7767367120840393,68.46670406149232,14,0.02052626095785958,-0.268081880132158,0.29650436842399486
17,0.7767367120840393,68.46670406149232,15,0.020165492843245574,-0.24712551777075037,0.2687988525018051
17,0.7767367120840393,68.46670406149232,16,0.013589558609817204,-0.22508085114072762,0.2364460732773219
17,0.7767367120840393,68.46670406149232,17,0.0068823739287662755,-0.20307006869545693,0.1902995650094383
17,0.7767367120840393,68.46670406149232,18,0.0005296670740299006,-0.18540313720555052,0.147383815624962
17,0.7767367120840393,68.46670406149232,19,-0.004654524987198246,-0.18268641376478023,0.15032243595007222
17,0.7767367120840393,68.46670406149232,20,-0.009829205141651453,-0.17997467494259597,0.1392050571628938
17,0.7767367120840393,68.46670406149232,21,-0.010643186852416697,-0.1724028753103072,0.1401683190934751
17,0.7767367120840393,68.46670406149232,22,-0.010999731208502806,-0.16383506242369356,0.13845419745498858
17,0.7767367120840393,68.46670406149232,23,-0.013270941228635053,-0.15594833577470252,0.13104630720738383
17,0.7767367120840393,68.46670406149232,24,-0.016793740537422996,-0.1483867581830981,0.11477990273247413
17,0.7767367120840393,68.46670406149232,25,-0.021527553134171512,-0.14139572001800066,0.10226075081563714
17,0.7767367120840393,68.46670406149232,26,-0.024999557994595616,-0.13899232835784528,0.10187573346899564
17,0.7767367120840393,68.46670406149232,27,-0.028300305887479064,-0.13889213386815658,0.10080192897655564
17,0.7767367120840393,68.46670406149232,28,-0.02958544342860314,-0.13941574666994205,0.099953912360097
17,0.7767367120840393,68.46670406149232,29,-0.0297220274752139,-0.1394519381057364,0.09997302100281732
17,0.7767367120840393,68.46670406149232,30,-0.029727245913769705,-0.139459222006587,0.09998198354664108
18,0.7767367120840393,68.00898861433164,1,-0.1772869106358605,-0.12940694352982568,0.1342029611305455
18,0.7767367120840393,68.00898861433164,2,-0.15728587360702656,-0.16834122977827676,0.11880671330367831
18,0.7767367120840393,68.00898861433164,3,-0.14110864197709824,-0.19064426876710144,0.20614165599482615
18,0.7767367120840393,68.00898861433164,4,-0.12501080722765917,-0.21283784578111792,0.2790148972082793
18,0.7767367120840393,68.00898861433164,5,-0.10898330146134343,-0.23493446244440655,0.33753336332655304
18,0.7767367120840393,68.00898861433164,6,-0.09301750713122316,-0.25694599949710356,0.3817869238639513
18,0.7767367120840393,68.00898861433164,7,-0.07710545520647495,-0.2788834435906475,0.41184900795151314
18,0.7767367120840393,68.00898861433164,8,-0.06124030559865428,-0.3007562249392281,0.4277775597359665
18,0.7767367120840393,68.00898861433164,9,-0.04541741222002711,-0.32257074895745796,0.42961741291296185
18,0.7767367120840393,68.00898861433164,10,-0.029635828379539087,-0.3443283208184335,0.4174064817936587
18,0.7767367120840393,68.00898861433164,11,-0.015198902445512249,-0.32869715828266466,0.4004242391715414
18,0.7767367120840393,68.00898861433164,12,-0.0009654489805172297,-0.30845110145366844,0.37059965816070395
18,0.7767367120840393,68.00898861433164,13,0.013221779535304816,-0.2882707962674605,0.32683079846371704
18,0.7767367120840393,68.00898861433164,14,0.02052545878042244,-0.26808173520458856,0.29650613713678603
18,0.7767367120840393,68.00898861433164,15,0.02016328940684679,-0.2471249371873516,0.2688030606136054
18,0.7767367120840393,68.00898861433164,16,0.013660877315001194,-0.2250992804450136,0.23638949162626466
18,0.7767367120840393,68.00898861433164,17,0.007063165732576837,-0.20311682309533527,0.19015227414701757
18,0.7767367120840393,68.00898861433164,18,0.00082808295563807,-0.18548393569575608,0.147171971988996
18,0.7767367120840393,68.00898861433164,19,-0.004208909048504087,-0.182821375730581,0.15013613773867113
18,0.7767367120840393,68.00898861433164,20,-0.00923668425043216,-0.18016368777802017,0.1390442425232533
18,0.7767367120840393,68.00898861433164,21,-0.009886944430415628,-0.17258175968277423,0.140269941905791
18,0.7767367120840393,68.00898861433164,22,-0.010107760309693539,-0.16401993137898774,0.1388810556131249
18,0.7767367120840393,68.00898861433164,23,-0.012272122520364451,-0.1561801278704267,0.1318752379936621
18,0.7767367120840393,68.00898861433164,24,-0.01570954610142166,-0.1486799626517802,0.11610646674248697
18,0.7767367120840393,68.00898861433164,25,-0.020627195850026855,-0.14150390833159326,0.10176441340013793
18,0.7767367120840393,68.00898861433164,26,-0.024906593090686276,-0.1394035331706497,0.10453622384836539
18,0.7767367120840393,68.00898861433164,27,-0.028218296090027937,-0.13636602305827472,0.0996087618766109
18,0.7767367120840393,68.00898861433164,28,-0.031209439370866055,-0.13297145616497832,0.10065056083432056
18,0.7767367120840393,68.00898861433164,29,-0.032531020882467454,-0.13111278370399634,0.09985955492834592
18,0.7767367120840393,68.00898861433164,30,-0.03252869659653276,-0.1310795732874028,0.09992843965131816
19,0.7771102857841039,67.66840386490532,1,-0.1772869106358605,-0.12940694352982568,0.1342029611305455
19,0.7771102857841039,67.66840386490532,2,-0.15728683864884774,-0.1683378092335356,0.11884307723857569
19,0.7771102857841039,67.66840386490532,3,-0.14111102245941273,-0.19063597512454014,0.2062263301547401
19,0.7771102857841039,67.66840386490532,4,-0.12501462455135065,-0.21282466388053692,0.2791475021922696
19,0.7771102857841039,67.66840386490532,5,-0.10898857647284617,-0.23491637625206513,0.3377135772157741
19,0.7771102857841039,67.66840386490532,6,-0.09302425959012334,-0.25692299292096726,0.3820144802369062
19,0.7771102857841039,67.66840386490532,7,-0.07711370260449503,-0.27885550222553873,0.4121236933692196
19,0.7771102857841039,67.66840386490532,8,-0.061250060504206415,-0.30072333993123623,0.4280992087472904
19,0.7771102857841039,67.66840386490532,9,-0.045428677292486494,-0.3225329242729835,0.4299858944302458
19,0.7771102857841039,67.66840386490532,10,-0.02964859222135406,-0.3442855796301884,0.4178216694445342
19,0.7771102857841039,67.66840386490532,11,-0.015226699551315864,-0.3284096125874043,0.4009446950414251
19,0.7771102857841039,67.66840386490532,12,-0.0010099741170299305,-0.3078895687566385,0.3712324775188966
19,0.7771102857841039,67.66840386490532,13,0.013160562851114093,-0.2874361921309254,0.3275756573887469
19,0.7771102857841039,67.66840386490532,14,0.020539278021850495,-0.2669583136654524,0.2969972038394408
19,0.7771102857841039,67.66840386490532,15,0.02081621885156292,-0.24564681415366973,0.2684391130860674
19,0.7771102857841039,67.66840386490532,16,0.014338663701573159,-0.2229666572716895,0.2356694291329779
19,0.7771102857841039,67.66840386490532,17,0.00776229557589838,-0.20033023139240233,0.18908168394193306
19,0.7771102857841039,67.66840386490532,18,0.00158641410680929,-0.18204468802395668,0.14575936131635142
19,0.7771102857841039,67.66840386490532,19,-0.003259326039141087,-0.17872557677506828,0.14840390912598178
19,0.7771102857841039,67.66840386490532,20,-0.008096154206552327,-0.17541256982548784,0.1369930472218473
19,0.7771102857841039,67.66840386490532,21,-0.008019338263693852,-0.1679242262637454,0.1403338150111233
19,0.7771102857841039,67.66840386490532,22,-0.007424503553669589,-0.15961958595982867,0.14136729950717453
19,0.7771102857841039,67.66840386490532,23,-0.008607457158720038,-0.15200441057962336,0.13597457738049204
19,0.7771102857841039,67.66840386490532,24,-0.011179424806959912,-0.14479784013672503,0.12232741086463368
19,0.7771102857841039,67.66840386490532,25,-0.015481795974509808,-0.13608526142953317,0.10564861284692308
19,0.7771102857841039,67.66840386490532,26,-0.019378290084900742,-0.13230037556898117,0.10402203916078313
19,0.7771102857841039,67.66840386490532,27,-0.022473577574053452,-0.13103501079021845,0.10135925130628938
19,0.7771102857841039,67.66840386490532,28,-0.02567514505306648,-0.13190079193911727,0.10075735902589783
19,0.7771102857841039,67.66840386490532,29,-0.027582971257858708,-0.13230730356779344,0.09977678991472763
19,0.7771102857841039,67.66840386490532,30,-0.027721571928396,-0.13240879768575475,0.09988946226565608
20,0.7767367120840393,67.99822655727716,1,-0.1772869106358605,-0.12940694352982568,0.1342029611305455
20,0.7767367120840393,67.99822655727716,2,-0.15728587360702656,-0.16834122977827676,0.11880671330367831
20,0.7767367120840393,67.99822655727716,3,-0.14110864197709824,-0.19064426876710144,0.20614165599482615
20,0.7767367120840393,67.99822655727716,4,-0.12501080722765917,-0.21283784578111792,0.2790148972082793
20,0.7767367120840393,67.99822655727716,5,-0.10898330146134343,-0.23493446244440655,0.33753336332655304
20,0.7767367120840393,67.99822655727716,6,-0.09301750713122316,-0.25694599949710356,0.3817869238639513
20,0.7767367120840393,67.99822655727716,7,-0.07710545520647495,-0.2788834435906475,0.41184900795151314
20,0.7767367120840393,67.99822655727716,8,-0.06124030559865428,-0.3007562249392281,0.4277775597359665
20,0.7767367120840393,67.99822655727716,9,-0.04541741222002711,-0.32257074895745796,0.42961741291296185
20,0.7767367120840393,67.99822655727716,10,-0.029635828379539087,-0.3443283208184335,0.4174064817936587
20,0.7767367120840393,67.99822655727716,11,-0.015198902445512249,-0.32869715828266466,0.4004242391715414
20,0.7767367120840393,67.99822655727716,12,-0.0009654489805172297,-0.30845110145366844,0.37059965816070395
20,0.7767367120840393,67.99822655727716,13,0.013221779535304816,-0.2882707962674605,0.32683079846371704
20,0.7767367120840393,67.99822655727716,14,0.020525043917405415,-0.2680815153478196,0.2965073233601076
20,0.7767367120840393,67.99822655727716,15,0.02016297854635266,-0.2471247639372272,0.26880365135116646
20,0.7767367120840393,67.99822655727716,16,0.013660534350806051,-0.22509921385733847,0.23638920023553667
20,0.7767367120840393,67.99822655727716,17,0.007062865908441047,-0.20311688484671173,0.19015102175802973
20,0.7767367120840393,67.99822655727716,18,0.0008278613808004251,-0.18548427396797282,0.14717036492606625
20,0.7767367120840393,67.99822655727716,19,-0.0042089297847173746,-0.1828225075658279,0.1501362794883918
20,0.7767367120840393,67.99822655727716,20,-0.009236504705449119,-0.18016561162384684,0.139046129566271
20,0.7767367120840393,67.99822655727716,21,-0.009886744663518604,-0.1725841506643371,0.14027406166197146
20,0.7767367120840393,67.99822655727716,22,-0.010118782861902723,-0.16402698402396573,0.13889216909704225
20,0.7767367120840393,67.99822655727716,23,-0.012302044583303839,-0.15619496959067977,0.1319052182433839
20,0.7767367120840393,67.99822655727716,24,-0.015759288666516304,-0.1487025469625824,0.11615895369135891
20,0.7767367120840393,67.99822655727716,25,-0.020688662358271256,-0.14152665861033756,0.1017901118609315
20,0.7767367120840393,67.99822655727716,26,-0.024943806388911097,-0.13939127179306357,0.10449909141898452
20,0.7767367120840393,67.99822655727716,27,-0.028194419878043397,-0.13631397952203414,0.0994141208898695
20,0.7767367120840393,67.99822655727716,28,-0.031313176575280564,-0.13291722795239705,0.10065229319740664
20,0.7767367120840393,67.99822655727716,29,-0.03271554415983127,-0.13113406519382917,0.0998136733139703
20,0.7767367120840393,67.99822655727716,30,-0.03271343561881523,-0.13113762772020432,0.0999067762008853
