particle,elasticity,weight,frame,x,y,z
1,0.339078078968322,47.073208486201075,1,0.11716050367657597,0.3456337825398464,0.59599625120474
1,0.339078078968322,47.073208486201075,2,-0.06295893020188242,0.32158456941768043,0.8131280643351015
1,0.339078078968322,47.073208486201075,3,-0.21174080747944965,0.2964577741722339,0.8794716116037198
1,0.339078078968322,47.073208486201075,4,-0.33827874493751403,0.2728444337147235,0.8368847283728124
1,0.339078078968322,47.073208486201075,5,-0.3717957032897383,0.24525776593729506,0.7715017893771261
1,0.339078078968322,47.073208486201075,6,-0.3457093975585449,0.2210946908793352,0.6959349438595084
1,0.339078078968322,47.073208486201075,7,-0.31975483552360306,0.19705364662381014,0.6067199773165652
1,0.339078078968322,47.073208486201075,8,-0.2939443090932497,0.17314601884973516,0.5039734981763057
1,0.339078078968322,47.073208486201075,9,-0.2682900238730943,0.14938311329612577,0.38782553224599736
1,0.339078078968322,47.073208486201075,10,-0.2428039885536389,0.1257760533045903,0.2584190175905483
1,0.339078078968322,47.073208486201075,11,-0.2162037197154581,0.10221895779911278,0.12110712248305948
1,0.339078078968322,47.073208486201075,12,-0.17966406629923942,0.0760880591060408,0.11790155496527854
1,0.339078078968322,47.073208486201075,13,-0.14396065871216118,0.05611425838299409,0.13492375628334127
1,0.339078078968322,47.073208486201075,14,-0.108436288324696,0.03650243400466636,0.1390690186200822
1,0.339078078968322,47.073208486201075,15,-0.07416399134766045,0.018748495516699194,0.1383904322633179
1,0.339078078968322,47.073208486201075,16,-0.04299932109126012,0.003268402879006886,0.13917296269613444
1,0.339078078968322,47.073208486201075,17,-0.014694987598679361,-0.010308951311742282,0.13975422854174685
1,0.339078078968322,47.073208486201075,18,0.010620627523411441,-0.02215279273633943,0.1401661625627424
1,0.339078078968322,47.073208486201075,19,0.032946521863767134,-0.032348692333569434,0.14022931215698076
1,0.339078078968322,47.073208486201075,20,0.052150492078665296,-0.040841232663076536,0.14050075521981809
1,0.339078078968322,47.073208486201075,21,0.06836283909783122,-0.04760225002687782,0.140566204393845
1,0.339078078968322,47.073208486201075,22,0.07784736940311603,-0.05434676301663003,0.1405742200045724
1,0.339078078968322,47.073208486201075,23,0.08292224013222994,-0.05944489633034767,0.14087042026358965
1,0.339078078968322,47.073208486201075,24,0.08545677776046537,-0.062054994766548806,0.1410744644137178
1,0.339078078968322,47.073208486201075,25,0.08580821050935028,-0.06245329264859408,0.14118746379096667
1,0.339078078968322,47.073208486201075,26,0.08583339964537545,-0.06245029492957481,0.1412826228886327
1,0.339078078968322,47.073208486201075,27,0.08584074173634705,-0.062452857781105216,0.1413275040022567
1,0.339078078968322,47.073208486201075,28,0.08584307880234682,-0.06245574663667282,0.14134878102189619
1,0.339078078968322,47.073208486201075,29,0.08584314072414298,-0.06245600695336092,0.14135914492995483
1,0.339078078968322,47.073208486201075,30,0.08584183562130865,-0.062455174751537564,0.14136475746449206
2,0.339078078968322,47.09913382241661,1,0.11716050367657597,0.3456337825398464,0.59599625120474
2,0.339078078968322,47.09913382241661,2,-0.06295893020188242,0.32158456941768043,0.8131280643351015
2,0.339078078968322,47.09913382241661,3,-0.21174080747944965,0.2964577741722339,0.8794716116037198
2,0.339078078968322,47.09913382241661,4,-0.33827874493751403,0.2728444337147235,0.8368847283728124
2,0.339078078968322,47.09913382241661,5,-0.3717957032897383,0.24525776593729506,0.7715017893771261
2,0.339078078968322,47.09913382241661,6,-0.3457093975585449,0.2210946908793352,0.6959349438595084
2,0.339078078968322,47.09913382241661,7,-0.31975483552360306,0.19705364662381014,0.6067199773165652
2,0.339078078968322,47.09913382241661,8,-0.2939443090932497,0.17314601884973516,0.5039734981763057
2,0.339078078968322,47.09913382241661,9,-0.2682900238730943,0.14938311329612577,0.38782553224599736
2,0.339078078968322,47.09913382241661,10,-0.2428039885536389,0.1257760533045903,0.2584190175905483
2,0.339078078968322,47.09913382241661,11,-0.2162037197154581,0.10221895779911278,0.12110712248305948
2,0.339078078968322,47.09913382241661,12,-0.17966406629923942,0.0760880591060408,0.11790155496527854
2,0.339078078968322,47.09913382241661,13,-0.14396065871216118,0.05611425838299409,0.13492375628334127
2,0.339078078968322,47.09913382241661,14,-0.108436288324696,0.03650243400466636,0.1390690186200822
2,0.339078078968322,47.09913382241661,15,-0.07416399134766045,0.018748495516699194,0.1383904322633179
2,0.339078078968322,47.09913382241661,16,-0.04299932109126012,0.003268402879006886,0.13917296269613444
2,0.339078078968322,47.09913382241661,17,-0.014694987598679361,-0.010308951311742282,0.13975422854174685
2,0.339078078968322,47.09913382241661,18,0.010620627523411441,-0.02215279273633943,0.1401661625627424
2,0.339078078968322,47.09913382241661,19,0.032946521863767134,-0.032348692333569434,0.14022931215698076
2,0.339078078968322,47.09913382241661,20,0.052150492078665296,-0.040841232663076536,0.14050075521981809
2,0.339078078968322,47.09913382241661,21,0.06836283909783122,-0.04760225002687782,0.140566204393845
2,0.339078078968322,47.09913382241661,22,0.07787923053039869,-0.05433228519800688,0.14057408688813827
2,0.339078078968322,47.09913382241661,23,0.08300686845803888,-0.05940780051402319,0.14086907941931323
2,0.339078078968322,47.09913382241661,24,0.08555080165727033,-0.06201448423606603,0.14107236721981614
2,0.339078078968322,47.09913382241661,25,0.08591065138164955,-0.06240462559846168,0.1411850076087689
2,0.339078078968322,47.09913382241661,26,0.08592952047232395,-0.06240910382400554,0.14128028372350873
2,0.339078078968322,47.09913382241661,27,0.08593669055418658,-0.06241216783387424,0.14132520972290194
2,0.339078078968322,47.09913382241661,28,0.08593891039323574,-0.06241538676577141,0.14134668111426812
2,0.339078078968322,47.09913382241661,29,0.08593889185109493,-0.06241568620183658,0.14135708921285994
2,0.339078078968322,47.09913382241661,30,0.08593756218588262,-0.06241466985756799,0.1413625457844023
3,0.339078078968322,47.12429482835772,1,0.11716050367657597,0.3456337825398464,0.59599625120474
3,0.339078078968322,47.12429482835772,2,-0.06295893020188242,0.32158456941768043,0.8131280643351015
3,0.339078078968322,47.12429482835772,3,-0.21174080747944965,0.2964577741722339,0.8794716116037198
3,0.339078078968322,47.12429482835772,4,-0.33827874493751403,0.2728444337147235,0.8368847283728124
3,0.339078078968322,47.12429482835772,5,-0.3717957032897383,0.24525776593729506,0.7715017893771261
3,0.339078078968322,47.12429482835772,6,-0.3457093975585449,0.2210946908793352,0.6959349438595084
3,0.339078078968322,47.12429482835772,7,-0.31975483552360306,0.19705364662381014,0.6067199773165652
3,0.339078078968322,47.12429482835772,8,-0.2939443090932497,0.17314601884973516,0.5039734981763057
3,0.339078078968322,47.12429482835772,9,-0.2682900238730943,0.14938311329612577,0.38782553224599736
3,0.339078078968322,47.12429482835772,10,-0.2428039885536389,0.1257760533045903,0.2584190175905483
3,0.339078078968322,47.12429482835772,11,-0.2162037197154581,0.10221895779911278,0.12110712248305948
3,0.339078078968322,47.12429482835772,12,-0.17966406629923942,0.0760880591060408,0.11790155496527854
3,0.339078078968322,47.12429482835772,13,-0.14396065871216118,0.05611425838299409,0.13492375628334127
3,0.339078078968322,47.12429482835772,14,-0.108436288324696,0.03650243400466636,0.1390690186200822
3,0.339078078968322,47.12429482835772,15,-0.07416399134766045,0.018748495516699194,0.1383904322633179
3,0.339078078968322,47.12429482835772,16,-0.04299932109126012,0.003268402879006886,0.13917296269613444
3,0.339078078968322,47.12429482835772,17,-0.014694987598679361,-0.010308951311742282,0.13975422854174685
3,0.339078078968322,47.12429482835772,18,0.010620627523411441,-0.02215279273633943,0.1401661625627424
3,0.339078078968322,47.12429482835772,19,0.032946521863767134,-0.032348692333569434,0.14022931215698076
3,0.339078078968322,47.12429482835772,20,0.052150492078665296,-0.040841232663076536,0.14050075521981809
3,0.339078078968322,47.12429482835772,21,0.06836283909783122,-0.04760225002687782,0.140566204393845
3,0.339078078968322,47.12429482835772,22,0.07791040971327061,-0.05431809848172986,0.1405739542848227
3,0.339078078968322,47.12429482835772,23,0.08308963879309895,-0.05937104836136871,0.1408678267429098
3,0.339078078968322,47.12429482835772,24,0.08564275915032171,-0.06197485947994664,0.1410704738295689
3,0.339078078968322,47.12429482835772,25,0.08600699174788695,-0.06236160325312842,0.14118276993820394
3,0.339078078968322,47.12429482835772,26,0.08602341453588014,-0.06236912858994223,0.1412781781032811
3,0.339078078968322,47.12429482835772,27,0.0860303340816785,-0.06237289419103549,0.1413232432102215
3,0.339078078968322,47.12429482835772,28,0.08603263020611371,-0.06237600953811677,0.14134459340930622
3,0.339078078968322,47.12429482835772,29,0.08603261972896357,-0.06237674315445503,0.14135494237967766
3,0.339078078968322,47.12429482835772,30,0.08603121352954926,-0.06237534067742413,0.14136076215983948
4,0.339078078968322,47.149771900739026,1,0.11716050367657597,0.3456337825398464,0.59599625120474
4,0.339078078968322,47.149771900739026,2,-0.06295893020188242,0.32158456941768043,0.8131280643351015
4,0.339078078968322,47.149771900739026,3,-0.21174080747944965,0.2964577741722339,0.8794716116037198
4,0.339078078968322,47.149771900739026,4,-0.33827874493751403,0.2728444337147235,0.8368847283728124
4,0.339078078968322,47.149771900739026,5,-0.3717957032897383,0.24525776593729506,0.7715017893771261
4,0.339078078968322,47.149771900739026,6,-0.3457093975585449,0.2210946908793352,0.6959349438595084
4,0.339078078968322,47.149771900739026,7,-0.31975483552360306,0.19705364662381014,0.6067199773165652
4,0.339078078968322,47.149771900739026,8,-0.2939443090932497,0.17314601884973516,0.5039734981763057
4,0.339078078968322,47.149771900739026,9,-0.2682900238730943,0.14938311329612577,0.38782553224599736
4,0.339078078968322,47.149771900739026,10,-0.2428039885536389,0.1257760533045903,0.2584190175905483
4,0.339078078968322,47.149771900739026,11,-0.2162037197154581,0.10221895779911278,0.12110712248305948
4,0.339078078968322,47.149771900739026,12,-0.17966406629923942,0.0760880591060408,0.11790155496527854
4,0.339078078968322,47.149771900739026,13,-0.14396065871216118,0.05611425838299409,0.13492375628334127
4,0.339078078968322,47.149771900739026,14,-0.108436288324696,0.03650243400466636,0.1390690186200822
4,0.339078078968322,47.149771900739026,15,-0.07416399134766045,0.018748495516699194,0.1383904322633179
4,0.339078078968322,47.149771900739026,16,-0.04299932109126012,0.003268402879006886,0.13917296269613444
4,0.339078078968322,47.149771900739026,17,-0.014694987598679361,-0.010308951311742282,0.13975422854174685
4,0.339078078968322,47.149771900739026,18,0.010620627523411441,-0.02215279273633943,0.1401661625627424
4,0.339078078968322,47.149771900739026,19,0.032946521863767134,-0.032348692333569434,0.14022931215698076
4,0.339078078968322,47.149771900739026,20,0.052150492078665296,-0.040841232663076536,0.14050075521981809
4,0.339078078968322,47.149771900739026,21,0.06836283909783122,-0.04760225002687782,0.140566204393845
4,0.339078078968322,47.149771900739026,22,0.07794092711672738,-0.05430419509757955,0.1405738222546409
4,0.339078078968322,47.149771900739026,23,0.0831786911026409,-0.05933192033485686,0.1408662753628909
4,0.339078078968322,47.149771900739026,24,0.08573956453231502,-0.06193414990582834,0.1410679781121381
4,0.339078078968322,47.149771900739026,25,0.08610237822711954,-0.06232322556987305,0.14118001972493793
4,0.339078078968322,47.149771900739026,26,0.0861180241173036,-0.062332280133430014,0.14127568070271931
4,0.339078078968322,47.149771900739026,27,0.08612503926129177,-0.062336068002003066,0.14132070111100778
4,0.339078078968322,47.149771900739026,28,0.08612740889436607,-0.06233903699189694,0.14134188041193568
4,0.339078078968322,47.149771900739026,29,0.08612735073276505,-0.0623400595977778,0.14135213668931212
4,0.339078078968322,47.149771900739026,30,0.0861259195114988,-0.06233827412564145,0.14135814621946738
5,0.4402458659669258,27.223757299508097,1,0.11778654670063304,0.34180231188430316,0.5952688579642568
5,0.4402458659669258,27.223757299508097,2,-0.06094412952921207,0.3092119105808569,0.8107875735506502
5,0.4402458659669258,27.223757299508097,3,-0.20860845843338935,0.2765024631849415,0.8742470183175273
5,0.4402458659669258,27.223757299508097,4,-0.33410596951982974,0.2462148595442937,0.8274306658383989
5,0.4402458659669258,27.223757299508097,5,-0.36503345184228675,0.20841245576207343,0.7550736260661186
5,0.4402458659669258,27.223757299508097,6,-0.3261377621513193,0.17426072203305812,0.6732796046657914
5,0.4402458659669258,27.223757299508097,7,-0.2835099568948048,0.1406545350583707,0.5788377711315422
5,0.4402458659669258,27.223757299508097,8,-0.24113998495084038,0.1072516143428237,0.4709435916312566
5,0.4402458659669258,27.223757299508097,9,-0.1990461664580001,0.0740664028069151,0.3497320137046088
5,0.4402458659669258,27.223757299508097,10,-0.15724670328760215,0.041113250133607226,0.21535041893197712
5,0.4402458659669258,27.223757299508097,11,-0.1277801889539504,0.028651289552065726,0.1621679504803495
5,0.4402458659669258,27.223757299508097,12,-0.10803983400334768,0.032434191600972974,0.17051471884989852
5,0.4402458659669258,27.223757299508097,13,-0.08834558641395922,0.0362082579611784,0.16479396788716522
5,0.4402458659669258,27.223757299508097,14,-0.0683295947218065,0.04013700530690528,0.15514706064512118
5,0.4402458659669258,27.223757299508097,15,-0.04762340151037135,0.04438362735794786,0.15166585290992643
5,0.4402458659669258,27.223757299508097,16,-0.02640879932840434,0.048243518452265204,0.13684187707118073
5,0.4402458659669258,27.223757299508097,17,-0.007870595912043636,0.04937767213200871,0.13073910536768948
5,0.4402458659669258,27.223757299508097,18,0.00849211344893411,0.049087453686720885,0.12106395298190997
5,0.4402458659669258,27.223757299508097,19,0.02355474660038386,0.0472564251891006,0.10539190828008346
5,0.4402458659669258,27.223757299508097,20,0.0326603315860561,0.044627812914713655,0.10142125269780797
5,0.4402458659669258,27.223757299508097,21,0.03825852193212138,0.04252966861786932,0.09875657758923292
5,0.4402458659669258,27.223757299508097,22,0.0411728873688252,0.03983944767145862,0.09966944315491873
5,0.4402458659669258,27.223757299508097,23,0.041937297143149,0.03887901340449178,0.09938209809702458
5,0.4402458659669258,27.223757299508097,24,0.042072438424134155,0.03892488279472124,0.09970317472990003
5,0.4402458659669258,27.223757299508097,25,0.042136118514495884,0.0389464999747145,0.09985467547086084
5,0.4402458659669258,27.223757299508097,26,0.04216603236397486,0.0389566406193983,0.09992615798442742
5,0.4402458659669258,27.223757299508097,27,0.04217976375162071,0.03896135294150654,0.09995988518679598
5,0.4402458659669258,27.223757299508097,28,0.04218624164410547,0.03896352632395246,0.09997580179826716
5,0.4402458659669258,27.223757299508097,29,0.04218899761095816,0.03896449449881659,0.09998332060085849
5,0.4402458659669258,27.223757299508097,30,0.0421899045518611,0.03896516767662667,0.09998660722554328
6,0.339078078968322,47.34116271023599,1,0.11716050367657597,0.3456337825398464,0.59599625120474
6,0.339078078968322,47.34116271023599,2,-0.06295893020188242,0.32158456941768043,0.8131280643351015
6,0.339078078968322,47.34116271023599,3,-0.21174080747944965,0.2964577741722339,0.8794716116037198
6,0.339078078968322,47.34116271023599,4,-0.33827874493751403,0.2728444337147235,0.8368847283728124
6,0.339078078968322,47.34116271023599,5,-0.3717957032897383,0.24525776593729506,0.7715017893771261
6,0.339078078968322,47.34116271023599,6,-0.3457093975585449,0.2210946908793352,0.6959349438595084
6,0.339078078968322,47.34116271023599,7,-0.31975483552360306,0.19705364662381014,0.6067199773165652
6,0.339078078968322,47.34116271023599,8,-0.2939443090932497,0.17314601884973516,0.5039734981763057
6,0.339078078968322,47.34116271023599,9,-0.2682900238730943,0.14938311329612577,0.38782553224599736
6,0.339078078968322,47.34116271023599,10,-0.2428039885536389,0.1257760533045903,0.2584190175905483
6,0.339078078968322,47.34116271023599,11,-0.2162037197154581,0.10221895779911278,0.12110712248305948
6,0.339078078968322,47.34116271023599,12,-0.17966406629923942,0.0760880591060408,0.11790155496527854
6,0.339078078968322,47.34116271023599,13,-0.14396065871216118,0.05611425838299409,0.13492375628334127
6,0.339078078968322,47.34116271023599,14,-0.108436288324696,0.03650243400466636,0.1390690186200822
6,0.339078078968322,47.34116271023599,15,-0.07416399134766045,0.018748495516699194,0.1383904322633179
6,0.339078078968322,47.34116271023599,16,-0.04299932109126012,0.003268402879006886,0.13917296269613444
6,0.339078078968322,47.34116271023599,17,-0.014694987598679361,-0.010308951311742282,0.13975422854174685
6,0.339078078968322,47.34116271023599,18,0.010620627523411441,-0.02215279273633943,0.1401661625627424
6,0.339078078968322,47.34116271023599,19,0.032946521863767134,-0.032348692333569434,0.14022931215698076
6,0.339078078968322,47.34116271023599,20,0.052150492078665296,-0.040841232663076536,0.14050075521981809
6,0.339078078968322,47.34116271023599,21,0.06836283909783122,-0.04760225002687782,0.140566204393845
6,0.339078078968322,47.34116271023599,22,0.07855575234545314,-0.054093389704577464,0.1405565553837374
6,0.339078078968322,47.34116271023599,23,0.0838090419838752,-0.05927864030515751,0.14083008652593743
6,0.339078078968322,47.34116271023599,24,0.0865011959057942,-0.06193871912509942,0.14102270074958057
6,0.339078078968322,47.34116271023599,25,0.08689395733617698,-0.06236770143696093,0.14113383112394406
6,0.339078078968322,47.34116271023599,26,0.08689648230691668,-0.06239453850291816,0.14123042806140101
6,0.339078078968322,47.34116271023599,27,0.08689776242799069,-0.06240686109526759,0.1412757877558084
6,0.339078078968322,47.34116271023599,28,0.08689764147979077,-0.06241287088011589,0.14129718327836138
6,0.339078078968322,47.34116271023599,29,0.08689626208176114,-0.06241617748238236,0.1413070706189307
6,0.339078078968322,47.34116271023599,30,0.08689368317003103,-0.06241715072153907,0.14131265920391875
7,0.339078078968322,47.36127716377267,1,0.11716050367657597,0.3456337825398464,0.59599625120474
7,0.339078078968322,47.36127716377267,2,-0.06295893020188242,0.32158456941768043,0.8131280643351015
7,0.339078078968322,47.36127716377267,3,-0.21174080747944965,0.2964577741722339,0.8794716116037198
7,0.339078078968322,47.36127716377267,4,-0.33827874493751403,0.2728444337147235,0.8368847283728124
7,0.339078078968322,47.36127716377267,5,-0.3717957032897383,0.24525776593729506,0.7715017893771261
7,0.339078078968322,47.36127716377267,6,-0.3457093975585449,0.2210946908793352,0.6959349438595084
7,0.339078078968322,47.36127716377267,7,-0.31975483552360306,0.19705364662381014,0.6067199773165652
7,0.339078078968322,47.36127716377267,8,-0.2939443090932497,0.17314601884973516,0.5039734981763057
7,0.339078078968322,47.36127716377267,9,-0.2682900238730943,0.14938311329612577,0.38782553224599736
7,0.339078078968322,47.36127716377267,10,-0.2428039885536389,0.1257760533045903,0.2584190175905483
7,0.339078078968322,47.36127716377267,11,-0.2162037197154581,0.10221895779911278,0.12110712248305948
7,0.339078078968322,47.36127716377267,12,-0.17966406629923942,0.0760880591060408,0.11790155496527854
7,0.339078078968322,47.36127716377267,13,-0.14396065871216118,0.05611425838299409,0.13492375628334127
7,0.339078078968322,47.36127716377267,14,-0.108436288324696,0.03650243400466636,0.1390690186200822
7,0.339078078968322,47.36127716377267,15,-0.07416399134766045,0.018748495516699194,0.1383904322633179
7,0.339078078968322,47.36127716377267,16,-0.04299932109126012,0.003268402879006886,0.13917296269613444
7,0.339078078968322,47.36127716377267,17,-0.014694987598679361,-0.010308951311742282,0.13975422854174685
7,0.339078078968322,47.36127716377267,18,0.010620627523411441,-0.02215279273633943,0.1401661625627424
7,0.339078078968322,47.36127716377267,19,0.032946521863767134,-0.032348692333569434,0.14022931215698076
7,0.339078078968322,47.36127716377267,20,0.052150492078665296,-0.040841232663076536,0.14050075521981809
7,0.339078078968322,47.36127716377267,21,0.06836283909783122,-0.04760225002687782,0.140566204393845
7,0.339078078968322,47.36127716377267,22,0.07857843355485315,-0.05408257248770952,0.14055653356849424
7,0.339078078968322,47.36127716377267,23,0.08385985566577947,-0.059255737175646195,0.14082910120766545
7,0.339078078968322,47.36127716377267,24,0.08657013479266669,-0.061908808095621756,0.1410206669282588
7,0.339078078968322,47.36127716377267,25,0.08697021034066053,-0.06233378742956853,0.14113139339358363
7,0.339078078968322,47.36127716377267,26,0.08697473384769384,-0.06235819128413043,0.14122785695796886
7,0.339078078968322,47.36127716377267,27,0.08697698880842873,-0.06236919683060212,0.14127311231031775
7,0.339078078968322,47.36127716377267,28,0.08697721819476141,-0.06237487678314277,0.14129441859012043
7,0.339078078968322,47.36127716377267,29,0.08697591709045788,-0.06237807325099845,0.14130445995563126
7,0.339078078968322,47.36127716377267,30,0.08697338319805988,-0.06237894053890628,0.1413100527071706
8,0.339078078968322,47.3810273442408,1,0.11716050367657597,0.3456337825398464,0.59599625120474
8,0.339078078968322,47.3810273442408,2,-0.06295893020188242,0.32158456941768043,0.8131280643351015
8,0.339078078968322,47.3810273442408,3,-0.21174080747944965,0.2964577741722339,0.8794716116037198
8,0.339078078968322,47.3810273442408,4,-0.33827874493751403,0.2728444337147235,0.8368847283728124
8,0.339078078968322,47.3810273442408,5,-0.3717957032897383,0.24525776593729506,0.7715017893771261
8,0.339078078968322,47.3810273442408,6,-0.3457093975585449,0.2210946908793352,0.6959349438595084
8,0.339078078968322,47.3810273442408,7,-0.31975483552360306,0.19705364662381014,0.6067199773165652
8,0.339078078968322,47.3810273442408,8,-0.2939443090932497,0.17314601884973516,0.5039734981763057
8,0.339078078968322,47.3810273442408,9,-0.2682900238730943,0.14938311329612577,0.38782553224599736
8,0.339078078968322,47.3810273442408,10,-0.2428039885536389,0.1257760533045903,0.2584190175905483
8,0.339078078968322,47.3810273442408,11,-0.2162037197154581,0.10221895779911278,0.12110712248305948
8,0.339078078968322,47.3810273442408,12,-0.17966406629923942,0.0760880591060408,0.11790155496527854
8,0.339078078968322,47.3810273442408,13,-0.14396065871216118,0.05611425838299409,0.13492375628334127
8,0.339078078968322,47.3810273442408,14,-0.108436288324696,0.03650243400466636,0.1390690186200822
8,0.339078078968322,47.3810273442408,15,-0.07416399134766045,0.018748495516699194,0.1383904322633179
8,0.339078078968322,47.3810273442408,16,-0.04299932109126012,0.003268402879006886,0.13917296269613444
8,0.339078078968322,47.3810273442408,17,-0.014694987598679361,-0.010308951311742282,0.13975422854174685
8,0.339078078968322,47.3810273442408,18,0.010620627523411441,-0.02215279273633943,0.1401661625627424
8,0.339078078968322,47.3810273442408,19,0.032946521863767134,-0.032348692333569434,0.14022931215698076
8,0.339078078968322,47.3810273442408,20,0.052150492078665296,-0.040841232663076536,0.14050075521981809
8,0.339078078968322,47.3810273442408,21,0.06836283909783122,-0.04760225002687782,0.140566204393845
8,0.339078078968322,47.3810273442408,22,0.07860066273741519,-0.05407195467662495,0.14055651189700788
8,0.339078078968322,47.3810273442408,23,0.08390974012901978,-0.05923322996189812,0.14082812610112108
8,0.339078078968322,47.3810273442408,24,0.0866377123082682,-0.0618795013962659,0.1410186509924935
8,0.339078078968322,47.3810273442408,25,0.08704523335364064,-0.062300353494333806,0.14112892734807644
8,0.339078078968322,47.3810273442408,26,0.08705169990588592,-0.062322335475855105,0.1412252385273267
8,0.339078078968322,47.3810273442408,27,0.08705478323564286,-0.062332353626890415,0.14127044293896868
8,0.339078078968322,47.3810273442408,28,0.08705532991002495,-0.062337666331922705,0.1412918900245634
8,0.339078078968322,47.3810273442408,29,0.0870541717012873,-0.062340517204209,0.14130186198237607
8,0.339078078968322,47.3810273442408,30,0.08705173564273909,-0.062341315707407106,0.14130745413240633
9,0.348147587203672,1.834450728392636,1,0.11721644228093936,0.3452903982759701,0.5959309360320874
9,0.348147587203672,1.834450728392636,2,-0.06277896443111625,0.3204757244740797,0.8129179761375378
9,0.348147587203672,1.834450728392636,3,-0.21145181217444697,0.294674426255635,0.8789688338110785
9,0.348147587203672,1.834450728392636,4,-0.33788248834233703,0.2704701980937813,0.8359531861755953
9,0.348147587203672,1.834450728392636,5,-0.37432276280263915,0.24178660956697307,0.7692210134462604
9,0.348147587203672,1.834450728392636,6,-0.343170354797519,0.2177466177988801,0.6938489872198336
9,0.348147587203672,1.834450728392636,7,-0.3121770150207848,0.19382937734106573,0.6048323910603502
9,0.348147587203672,1.834450728392636,8,-0.2813571364834387,0.17004599513158608,0.502287660635263
9,0.348147587203672,1.834450728392636,9,-0.2507250660407555,0.1464075424905988,0.38634459744563404
9,0.348147587203672,1.834450728392636,10,-0.2202949572574755,0.12292494157795059,0.25714588166430796
9,0.348147587203672,1.834450728392636,11,-0.19008066579276361,0.0996088846628302,0.11484651513489119
9,0.348147587203672,1.834450728392636,12,-0.16621736492315203,0.0612004590825091,0.1156395750359596
9,0.348147587203672,1.834450728392636,13,-0.14443747268466994,0.029231467965383808,0.15111404691885277
9,0.348147587203672,1.834450728392636,14,-0.12273249426512264,-0.0026275630479056697,0.172424721234517
9,0.348147587203672,1.834450728392636,15,-0.10109615372458934,-0.03438584591604964,0.1796248043835126
9,0.348147587203672,1.834450728392636,16,-0.07952576316316476,-0.06604732599595135,0.17275946039682924
9,0.348147587203672,1.834450728392636,17,-0.057218823146117974,-0.09645515558408072,0.15750370257626276
9,0.348147587203672,1.834450728392636,18,-0.03416560655155314,-0.1256220148057668,0.13388123548887607
9,0.348147587203672,1.834450728392636,19,-0.011459048618585713,-0.15157462423162602,0.1092571395938444
9,0.348147587203672,1.834450728392636,20,0.00676146077109117,-0.17230880832915882,0.10415881911332849
9,0.348147587203672,1.834450728392636,21,0.022956505261584003,-0.19059303748307657,0.09973076917353521
9,0.348147587203672,1.834450728392636,22,0.035875800504981424,-0.20710795244953822,0.09933272096523467
9,0.348147587203672,1.834450728392636,23,0.04662008256661036,-0.2221402629307335,0.09911026409002302
9,0.348147587203672,1.834450728392636,24,0.055583829722361866,-0.23466086053401133,0.09893262239322291
9,0.348147587203672,1.834450728392636,25,0.0628677039687079,-0.24456357164229298,0.09905920461312463
9,0.348147587203672,1.834450728392636,26,0.06847032271069228,-0.25179715680834724,0.0990804990790433
9,0.348147587203672,1.834450728392636,27,0.07231924008074643,-0.2562448395743976,0.09946683210207072
9,0.348147587203672,1.834450728392636,28,0.07428876396318992,-0.25816861042807515,0.09949508209629238
9,0.348147587203672,1.834450728392636,29,0.07451746491694336,-0.2584149422803752,0.09975638618388552
9,0.348147587203672,1.834450728392636,30,0.07444866239190745,-0.2584058847734993,0.09987975165618797
10,0.339078078968322,47.40040595074694,1,0.11716050367657597,0.3456337825398464,0.59599625120474
10,0.339078078968322,47.40040595074694,2,-0.06295893020188242,0.32158456941768043,0.8131280643351015
10,0.339078078968322,47.40040595074694,3,-0.21174080747944965,0.2964577741722339,0.8794716116037198
10,0.339078078968322,47.40040595074694,4,-0.33827874493751403,0.2728444337147235,0.8368847283728124
10,0.339078078968322,47.40040595074694,5,-0.3717957032897383,0.24525776593729506,0.7715017893771261
10,0.339078078968322,47.40040595074694,6,-0.3457093975585449,0.2210946908793352,0.6959349438595084
10,0.339078078968322,47.40040595074694,7,-0.31975483552360306,0.19705364662381014,0.6067199773165652
10,0.339078078968322,47.40040595074694,8,-0.2939443090932497,0.17314601884973516,0.5039734981763057
10,0.339078078968322,47.40040595074694,9,-0.2682900238730943,0.14938311329612577,0.38782553224599736
10,0.339078078968322,47.40040595074694,10,-0.2428039885536389,0.1257760533045903,0.2584190175905483
10,0.339078078968322,47.40040595074694,11,-0.2162037197154581,0.10221895779911278,0.12110712248305948
10,0.339078078968322,47.40040595074694,12,-0.17966406629923942,0.0760880591060408,0.11790155496527854
10,0.339078078968322,47.40040595074694,13,-0.14396065871216118,0.05611425838299409,0.13492375628334127
10,0.339078078968322,47.40040595074694,14,-0.108436288324696,0.03650243400466636,0.1390690186200822
10,0.339078078968322,47.40040595074694,15,-0.07416399134766045,0.018748495516699194,0.1383904322633179
10,0.339078078968322,47.40040595074694,16,-0.04299932109126012,0.003268402879006886,0.13917296269613444
10,0.339078078968322,47.40040595074694,17,-0.014694987598679361,-0.010308951311742282,0.13975422854174685
10,0.339078078968322,47.40040595074694,18,0.010620627523411441,-0.02215279273633943,0.1401661625627424
10,0.339078078968322,47.40040595074694,19,0.032946521863767134,-0.032348692333569434,0.14022931215698076
10,0.339078078968322,47.40040595074694,20,0.052150492078665296,-0.040841232663076536,0.14050075521981809
10,0.339078078968322,47.40040595074694,21,0.06836283909783122,-0.04760225002687782,0.140566204393845
10,0.339078078968322,47.40040595074694,22,0.07862244186219722,-0.054061541251306335,0.14055649011109891
10,0.339078078968322,47.40040595074694,23,0.08395865795100398,-0.0592111537205443,0.14082716269401
10,0.339078078968322,47.40040595074694,24,0.08670415284748163,-0.0618507121612154,0.14101664636757874
10,0.339078078968322,47.40040595074694,25,0.08711881348992626,-0.06226755245227686,0.14112648872918948
10,0.339078078968322,47.40040595074694,26,0.08712717226505733,-0.06228729050425383,0.14122265114525756
10,0.339078078968322,47.40040595074694,27,0.08713109672504607,-0.06229622385660239,0.1412677670014697
10,0.339078078968322,47.40040595074694,28,0.08713202507389912,-0.06230115275821661,0.14128903099666576
10,0.339078078968322,47.40040595074694,29,0.08713099527429205,-0.06230384160479462,0.14129909001609806
10,0.339078078968322,47.40040595074694,30,0.0871285980750316,-0.06230453027762161,0.14130475755301306
11,0.44203877225620375,29.72775539969188,1,0.11779768204832229,0.3417343882715145,0.5952559902619214
11,0.44203877225620375,29.72775539969188,2,-0.06090827884986394,0.30899256688693183,0.8107461538750771
11,0.44203877225620375,29.72775539969188,3,-0.20855251668357427,0.27614814156044315,0.8741531374769058
11,0.44203877225620375,29.72775539969188,4,-0.33403029690911135,0.2457416676533776,0.8272552933241475
11,0.44203877225620375,29.72775539969188,5,-0.3647444042342755,0.20778290306136635,0.7548170351099854
11,0.44203877225620375,29.72775539969188,6,-0.32589521280785166,0.17341397470754114,0.6728888607940878
11,0.44203877225620375,29.72775539969188,7,-0.2833537761217191,0.1395855912771386,0.5783059625189205
11,0.44203877225620375,29.72775539969188,8,-0.24106991557319624,0.10596202895820607,0.47027220010614557
11,0.44203877225620375,29.72775539969188,9,-0.1990619079638671,0.07255782121975693,0.3489226536397798
11,0.44203877225620375,29.72775539969188,10,-0.15734791100183124,0.039387406829253145,0.21440483074242417
11,0.44203877225620375,29.72775539969188,11,-0.1273291150933181,0.027079212733453553,0.1611009182894512
11,0.44203877225620375,29.72775539969188,12,-0.10652912257293003,0.031310674726658105,0.16933685814042257
11,0.44203877225620375,29.72775539969188,13,-0.08577860313660089,0.035532072126104895,0.16350546422963494
11,0.44203877225620375,29.72775539969188,14,-0.06470990715051192,0.040451035774697344,0.15633382075094676
11,0.44203877225620375,29.72775539969188,15,-0.04323145174944873,0.04624193404665908,0.150978659255159
11,0.44203877225620375,29.72775539969188,16,-0.021038474772005145,0.05152627797208817,0.1352402329485024
11,0.44203877225620375,29.72775539969188,17,-0.0037343948900996978,0.054204532841032424,0.1341847475367475
11,0.44203877225620375,29.72775539969188,18,0.011487959103300957,0.055544454591661144,0.12892251406162328
11,0.44203877225620375,29.72775539969188,19,0.02495513659998933,0.055162116908101834,0.11944556409010475
11,0.44203877225620375,29.72775539969188,20,0.037502519402408147,0.053325609206125404,0.10282200755675347
11,0.44203877225620375,29.72775539969188,21,0.04329431518829248,0.05064210297689655,0.1015430354118599
11,0.44203877225620375,29.72775539969188,22,0.046970075965388026,0.04832010761740866,0.09847885316310634
11,0.44203877225620375,29.72775539969188,23,0.04888560347613127,0.045134372386618285,0.09969293495931526
11,0.44203877225620375,29.72775539969188,24,0.049200165209204824,0.04405344898970155,0.09927191859193758
11,0.44203877225620375,29.72775539969188,25,0.04934798506624644,0.04405295429705497,0.09965114372164943
11,0.44203877225620375,29.72775539969188,26,0.04942216785531063,0.04405685442129403,0.09983010430738365
11,0.44203877225620375,29.72775539969188,27,0.04945666372353291,0.0440586637093803,0.09991455220796112
11,0.44203877225620375,29.72775539969188,28,0.04947288686977383,0.044059485403775356,0.09995439996582661
11,0.44203877225620375,29.72775539969188,29,0.049480212145157215,0.044059825309345206,0.09997321570026094
11,0.44203877225620375,29.72775539969188,30,0.04948369561245541,0.04405994970887057,0.09998209564031993
12,0.339078078968322,47.41939386439603,1,0.11716050367657597,0.3456337825398464,0.59599625120474
12,0.339078078968322,47.41939386439603,2,-0.06295893020188242,0.32158456941768043,0.8131280643351015
12,0.339078078968322,47.41939386439603,3,-0.21174080747944965,0.2964577741722339,0.8794716116037198
12,0.339078078968322,47.41939386439603,4,-0.33827874493751403,0.2728444337147235,0.8368847283728124
12,0.339078078968322,47.41939386439603,5,-0.3717957032897383,0.24525776593729506,0.7715017893771261
12,0.339078078968322,47.41939386439603,6,-0.3457093975585449,0.2210946908793352,0.6959349438595084
12,0.339078078968322,47.41939386439603,7,-0.31975483552360306,0.19705364662381014,0.6067199773165652
12,0.339078078968322,47.41939386439603,8,-0.2939443090932497,0.17314601884973516,0.5039734981763057
12,0.339078078968322,47.41939386439603,9,-0.2682900238730943,0.14938311329612577,0.38782553224599736
12,0.339078078968322,47.41939386439603,10,-0.2428039885536389,0.1257760533045903,0.2584190175905483
12,0.339078078968322,47.41939386439603,11,-0.2162037197154581,0.10221895779911278,0.12110712248305948
12,0.339078078968322,47.41939386439603,12,-0.17966406629923942,0.0760880591060408,0.11790155496527854
12,0.339078078968322,47.41939386439603,13,-0.14396065871216118,0.05611425838299409,0.13492375628334127
12,0.339078078968322,47.41939386439603,14,-0.108436288324696,0.03650243400466636,0.1390690186200822
12,0.339078078968322,47.41939386439603,15,-0.07416399134766045,0.018748495516699194,0.1383904322633179
12,0.339078078968322,47.41939386439603,16,-0.04299932109126012,0.003268402879006886,0.13917296269613444
12,0.339078078968322,47.41939386439603,17,-0.014694987598679361,-0.010308951311742282,0.13975422854174685
12,0.339078078968322,47.41939386439603,18,0.010620627523411441,-0.02215279273633943,0.1401661625627424
12,0.339078078968322,47.41939386439603,19,0.032946521863767134,-0.032348692333569434,0.14022931215698076
12,0.339078078968322,47.41939386439603,20,0.052150492078665296,-0.040841232663076536,0.14050075521981809
12,0.339078078968322,47.41939386439603,21,0.06836283909783122,-0.04760225002687782,0.140566204393845
12,0.339078078968322,47.41939386439603,22,0.07864314668704883,-0.054051666238854906,0.14055650898330774
12,0.339078078968322,47.41939386439603,23,0.0840062276678892,-0.05918973264289204,0.14082624215507747
12,0.339078078968322,47.41939386439603,24,0.08676921434495442,-0.06182262030985534,0.14101467399733983
12,0.339078078968322,47.41939386439603,25,0.08719126989372504,-0.062235513450117734,0.1411240491054676
12,0.339078078968322,47.41939386439603,26,0.08720152155209274,-0.06225288811641826,0.14122006059063158
12,0.339078078968322,47.41939386439603,27,0.08720604366264721,-0.06226138408754514,0.14126521822135601
12,0.339078078968322,47.41939386439603,28,0.08720744012200433,-0.062265650039490174,0.14128637402463542
12,0.339078078968322,47.41939386439603,29,0.0872065240308328,-0.06226787619974138,0.14129645392193663
12,0.339078078968322,47.41939386439603,30,0.0872041849938189,-0.06226840021209946,0.14130214814178937
13,0.339078078968322,47.43807181750315,1,0.11716050367657597,0.3456337825398464,0.59599625120474
13,0.339078078968322,47.43807181750315,2,-0.06295893020188242,0.32158456941768043,0.8131280643351015
13,0.339078078968322,47.43807181750315,3,-0.21174080747944965,0.2964577741722339,0.8794716116037198
13,0.339078078968322,47.43807181750315,4,-0.33827874493751403,0.2728444337147235,0.8368847283728124
13,0.339078078968322,47.43807181750315,5,-0.3717957032897383,0.24525776593729506,0.7715017893771261
13,0.339078078968322,47.43807181750315,6,-0.3457093975585449,0.2210946908793352,0.6959349438595084
13,0.339078078968322,47.43807181750315,7,-0.31975483552360306,0.19705364662381014,0.6067199773165652
13,0.339078078968322,47.43807181750315,8,-0.2939443090932497,0.17314601884973516,0.5039734981763057
13,0.339078078968322,47.43807181750315,9,-0.2682900238730943,0.14938311329612577,0.38782553224599736
13,0.339078078968322,47.43807181750315,10,-0.2428039885536389,0.1257760533045903,0.2584190175905483
13,0.339078078968322,47.43807181750315,11,-0.2162037197154581,0.10221895779911278,0.12110712248305948
13,0.339078078968322,47.43807181750315,12,-0.17966406629923942,0.0760880591060408,0.11790155496527854
13,0.339078078968322,47.43807181750315,13,-0.14396065871216118,0.05611425838299409,0.13492375628334127
13,0.339078078968322,47.43807181750315,14,-0.108436288324696,0.03650243400466636,0.1390690186200822
13,0.339078078968322,47.43807181750315,15,-0.07416399134766045,0.018748495516699194,0.1383904322633179
13,0.339078078968322,47.43807181750315,16,-0.04299932109126012,0.003268402879006886,0.13917296269613444
13,0.339078078968322,47.43807181750315,17,-0.014694987598679361,-0.010308951311742282,0.13975422854174685
13,0.339078078968322,47.43807181750315,18,0.010620627523411441,-0.02215279273633943,0.1401661625627424
13,0.339078078968322,47.43807181750315,19,0.032946521863767134,-0.032348692333569434,0.14022931215698076
13,0.339078078968322,47.43807181750315,20,0.052150492078665296,-0.040841232663076536,0.14050075521981809
13,0.339078078968322,47.43807181750315,21,0.06836283909783122,-0.04760225002687782,0.140566204393845
13,0.339078078968322,47.43807181750315,22,0.07866407370041707,-0.05404162520023945,0.1405564854779739
13,0.339078078968322,47.43807181750315,23,0.084053137869371,-0.059168520259709895,0.14082530179673278
13,0.339078078968322,47.43807181750315,24,0.08683315403716428,-0.06179491060970386,0.14101270346391193
13,0.339078078968322,47.43807181750315,25,0.08726232227240255,-0.06220402959692602,0.14112168764547545
13,0.339078078968322,47.43807181750315,26,0.08727454904003079,-0.062219043872836895,0.14121749222467853
13,0.339078078968322,47.43807181750315,27,0.08727989024458546,-0.062226551237084766,0.14126258602016376
13,0.339078078968322,47.43807181750315,28,0.08728148068535435,-0.06223077338573803,0.14128390188328158
13,0.339078078968322,47.43807181750315,29,0.08728064248369415,-0.062232515183671365,0.14129397026101542
13,0.339078078968322,47.43807181750315,30,0.08727840412278841,-0.062232867944313104,0.1412996242279254
14,0.339078078968322,47.45642565884185,1,0.11716050367657597,0.3456337825398464,0.59599625120474
14,0.339078078968322,47.45642565884185,2,-0.06295893020188242,0.32158456941768043,0.8131280643351015
14,0.339078078968322,47.45642565884185,3,-0.21174080747944965,0.2964577741722339,0.8794716116037198
14,0.339078078968322,47.45642565884185,4,-0.33827874493751403,0.2728444337147235,0.8368847283728124
14,0.339078078968322,47.45642565884185,5,-0.3717957032897383,0.24525776593729506,0.7715017893771261
14,0.339078078968322,47.45642565884185,6,-0.3457093975585449,0.2210946908793352,0.6959349438595084
14,0.339078078968322,47.45642565884185,7,-0.31975483552360306,0.19705364662381014,0.6067199773165652
14,0.339078078968322,47.45642565884185,8,-0.2939443090932497,0.17314601884973516,0.5039734981763057
14,0.339078078968322,47.45642565884185,9,-0.2682900238730943,0.14938311329612577,0.38782553224599736
14,0.339078078968322,47.45642565884185,10,-0.2428039885536389,0.1257760533045903,0.2584190175905483
14,0.339078078968322,47.45642565884185,11,-0.2162037197154581,0.10221895779911278,0.12110712248305948
14,0.339078078968322,47.45642565884185,12,-0.17966406629923942,0.0760880591060408,0.11790155496527854
14,0.339078078968322,47.45642565884185,13,-0.14396065871216118,0.05611425838299409,0.13492375628334127
14,0.339078078968322,47.45642565884185,14,-0.108436288324696,0.03650243400466636,0.1390690186200822
14,0.339078078968322,47.45642565884185,15,-0.07416399134766045,0.018748495516699194,0.1383904322633179
14,0.339078078968322,47.45642565884185,16,-0.04299932109126012,0.003268402879006886,0.13917296269613444
14,0.339078078968322,47.45642565884185,17,-0.014694987598679361,-0.010308951311742282,0.13975422854174685
14,0.339078078968322,47.45642565884185,18,0.010620627523411441,-0.02215279273633943,0.1401661625627424
14,0.339078078968322,47.45642565884185,19,0.032946521863767134,-0.032348692333569434,0.14022931215698076
14,0.339078078968322,47.45642565884185,20,0.052150492078665296,-0.040841232663076536,0.14050075521981809
14,0.339078078968322,47.45642565884185,21,0.06836283909783122,-0.04760225002687782,0.140566204393845
14,0.339078078968322,47.45642565884185,22,0.07868458967606493,-0.054031768058590945,0.14055646143147527
14,0.339078078968322,47.45642565884185,23,0.08409932328786435,-0.05914760557824854,0.1408243856849447
14,0.339078078968322,47.45642565884185,24,0.08689581413176094,-0.06176776855953599,0.1410107576470171
14,0.339078078968322,47.45642565884185,25,0.08733219101181983,-0.06217311319070312,0.14111927982361813
14,0.339078078968322,47.45642565884185,26,0.08734622972075826,-0.06218588534556268,0.14121493075216784
14,0.339078078968322,47.45642565884185,27,0.08735235673417677,-0.06219238605961287,0.14125997921809272
14,0.339078078968322,47.45642565884185,28,0.08735429009553546,-0.06219612456054848,0.14128109064305278
14,0.339078078968322,47.45642565884185,29,0.08735359191059093,-0.06219781781081658,0.1412912637741698
14,0.339078078968322,47.45642565884185,30,0.08735140823820454,-0.06219828143408444,0.14129693979167957
15,0.339078078968322,47.47371504129834,1,0.11716050367657597,0.3456337825398464,0.59599625120474
15,0.339078078968322,47.47371504129834,2,-0.06295893020188242,0.32158456941768043,0.8131280643351015
15,0.339078078968322,47.47371504129834,3,-0.21174080747944965,0.2964577741722339,0.8794716116037198
15,0.339078078968322,47.47371504129834,4,-0.33827874493751403,0.2728444337147235,0.8368847283728124
15,0.339078078968322,47.47371504129834,5,-0.3717957032897383,0.24525776593729506,0.7715017893771261
15,0.339078078968322,47.47371504129834,6,-0.3457093975585449,0.2210946908793352,0.6959349438595084
15,0.339078078968322,47.47371504129834,7,-0.31975483552360306,0.19705364662381014,0.6067199773165652
15,0.339078078968322,47.47371504129834,8,-0.2939443090932497,0.17314601884973516,0.5039734981763057
15,0.339078078968322,47.47371504129834,9,-0.2682900238730943,0.14938311329612577,0.38782553224599736
15,0.339078078968322,47.47371504129834,10,-0.2428039885536389,0.1257760533045903,0.2584190175905483
15,0.339078078968322,47.47371504129834,11,-0.2162037197154581,0.10221895779911278,0.12110712248305948
15,0.339078078968322,47.47371504129834,12,-0.17966406629923942,0.0760880591060408,0.11790155496527854
15,0.339078078968322,47.47371504129834,13,-0.14396065871216118,0.05611425838299409,0.13492375628334127
15,0.339078078968322,47.47371504129834,14,-0.108436288324696,0.03650243400466636,0.1390690186200822
15,0.339078078968322,47.47371504129834,15,-0.07416399134766045,0.018748495516699194,0.1383904322633179
15,0.339078078968322,47.47371504129834,16,-0.04299932109126012,0.003268402879006886,0.13917296269613444
15,0.339078078968322,47.47371504129834,17,-0.014694987598679361,-0.010308951311742282,0.13975422854174685
15,0.339078078968322,47.47371504129834,18,0.010620627523411441,-0.02215279273633943,0.1401661625627424
15,0.339078078968322,47.47371504129834,19,0.032946521863767134,-0.032348692333569434,0.14022931215698076
15,0.339078078968322,47.47371504129834,20,0.052150492078665296,-0.040841232663076536,0.14050075521981809
15,0.339078078968322,47.47371504129834,21,0.06836283909783122,-0.04760225002687782,0.140566204393845
15,0.339078078968322,47.47371504129834,22,0.07870470301506657,-0.05402209169239604,0.14055643689208908
15,0.339078078968322,47.47371504129834,23,0.08414457490601839,-0.05912710598885326,0.14082346788926406
15,0.339078078968322,47.47371504129834,24,0.08697265113572511,-0.06175640029160076,0.1409237152626872
15,0.339078078968322,47.47371504129834,25,0.08739864064082857,-0.06214029264098453,0.14112041013106233
15,0.339078078968322,47.47371504129834,26,0.08741257212179232,-0.06214906079133383,0.14121408463893823
15,0.339078078968322,47.47371504129834,27,0.0874186134890119,-0.06215361531401192,0.14125823468758905
15,0.339078078968322,47.47371504129834,28,0.0874205907900812,-0.06215631444958112,0.14127870445512652
15,0.339078078968322,47.47371504129834,29,0.08741972417725934,-0.0621573644827809,0.1412887965064409
15,0.339078078968322,47.47371504129834,30,0.08741747775556827,-0.06215741330481355,0.14129444407956204
16,0.339078078968322,47.49389584518621,1,0.11716050367657597,0.3456337825398464,0.59599625120474
16,0.339078078968322,47.49389584518621,2,-0.06295893020188242,0.32158456941768043,0.8131280643351015
16,0.339078078968322,47.49389584518621,3,-0.21174080747944965,0.2964577741722339,0.8794716116037198
16,0.339078078968322,47.49389584518621,4,-0.33827874493751403,0.2728444337147235,0.8368847283728124
16,0.339078078968322,47.49389584518621,5,-0.3717957032897383,0.24525776593729506,0.7715017893771261
16,0.339078078968322,47.49389584518621,6,-0.3457093975585449,0.2210946908793352,0.6959349438595084
16,0.339078078968322,47.49389584518621,7,-0.31975483552360306,0.19705364662381014,0.6067199773165652
16,0.339078078968322,47.49389584518621,8,-0.2939443090932497,0.17314601884973516,0.5039734981763057
16,0.339078078968322,47.49389584518621,9,-0.2682900238730943,0.14938311329612577,0.38782553224599736
16,0.339078078968322,47.49389584518621,10,-0.2428039885536389,0.1257760533045903,0.2584190175905483
16,0.339078078968322,47.49389584518621,11,-0.2162037197154581,0.10221895779911278,0.12110712248305948
16,0.339078078968322,47.49389584518621,12,-0.17966406629923942,0.0760880591060408,0.11790155496527854
16,0.339078078968322,47.49389584518621,13,-0.14396065871216118,0.05611425838299409,0.13492375628334127
16,0.339078078968322,47.49389584518621,14,-0.108436288324696,0.03650243400466636,0.1390690186200822
16,0.339078078968322,47.49389584518621,15,-0.07416399134766045,0.018748495516699194,0.1383904322633179
16,0.339078078968322,47.49389584518621,16,-0.04299932109126012,0.003268402879006886,0.13917296269613444
16,0.339078078968322,47.49389584518621,17,-0.014694987598679361,-0.010308951311742282,0.13975422854174685
16,0.339078078968322,47.49389584518621,18,0.010620627523411441,-0.02215279273633943,0.1401661625627424
16,0.339078078968322,47.49389584518621,19,0.032946521863767134,-0.032348692333569434,0.14022931215698076
16,0.339078078968322,47.49389584518621,20,0.052150492078665296,-0.040841232663076536,0.14050075521981809
16,0.339078078968322,47.49389584518621,21,0.06836283909783122,-0.04760225002687782,0.140566204393845
16,0.339078078968322,47.49389584518621,22,0.07872442395424378,-0.054012591932354526,0.14055641187845772
16,0.339078078968322,47.49389584518621,23,0.08421386168266302,-0.05909389321681083,0.14082149392305038
16,0.339078078968322,47.49389584518621,24,0.08704819284606301,-0.06172119967959645,0.14092060446076718
16,0.339078078968322,47.49389584518621,25,0.0874748499393783,-0.062105281461106734,0.1411171304638177
16,0.339078078968322,47.49389584518621,26,0.08748803959501901,-0.06211511882329343,0.1412108830157377
16,0.339078078968322,47.49389584518621,27,0.08749377053470714,-0.06212025374199661,0.14125506955394684
16,0.339078078968322,47.49389584518621,28,0.08749555595163656,-0.062123152853950876,0.14127574127896117
16,0.339078078968322,47.49389584518621,29,0.08749464486057691,-0.06212411152885442,0.14128574302566702
16,0.339078078968322,47.49389584518621,30,0.08749241906786259,-0.06212398352963981,0.141291375353067
17,0.339078078968322,47.5130556960195,1,0.11716050367657597,0.3456337825398464,0.59599625120474
17,0.339078078968322,47.5130556960195,2,-0.06295893020188242,0.32158456941768043,0.8131280643351015
17,0.339078078968322,47.5130556960195,3,-0.21174080747944965,0.2964577741722339,0.8794716116037198
17,0.339078078968322,47.5130556960195,4,-0.33827874493751403,0.2728444337147235,0.8368847283728124
17,0.339078078968322,47.5130556960195,5,-0.3717957032897383,0.24525776593729506,0.7715017893771261
17,0.339078078968322,47.5130556960195,6,-0.3457093975585449,0.2210946908793352,0.6959349438595084
17,0.339078078968322,47.5130556960195,7,-0.31975483552360306,0.19705364662381014,0.6067199773165652
17,0.339078078968322,47.5130556960195,8,-0.2939443090932497,0.17314601884973516,0.5039734981763057
17,0.339078078968322,47.5130556960195,9,-0.2682900238730943,0.14938311329612577,0.38782553224599736
17,0.339078078968322,47.5130556960195,10,-0.2428039885536389,0.1257760533045903,0.2584190175905483
17,0.339078078968322,47.5130556960195,11,-0.2162037197154581,0.10221895779911278,0.12110712248305948
17,0.339078078968322,47.5130556960195,12,-0.17966406629923942,0.0760880591060408,0.11790155496527854
17,0.339078078968322,47.5130556960195,13,-0.14396065871216118,0.05611425838299409,0.13492375628334127
17,0.339078078968322,47.5130556960195,14,-0.108436288324696,0.03650243400466636,0.1390690186200822
17,0.339078078968322,47.5130556960195,15,-0.07416399134766045,0.018748495516699194,0.1383904322633179
17,0.339078078968322,47.5130556960195,16,-0.04299932109126012,0.003268402879006886,0.13917296269613444
17,0.339078078968322,47.5130556960195,17,-0.014694987598679361,-0.010308951311742282,0.13975422854174685
17,0.339078078968322,47.5130556960195,18,0.010620627523411441,-0.02215279273633943,0.1401661625627424
17,0.339078078968322,47.5130556960195,19,0.032946521863767134,-0.032348692333569434,0.14022931215698076
17,0.339078078968322,47.5130556960195,20,0.052150492078665296,-0.040841232663076536,0.14050075521981809
17,0.339078078968322,47.5130556960195,21,0.06836283909783122,-0.04760225002687782,0.140566204393845
17,0.339078078968322,47.5130556960195,22,0.07874376156738372,-0.05400326531157867,0.14055638642689217
17,0.339078078968322,47.5130556960195,23,0.08428047317022523,-0.05906220549938622,0.14082011057985233
17,0.339078078968322,47.5130556960195,24,0.08712050633609043,-0.061688778038597535,0.1409181016941016
17,0.339078078968322,47.5130556960195,25,0.08754742667012168,-0.062073827040036944,0.14111447323165746
17,0.339078078968322,47.5130556960195,26,0.08755984409097105,-0.06208452404790947,0.14120824005967175
17,0.339078078968322,47.5130556960195,27,0.08756520006201583,-0.06209013926825247,0.14125244477102072
17,0.339078078968322,47.5130556960195,28,0.08756684727305755,-0.06209320935365672,0.14127308878178257
17,0.339078078968322,47.5130556960195,29,0.0875658440696992,-0.06209424001844514,0.14128308825023828
17,0.339078078968322,47.5130556960195,30,0.08756355777937674,-0.062094572578834065,0.14128865013789632
18,0.5599470389730845,38.52846813068724,1,0.11853302420113568,0.3372658460188138,0.5944115173151453
18,0.5599470389730845,38.52846813068724,2,-0.05853978112546468,0.29456227308666677,0.8080266706129502
18,0.5599470389730845,38.52846813068724,3,-0.21743408831134808,0.2648817760524439,0.8679345196952467
18,0.5599470389730845,38.52846813068724,4,-0.3545752836015844,0.24687945537607056,0.7731053310428455
18,0.5599470389730845,38.52846813068724,5,-0.377065341837472,0.22708754891511143,0.6896823725791474
18,0.5599470389730845,38.52846813068724,6,-0.35342662593144863,0.211425157877228,0.6023336303317331
18,0.5599470389730845,38.52846813068724,7,-0.3282900181839982,0.19602300388051772,0.5017945587825321
18,0.5599470389730845,38.52846813068724,8,-0.3033018356947971,0.18071179567520157,0.3878247819981273
18,0.5599470389730845,38.52846813068724,9,-0.27847401733632554,0.1654988486617639,0.26056526426940146
18,0.5599470389730845,38.52846813068724,10,-0.24447114728442995,0.1501480449493225,0.17727025689042072
18,0.5599470389730845,38.52846813068724,11,-0.19196914888229435,0.13438785028142053,0.19439653587444403
18,0.5599470389730845,38.52846813068724,12,-0.13966333067635348,0.11868654552582882,0.19741942121882325
18,0.5599470389730845,38.52846813068724,13,-0.08755054353551378,0.10304318536769119,0.18639178909142368
18,0.5599470389730845,38.52846813068724,14,-0.035634933109456327,0.08745901425956164,0.1613674157608216
18,0.5599470389730845,38.52846813068724,15,0.01691993512480913,0.07363408433330934,0.13212841781835513
18,0.5599470389730845,38.52846813068724,16,0.05409978000977148,0.05061622480822503,0.10107993265209193
18,0.5599470389730845,38.52846813068724,17,0.07625889247580268,0.029844584809597476,0.10904081482413162
18,0.5599470389730845,38.52846813068724,18,0.09070474069460234,0.007420487341185044,0.10621592611424358
18,0.5599470389730845,38.52846813068724,19,0.09685725036344618,-0.014502697330443504,0.10002817718721554
18,0.5599470389730845,38.52846813068724,20,0.09944708904514842,-0.03259518614047051,0.1016245839316347
18,0.5599470389730845,38.52846813068724,21,0.10221680114394609,-0.048111366211972456,0.09958458586382272
18,0.5599470389730845,38.52846813068724,22,0.10498813846391299,-0.060035628886500055,0.0983673299720354
18,0.5599470389730845,38.52846813068724,23,0.10680177344612501,-0.06836544676035515,0.09820151247688644
18,0.5599470389730845,38.52846813068724,24,0.10763904460608918,-0.0732716904037691,0.09878479877590778
18,0.5599470389730845,38.52846813068724,25,0.10790298485078266,-0.07485974078071812,0.09942109418033442
18,0.5599470389730845,38.52846813068724,26,0.10788511471487812,-0.0747527568328659,0.09972143288082497
18,0.5599470389730845,38.52846813068724,27,0.10788606223324154,-0.07468509094894392,0.09986320830503627
18,0.5599470389730845,38.52846813068724,28,0.10786842670234643,-0.07469275795949142,0.09993016033981447
18,0.5599470389730845,38.52846813068724,29,0.10786014694700088,-0.07469635775342578,0.09996177317061557
18,0.5599470389730845,38.52846813068724,30,0.1078562564379724,-0.07469804515950317,0.0999767001470197
19,0.339078078968322,47.5302909420831,1,0.11716050367657597,0.3456337825398464,0.59599625120474
19,0.339078078968322,47.5302909420831,2,-0.06295893020188242,0.32158456941768043,0.8131280643351015
19,0.339078078968322,47.5302909420831,3,-0.21174080747944965,0.2964577741722339,0.8794716116037198
19,0.339078078968322,47.5302909420831,4,-0.33827874493751403,0.2728444337147235,0.8368847283728124
19,0.339078078968322,47.5302909420831,5,-0.3717957032897383,0.24525776593729506,0.7715017893771261
19,0.339078078968322,47.5302909420831,6,-0.3457093975585449,0.2210946908793352,0.6959349438595084
19,0.339078078968322,47.5302909420831,7,-0.31975483552360306,0.19705364662381014,0.6067199773165652
19,0.339078078968322,47.5302909420831,8,-0.2939443090932497,0.17314601884973516,0.5039734981763057
19,0.339078078968322,47.5302909420831,9,-0.2682900238730943,0.14938311329612577,0.38782553224599736
19,0.339078078968322,47.5302909420831,10,-0.2428039885536389,0.1257760533045903,0.2584190175905483
19,0.339078078968322,47.5302909420831,11,-0.2162037197154581,0.10221895779911278,0.12110712248305948
19,0.339078078968322,47.5302909420831,12,-0.17966406629923942,0.0760880591060408,0.11790155496527854
19,0.339078078968322,47.5302909420831,13,-0.14396065871216118,0.05611425838299409,0.13492375628334127
19,0.339078078968322,47.5302909420831,14,-0.108436288324696,0.03650243400466636,0.1390690186200822
19,0.339078078968322,47.5302909420831,15,-0.07416399134766045,0.018748495516699194,0.1383904322633179
19,0.339078078968322,47.5302909420831,16,-0.04299932109126012,0.003268402879006886,0.13917296269613444
19,0.339078078968322,47.5302909420831,17,-0.014694987598679361,-0.010308951311742282,0.13975422854174685
19,0.339078078968322,47.5302909420831,18,0.010620627523411441,-0.02215279273633943,0.1401661625627424
19,0.339078078968322,47.5302909420831,19,0.032946521863767134,-0.032348692333569434,0.14022931215698076
19,0.339078078968322,47.5302909420831,20,0.052150492078665296,-0.040841232663076536,0.14050075521981809
19,0.339078078968322,47.5302909420831,21,0.06836283909783122,-0.04760225002687782,0.140566204393845
19,0.339078078968322,47.5302909420831,22,0.07876271670618555,-0.05399411645632538,0.14055636053377374
19,0.339078078968322,47.5302909420831,23,0.08432450523446895,-0.059042166009129475,0.14081916969574135
19,0.339078078968322,47.5302909420831,24,0.08718019876623767,-0.06166299693486964,0.1409160975840158
19,0.339078078968322,47.5302909420831,25,0.08761336235491736,-0.062045023443024136,0.14111206708526008
19,0.339078078968322,47.5302909420831,26,0.08762706520109163,-0.06205440785918142,0.14120580977684938
19,0.339078078968322,47.5302909420831,27,0.08763322879100618,-0.06205894774515417,0.1412499182844765
19,0.339078078968322,47.5302909420831,28,0.08763525754174409,-0.06206151740601027,0.14127032072037346
19,0.339078078968322,47.5302909420831,29,0.0876343789425142,-0.062062462701473906,0.1412804213432477
19,0.339078078968322,47.5302909420831,30,0.08763213515866491,-0.062062644616577824,0.14128604369158657
20,0.339078078968322,47.54928925267442,1,0.11716050367657597,0.3456337825398464,0.59599625120474
20,0.339078078968322,47.54928925267442,2,-0.06295893020188242,0.32158456941768043,0.8131280643351015
20,0.339078078968322,47.54928925267442,3,-0.21174080747944965,0.2964577741722339,0.8794716116037198
20,0.339078078968322,47.54928925267442,4,-0.33827874493751403,0.2728444337147235,0.8368847283728124
20,0.339078078968322,47.54928925267442,5,-0.3717957032897383,0.24525776593729506,0.7715017893771261
20,0.339078078968322,47.54928925267442,6,-0.3457093975585449,0.2210946908793352,0.6959349438595084
20,0.339078078968322,47.54928925267442,7,-0.31975483552360306,0.19705364662381014,0.6067199773165652
20,0.339078078968322,47.54928925267442,8,-0.2939443090932497,0.17314601884973516,0.5039734981763057
20,0.339078078968322,47.54928925267442,9,-0.2682900238730943,0.14938311329612577,0.38782553224599736
20,0.339078078968322,47.54928925267442,10,-0.2428039885536389,0.1257760533045903,0.2584190175905483
20,0.339078078968322,47.54928925267442,11,-0.2162037197154581,0.10221895779911278,0.12110712248305948
20,0.339078078968322,47.54928925267442,12,-0.17966406629923942,0.0760880591060408,0.11790155496527854
20,0.339078078968322,47.54928925267442,13,-0.14396065871216118,0.05611425838299409,0.13492375628334127
20,0.339078078968322,47.54928925267442,14,-0.108436288324696,0.03650243400466636,0.1390690186200822
20,0.339078078968322,47.54928925267442,15,-0.07416399134766045,0.018748495516699194,0.1383904322633179
20,0.339078078968322,47.54928925267442,16,-0.04299932109126012,0.003268402879006886,0.13917296269613444
20,0.339078078968322,47.54928925267442,17,-0.014694987598679361,-0.010308951311742282,0.13975422854174685
20,0.339078078968322,47.54928925267442,18,0.010620627523411441,-0.02215279273633943,0.1401661625627424
20,0.339078078968322,47.54928925267442,19,0.032946521863767134,-0.032348692333569434,0.14022931215698076
20,0.339078078968322,47.54928925267442,20,0.052150492078665296,-0.040841232663076536,0.14050075521981809
20,0.339078078968322,47.54928925267442,21,0.06836283909783122,-0.04760225002687782,0.140566204393845
20,0.339078078968322,47.54928925267442,22,0.07880313953612308,-0.05397314521756122,0.14055631832946386
20,0.339078078968322,47.54928925267442,23,0.08439414195586574,-0.05900819681494247,0.14081743618161563
20,0.339078078968322,47.54928925267442,24,0.08725063421061954,-0.061630335274069414,0.1409135209968559
20,0.339078078968322,47.54928925267442,25,0.08768220056246767,-0.06201466380590033,0.14110949786338825
20,0.339078078968322,47.54928925267442,26,0.08769453692193606,-0.06202578269621392,0.14120333367961824
20,0.339078078968322,47.54928925267442,27,0.08770018545404147,-0.06203098638541649,0.14124743620486999
20,0.339078078968322,47.54928925267442,28,0.0877020214845725,-0.06203374564891171,0.14126767641853796
20,0.339078078968322,47.54928925267442,29,0.08770103169414606,-0.0620349317364258,0.14127781164835107
20,0.339078078968322,47.54928925267442,30,0.08769871384622004,-0.06203531873054373,0.1412834574936478
