particle,elasticity,weight,frame,x,y,z
1,0.7477241455478554,7.77637326026166,1,-0.12265269523530656,-0.2897143783578627,0.7226760788308884
1,0.7477241455478554,7.77637326026166,2,0.08207587715799804,-0.17310497734390304,0.7676655917381299
1,0.7477241455478554,7.77637326026166,3,0.2845620107404247,-0.05777282573138301,0.7981679698196839
1,0.7477241455478554,7.77637326026166,4,0.32067123681146253,0.016032727786823665,0.8066759984481637
1,0.7477241455478554,7.77637326026166,5,0.22536708562719585,0.057156650316129376,0.794970593979218
1,0.7477241455478554,7.77637326026166,6,0.1306056434385275,0.09804639288146069,0.7693051396419671
1,0.7477241455478554,7.77637326026166,7,0.03639387234344716,0.13869895132429136,0.7297626775075979
1,0.7477241455478554,7.77637326026166,8,-0.05725530390275791,0.1791087490196305,0.6764316774146232
1,0.7477241455478554,7.77637326026166,9,-0.15032395177232238,0.2192680476161332,0.6094081493500719
1,0.7477241455478554,7.77637326026166,10,-0.2427901271152967,0.2591673781713527,0.5287971856778
1,0.7477241455478554,7.77637326026166,11,-0.3346288248495101,0.2987959509447663,0.4347139802957259
1,0.7477241455478554,7.77637326026166,12,-0.36726339087094917,0.340765140454533,0.33971235505703623
1,0.7477241455478554,7.77637326026166,13,-0.3309457177552753,0.35759122168799246,0.25334441826467496
1,0.7477241455478554,7.77637326026166,14,-0.30125651260110003,0.32909003911934737,0.16250358325347555
1,0.7477241455478554,7.77637326026166,15,-0.2652861245655423,0.3119668780758681,0.12492543824557945
1,0.7477241455478554,7.77637326026166,16,-0.23128480038426072,0.3011554229519748,0.13907499782040236
1,0.7477241455478554,7.77637326026166,17,-0.19875967345337364,0.29003824173433473,0.14900720109478388
1,0.7477241455478554,7.77637326026166,18,-0.16539248302940085,0.2778444411756651,0.15068848216722783
1,0.7477241455478554,7.77637326026166,19,-0.13186701955577187,0.2650920846358369,0.14092303024659955
1,0.7477241455478554,7.77637326026166,20,-0.10292750188527543,0.25111793121009135,0.1372818403682277
1,0.7477241455478554,7.77637326026166,21,-0.07482898848529125,0.23685727468578974,0.12307655385071706
1,0.7477241455478554,7.77637326026166,22,-0.047829122203840974,0.22217296618722523,0.09940406031393191
1,0.7477241455478554,7.77637326026166,23,-0.029811838230467156,0.21249343844046914,0.10540213718714378
1,0.7477241455478554,7.77637326026166,24,-0.013463470417814549,0.20342296119087816,0.10488851723798967
1,0.7477241455478554,7.77637326026166,25,0.001298352940357898,0.19529852862131528,0.09854187022154662
1,0.7477241455478554,7.77637326026166,26,0.01206995618831794,0.18929792569357362,0.09969502173098127
1,0.7477241455478554,7.77637326026166,27,0.021022902862074432,0.1849203443668771,0.099601743490919
1,0.7477241455478554,7.77637326026166,28,0.027739290197923074,0.18222286604280763,0.09908174363279017
1,0.7477241455478554,7.77637326026166,29,0.031617435473493036,0.18117310032118536,0.09950507042512238
1,0.7477241455478554,7.77637326026166,30,0.032421529839615104,0.18092794291274933,0.09971080639564414
2,0.8217245235742926,12.302881371450612,1,-0.12265269523530656,-0.2897143783578627,0.7226760788308884
2,0.8217245235742926,12.302881371450612,2,0.08207587715799804,-0.17310497734390304,0.7676655917381299
2,0.8217245235742926,12.302881371450612,3,0.2845620107404247,-0.05777282573138301,0.7981679698196839
2,0.8217245235742926,12.302881371450612,4,0.31648994438446093,0.015003627524679002,0.8064833835693684
2,0.8217245235742926,12.302881371450612,5,0.2137126130734998,0.054275678149403844,0.7944340278164445
2,0.8217245235742926,12.302881371450612,6,0.11154574300711842,0.09331446658882214,0.7684310563000929
2,0.8217245235742926,12.302881371450612,7,0.00999574850962604,0.13211754187766966,0.7285606711674896
2,0.8217245235742926,12.302881371450612,8,-0.09092481988079787,0.17068010835366884,0.6749141324035284
2,0.8217245235742926,12.302881371450612,9,-0.1911981949822962,0.2089953770327466,0.607589807581409
2,0.8217245235742926,12.302881371450612,10,-0.290802370903798,0.2470549392857124,0.5266947042951858
2,0.8217245235742926,12.302881371450612,11,-0.373355798123529,0.28608613692937834,0.4342405485107159
2,0.8217245235742926,12.302881371450612,12,-0.3400591107219714,0.33153817134429525,0.3478494931792405
2,0.8217245235742926,12.302881371450612,13,-0.30002584693678186,0.3566333665551158,0.2545149428470963
2,0.8217245235742926,12.302881371450612,14,-0.2638303097017213,0.34455013102517673,0.15613903160679374
2,0.8217245235742926,12.302881371450612,15,-0.21415969429995918,0.3101982966215226,0.14896086367981812
2,0.8217245235742926,12.302881371450612,16,-0.166696823445761,0.2747500972647423,0.1569284995787265
2,0.8217245235742926,12.302881371450612,17,-0.12682870916384248,0.24253679399152658,0.1829405750798019
2,0.8217245235742926,12.302881371450612,18,-0.08710802392234307,0.21044261289090022,0.1948166065363
2,0.8217245235742926,12.302881371450612,19,-0.04752868750466116,0.17846264116814278,0.1926099749365546
2,0.8217245235742926,12.302881371450612,20,-0.008090514992111332,0.14659672940957366,0.17637121302843276
2,0.8217245235742926,12.302881371450612,21,0.029558061957492304,0.11415653320025806,0.15328721890350014
2,0.8217245235742926,12.302881371450612,22,0.06314569476513161,0.08093684849511144,0.13371165780530128
2,0.8217245235742926,12.302881371450612,23,0.09148276635654588,0.051704102295680794,0.12590037596078804
2,0.8217245235742926,12.302881371450612,24,0.11951966532963708,0.022692930357392914,0.10505054425517099
2,0.8217245235742926,12.302881371450612,25,0.1425354948653303,0.00012157541580664292,0.10417462867409705
2,0.8217245235742926,12.302881371450612,26,0.1630904502540732,-0.019122282936676317,0.10588144748453303
2,0.8217245235742926,12.302881371450612,27,0.18278683682029112,-0.03713540147573927,0.09929866555441515
2,0.8217245235742926,12.302881371450612,28,0.19839263497827875,-0.051321728168041966,0.10158422495539972
2,0.8217245235742926,12.302881371450612,29,0.2122471916114735,-0.06385985386594781,0.09984083362673508
2,0.8217245235742926,12.302881371450612,30,0.22295879694518506,-0.07409992462638351,0.10037573245324588
3,0.7477241455478554,7.77637326026166,1,-0.12265269523530656,-0.2897143783578627,0.7226760788308884
3,0.7477241455478554,7.77637326026166,2,0.08207587715799804,-0.17310497734390304,0.7676655917381299
3,0.7477241455478554,7.77637326026166,3,0.2845620107404247,-0.05777282573138301,0.7981679698196839
3,0.7477241455478554,7.77637326026166,4,0.32067123681146253,0.016032727786823665,0.8066759984481637
3,0.7477241455478554,7.77637326026166,5,0.22536708562719585,0.057156650316129376,0.794970593979218
3,0.7477241455478554,7.77637326026166,6,0.1306056434385275,0.09804639288146069,0.7693051396419671
3,0.7477241455478554,7.77637326026166,7,0.03639387234344716,0.13869895132429136,0.7297626775075979
3,0.7477241455478554,7.77637326026166,8,-0.05725530390275791,0.1791087490196305,0.6764316774146232
3,0.7477241455478554,7.77637326026166,9,-0.15032395177232238,0.2192680476161332,0.6094081493500719
3,0.7477241455478554,7.77637326026166,10,-0.2427901271152967,0.2591673781713527,0.5287971856778
3,0.7477241455478554,7.77637326026166,11,-0.3346288248495101,0.2987959509447663,0.4347139802957259
3,0.7477241455478554,7.77637326026166,12,-0.36726339087094917,0.340765140454533,0.33971235505703623
3,0.7477241455478554,7.77637326026166,13,-0.3309457177552753,0.35759122168799246,0.25334441826467496
3,0.7477241455478554,7.77637326026166,14,-0.30125651260110003,0.32909003911934737,0.16250358325347555
3,0.7477241455478554,7.77637326026166,15,-0.2652861245655423,0.3119668780758681,0.12492543824557945
3,0.7477241455478554,7.77637326026166,16,-0.23128480038426072,0.3011554229519748,0.13907499782040236
3,0.7477241455478554,7.77637326026166,17,-0.19875967345337364,0.29003824173433473,0.14900720109478388
3,0.7477241455478554,7.77637326026166,18,-0.16539248302940085,0.2778444411756651,0.15068848216722783
3,0.7477241455478554,7.77637326026166,19,-0.13186701955577187,0.2650920846358369,0.14092303024659955
3,0.7477241455478554,7.77637326026166,20,-0.10292750188527543,0.25111793121009135,0.1372818403682277
3,0.7477241455478554,7.77637326026166,21,-0.07482898848529125,0.23685727468578974,0.12307655385071706
3,0.7477241455478554,7.77637326026166,22,-0.047829122203840974,0.22217296618722523,0.09940406031393191
3,0.7477241455478554,7.77637326026166,23,-0.029811838230467156,0.21249343844046914,0.10540213718714378
3,0.7477241455478554,7.77637326026166,24,-0.013463470417814549,0.20342296119087816,0.10488851723798967
3,0.7477241455478554,7.77637326026166,25,0.001298352940357898,0.19529852862131528,0.09854187022154662
3,0.7477241455478554,7.77637326026166,26,0.01206995618831794,0.18929792569357362,0.09969502173098127
3,0.7477241455478554,7.77637326026166,27,0.021022902862074432,0.1849203443668771,0.099601743490919
3,0.7477241455478554,7.77637326026166,28,0.027739290197923074,0.18222286604280763,0.09908174363279017
3,0.7477241455478554,7.77637326026166,29,0.031617435473493036,0.18117310032118536,0.09950507042512238
3,0.7477241455478554,7.77637326026166,30,0.032421529839615104,0.18092794291274933,0.09971080639564414
4,0.7477241455478554,7.77637326026166,1,-0.12265269523530656,-0.2897143783578627,0.7226760788308884
4,0.7477241455478554,7.77637326026166,2,0.08207587715799804,-0.17310497734390304,0.7676655917381299
4,0.7477241455478554,7.77637326026166,3,0.2845620107404247,-0.05777282573138301,0.7981679698196839
4,0.7477241455478554,7.77637326026166,4,0.32067123681146253,0.016032727786823665,0.8066759984481637
4,0.7477241455478554,7.77637326026166,5,0.22536708562719585,0.057156650316129376,0.794970593979218
4,0.7477241455478554,7.77637326026166,6,0.1306056434385275,0.09804639288146069,0.7693051396419671
4,0.7477241455478554,7.77637326026166,7,0.03639387234344716,0.13869895132429136,0.7297626775075979
4,0.7477241455478554,7.77637326026166,8,-0.05725530390275791,0.1791087490196305,0.6764316774146232
4,0.7477241455478554,7.77637326026166,9,-0.15032395177232238,0.2192680476161332,0.6094081493500719
4,0.7477241455478554,7.77637326026166,10,-0.2427901271152967,0.2591673781713527,0.5287971856778
4,0.7477241455478554,7.77637326026166,11,-0.3346288248495101,0.2987959509447663,0.4347139802957259
4,0.7477241455478554,7.77637326026166,12,-0.36726339087094917,0.340765140454533,0.33971235505703623
4,0.7477241455478554,7.77637326026166,13,-0.3309457177552753,0.35759122168799246,0.25334441826467496
4,0.7477241455478554,7.77637326026166,14,-0.30125651260110003,0.32909003911934737,0.16250358325347555
4,0.7477241455478554,7.77637326026166,15,-0.2652861245655423,0.3119668780758681,0.12492543824557945
4,0.7477241455478554,7.77637326026166,16,-0.23128480038426072,0.3011554229519748,0.13907499782040236
4,0.7477241455478554,7.77637326026166,17,-0.19875967345337364,0.29003824173433473,0.14900720109478388
4,0.7477241455478554,7.77637326026166,18,-0.16539248302940085,0.2778444411756651,0.15068848216722783
4,0.7477241455478554,7.77637326026166,19,-0.13186701955577187,0.2650920846358369,0.14092303024659955
4,0.7477241455478554,7.77637326026166,20,-0.10292750188527543,0.25111793121009135,0.1372818403682277
4,0.7477241455478554,7.77637326026166,21,-0.07482898848529125,0.23685727468578974,0.12307655385071706
4,0.7477241455478554,7.77637326026166,22,-0.047829122203840974,0.22217296618722523,0.09940406031393191
4,0.7477241455478554,7.77637326026166,23,-0.029811838230467156,0.21249343844046914,0.10540213718714378
4,0.7477241455478554,7.77637326026166,24,-0.013463470417814549,0.20342296119087816,0.10488851723798967
4,0.7477241455478554,7.77637326026166,25,0.001298352940357898,0.19529852862131528,0.09854187022154662
4,0.7477241455478554,7.77637326026166,26,0.01206995618831794,0.18929792569357362,0.09969502173098127
4,0.7477241455478554,7.77637326026166,27,0.021022902862074432,0.1849203443668771,0.099601743490919
4,0.7477241455478554,7.77637326026166,28,0.027739290197923074,0.18222286604280763,0.09908174363279017
4,0.7477241455478554,7.77637326026166,29,0.031617435473493036,0.18117310032118536,0.09950507042512238
4,0.7477241455478554,7.77637326026166,30,0.032421529839615104,0.18092794291274933,0.09971080639564414
5,0.7477241455478554,7.77637326026166,1,-0.12265269523530656,-0.2897143783578627,0.7226760788308884
5,0.7477241455478554,7.77637326026166,2,0.08207587715799804,-0.17310497734390304,0.7676655917381299
5,0.7477241455478554,7.77637326026166,3,0.2845620107404247,-0.05777282573138301,0.7981679698196839
5,0.7477241455478554,7.77637326026166,4,0.32067123681146253,0.016032727786823665,0.8066759984481637
5,0.7477241455478554,7.77637326026166,5,0.22536708562719585,0.057156650316129376,0.794970593979218
5,0.7477241455478554,7.77637326026166,6,0.1306056434385275,0.09804639288146069,0.7693051396419671
5,0.7477241455478554,7.77637326026166,7,0.03639387234344716,0.13869895132429136,0.7297626775075979
5,0.7477241455478554,7.77637326026166,8,-0.05725530390275791,0.1791087490196305,0.6764316774146232
5,0.7477241455478554,7.77637326026166,9,-0.15032395177232238,0.2192680476161332,0.6094081493500719
5,0.7477241455478554,7.77637326026166,10,-0.2427901271152967,0.2591673781713527,0.5287971856778
5,0.7477241455478554,7.77637326026166,11,-0.3346288248495101,0.2987959509447663,0.4347139802957259
5,0.7477241455478554,7.77637326026166,12,-0.36726339087094917,0.340765140454533,0.33971235505703623
5,0.7477241455478554,7.77637326026166,13,-0.3309457177552753,0.35759122168799246,0.25334441826467496
5,0.7477241455478554,7.77637326026166,14,-0.30125651260110003,0.32909003911934737,0.16250358325347555
5,0.7477241455478554,7.77637326026166,15,-0.2652861245655423,0.3119668780758681,0.12492543824557945
5,0.7477241455478554,7.77637326026166,16,-0.23128480038426072,0.3011554229519748,0.13907499782040236
5,0.7477241455478554,7.77637326026166,17,-0.19875967345337364,0.29003824173433473,0.14900720109478388
5,0.7477241455478554,7.77637326026166,18,-0.16539248302940085,0.2778444411756651,0.15068848216722783
5,0.7477241455478554,7.77637326026166,19,-0.13186701955577187,0.2650920846358369,0.14092303024659955
5,0.7477241455478554,7.77637326026166,20,-0.10292750188527543,0.25111793121009135,0.1372818403682277
5,0.7477241455478554,7.77637326026166,21,-0.07482898848529125,0.23685727468578974,0.12307655385071706
5,0.7477241455478554,7.77637326026166,22,-0.047829122203840974,0.22217296618722523,0.09940406031393191
5,0.7477241455478554,7.77637326026166,23,-0.029811838230467156,0.21249343844046914,0.10540213718714378
5,0.7477241455478554,7.77637326026166,24,-0.013463470417814549,0.20342296119087816,0.10488851723798967
5,0.7477241455478554,7.77637326026166,25,0.001298352940357898,0.19529852862131528,0.09854187022154662
5,0.7477241455478554,7.77637326026166,26,0.01206995618831794,0.18929792569357362,0.09969502173098127
5,0.7477241455478554,7.77637326026166,27,0.021022902862074432,0.1849203443668771,0.099601743490919
5,0.7477241455478554,7.77637326026166,28,0.027739290197923074,0.18222286604280763,0.09908174363279017
5,0.7477241455478554,7.77637326026166,29,0.031617435473493036,0.18117310032118536,0.09950507042512238
5,0.7477241455478554,7.77637326026166,30,0.032421529839615104,0.18092794291274933,0.09971080639564414
6,0.7477241455478554,7.77637326026166,1,-0.12265269523530656,-0.2897143783578627,0.7226760788308884
6,0.7477241455478554,7.77637326026166,2,0.08207587715799804,-0.17310497734390304,0.7676655917381299
6,0.7477241455478554,7.77637326026166,3,0.2845620107404247,-0.05777282573138301,0.7981679698196839
6,0.7477241455478554,7.77637326026166,4,0.32067123681146253,0.016032727786823665,0.8066759984481637
6,0.7477241455478554,7.77637326026166,5,0.22536708562719585,0.057156650316129376,0.794970593979218
6,0.7477241455478554,7.77637326026166,6,0.1306056434385275,0.09804639288146069,0.7693051396419671
6,0.7477241455478554,7.77637326026166,7,0.03639387234344716,0.13869895132429136,0.7297626775075979
6,0.7477241455478554,7.77637326026166,8,-0.05725530390275791,0.1791087490196305,0.6764316774146232
6,0.7477241455478554,7.77637326026166,9,-0.15032395177232238,0.2192680476161332,0.6094081493500719
6,0.7477241455478554,7.77637326026166,10,-0.2427901271152967,0.2591673781713527,0.5287971856778
6,0.7477241455478554,7.77637326026166,11,-0.3346288248495101,0.2987959509447663,0.4347139802957259
6,0.7477241455478554,7.77637326026166,12,-0.36726339087094917,0.340765140454533,0.33971235505703623
6,0.7477241455478554,7.77637326026166,13,-0.3309457177552753,0.35759122168799246,0.25334441826467496
6,0.7477241455478554,7.77637326026166,14,-0.30125651260110003,0.32909003911934737,0.16250358325347555
6,0.7477241455478554,7.77637326026166,15,-0.2652861245655423,0.3119668780758681,0.12492543824557945
6,0.7477241455478554,7.77637326026166,16,-0.23128480038426072,0.3011554229519748,0.13907499782040236
6,0.7477241455478554,7.77637326026166,17,-0.19875967345337364,0.29003824173433473,0.14900720109478388
6,0.7477241455478554,7.77637326026166,18,-0.16539248302940085,0.2778444411756651,0.15068848216722783
6,0.7477241455478554,7.77637326026166,19,-0.13186701955577187,0.2650920846358369,0.14092303024659955
6,0.7477241455478554,7.77637326026166,20,-0.10292750188527543,0.25111793121009135,0.1372818403682277
6,0.7477241455478554,7.77637326026166,21,-0.07482898848529125,0.23685727468578974,0.12307655385071706
6,0.7477241455478554,7.77637326026166,22,-0.047829122203840974,0.22217296618722523,0.09940406031393191
6,0.7477241455478554,7.77637326026166,23,-0.029811838230467156,0.21249343844046914,0.10540213718714378
6,0.7477241455478554,7.77637326026166,24,-0.013463470417814549,0.20342296119087816,0.10488851723798967
6,0.7477241455478554,7.77637326026166,25,0.001298352940357898,0.19529852862131528,0.09854187022154662
6,0.7477241455478554,7.77637326026166,26,0.01206995618831794,0.18929792569357362,0.09969502173098127
6,0.7477241455478554,7.77637326026166,27,0.021022902862074432,0.1849203443668771,0.099601743490919
6,0.7477241455478554,7.77637326026166,28,0.027739290197923074,0.18222286604280763,0.09908174363279017
6,0.7477241455478554,7.77637326026166,29,0.031617435473493036,0.18117310032118536,0.09950507042512238
6,0.7477241455478554,7.77637326026166,30,0.032421529839615104,0.18092794291274933,0.09971080639564414
7,0.7477241455478554,7.77637326026166,1,-0.12265269523530656,-0.2897143783578627,0.7226760788308884
7,0.7477241455478554,7.77637326026166,2,0.08207587715799804,-0.17310497734390304,0.7676655917381299
7,0.7477241455478554,7.77637326026166,3,0.2845620107404247,-0.05777282573138301,0.7981679698196839
7,0.7477241455478554,7.77637326026166,4,0.32067123681146253,0.016032727786823665,0.8066759984481637
7,0.7477241455478554,7.77637326026166,5,0.22536708562719585,0.057156650316129376,0.794970593979218
7,0.7477241455478554,7.77637326026166,6,0.1306056434385275,0.09804639288146069,0.7693051396419671
7,0.7477241455478554,7.77637326026166,7,0.03639387234344716,0.13869895132429136,0.7297626775075979
7,0.7477241455478554,7.77637326026166,8,-0.05725530390275791,0.1791087490196305,0.6764316774146232
7,0.7477241455478554,7.77637326026166,9,-0.15032395177232238,0.2192680476161332,0.6094081493500719
7,0.7477241455478554,7.77637326026166,10,-0.2427901271152967,0.2591673781713527,0.5287971856778
7,0.7477241455478554,7.77637326026166,11,-0.3346288248495101,0.2987959509447663,0.4347139802957259
7,0.7477241455478554,7.77637326026166,12,-0.36726339087094917,0.340765140454533,0.33971235505703623
7,0.7477241455478554,7.77637326026166,13,-0.3309457177552753,0.35759122168799246,0.25334441826467496
7,0.7477241455478554,7.77637326026166,14,-0.30125651260110003,0.32909003911934737,0.16250358325347555
7,0.7477241455478554,7.77637326026166,15,-0.2652861245655423,0.3119668780758681,0.12492543824557945
7,0.7477241455478554,7.77637326026166,16,-0.23128480038426072,0.3011554229519748,0.13907499782040236
7,0.7477241455478554,7.77637326026166,17,-0.19875967345337364,0.29003824173433473,0.14900720109478388
7,0.7477241455478554,7.77637326026166,18,-0.16539248302940085,0.2778444411756651,0.15068848216722783
7,0.7477241455478554,7.77637326026166,19,-0.13186701955577187,0.2650920846358369,0.14092303024659955
7,0.7477241455478554,7.77637326026166,20,-0.10292750188527543,0.25111793121009135,0.1372818403682277
7,0.7477241455478554,7.77637326026166,21,-0.07482898848529125,0.23685727468578974,0.12307655385071706
7,0.7477241455478554,7.77637326026166,22,-0.047829122203840974,0.22217296618722523,0.09940406031393191
7,0.7477241455478554,7.77637326026166,23,-0.029811838230467156,0.21249343844046914,0.10540213718714378
7,0.7477241455478554,7.77637326026166,24,-0.013463470417814549,0.20342296119087816,0.10488851723798967
7,0.7477241455478554,7.77637326026166,25,0.001298352940357898,0.19529852862131528,0.09854187022154662
7,0.7477241455478554,7.77637326026166,26,0.01206995618831794,0.18929792569357362,0.09969502173098127
7,0.7477241455478554,7.77637326026166,27,0.021022902862074432,0.1849203443668771,0.099601743490919
7,0.7477241455478554,7.77637326026166,28,0.027739290197923074,0.18222286604280763,0.09908174363279017
7,0.7477241455478554,7.77637326026166,29,0.031617435473493036,0.18117310032118536,0.09950507042512238
7,0.7477241455478554,7.77637326026166,30,0.032421529839615104,0.18092794291274933,0.09971080639564414
8,0.7588317520225333,18.114339350572422,1,-0.12265269523530656,-0.2897143783578627,0.7226760788308884
8,0.7588317520225333,18.114339350572422,2,0.08207587715799804,-0.17310497734390304,0.7676655917381299
8,0.7588317520225333,18.114339350572422,3,0.2845620107404247,-0.05777282573138301,0.798167969819684
8,0.7588317520225333,18.114339350572422,4,0.3200436362575684,0.015878322691266388,0.8066467883730378
8,0.7588317520225333,18.114339350572422,5,0.22361755822422652,0.056724361725478824,0.7948892108825336
8,0.7588317520225333,18.114339350572422,6,0.12774407977044716,0.09733631985069387,0.7691725329617661
8,0.7588317520225333,18.114339350572422,7,0.03243009141897011,0.13771127824488186,0.7295802646814201
8,0.7588317520225333,18.114339350572422,8,-0.06231152675939419,0.17784378091640843,0.6762012880091443
8,0.7588317520225333,18.114339350572422,9,-0.15646285226685355,0.21772623590405993,0.609131959860775
8,0.7588317520225333,18.114339350572422,10,-0.25000191643605874,0.2573493372911966,0.5284776532485416
8,0.7588317520225333,18.114339350572422,11,-0.3429036540609358,0.2967024674689041,0.4343537808484398
8,0.7588317520225333,18.114339350572422,12,-0.3627137794339309,0.3390863891269387,0.3420786780786174
8,0.7588317520225333,18.114339350572422,13,-0.3263854266032142,0.3541260775221764,0.25613743482712065
8,0.7588317520225333,18.114339350572422,14,-0.29444117902004635,0.3333688595707472,0.16437839695630072
8,0.7588317520225333,18.114339350572422,15,-0.25283473931090766,0.30360738633343765,0.12066598690981811
8,0.7588317520225333,18.114339350572422,16,-0.2117333479900276,0.2778678343539439,0.14759637159951208
8,0.7588317520225333,18.114339350572422,17,-0.1717611817059363,0.25302906458682217,0.1654630299014396
8,0.7588317520225333,18.114339350572422,18,-0.1319266508565144,0.22827582170481484,0.16922688030005706
8,0.7588317520225333,18.114339350572422,19,-0.09222693598961935,0.20360635369573069,0.15893671130625592
8,0.7588317520225333,18.114339350572422,20,-0.05439653050882708,0.18135554890141375,0.14634977723552942
8,0.7588317520225333,18.114339350572422,21,-0.021192925800346592,0.16272462077632174,0.14279706615411497
8,0.7588317520225333,18.114339350572422,22,0.008406812098089949,0.14708005254489637,0.1436361270732868
8,0.7588317520225333,18.114339350572422,23,0.035662826786843155,0.13314246747814293,0.14183533053417707
8,0.7588317520225333,18.114339350572422,24,0.05974050887859092,0.12132035444145785,0.14114981261760853
8,0.7588317520225333,18.114339350572422,25,0.08083821535424042,0.11153430258258004,0.14080005908271465
8,0.7588317520225333,18.114339350572422,26,0.09925517106885748,0.1039432325902635,0.14020189044332107
8,0.7588317520225333,18.114339350572422,27,0.1153076902146854,0.09882467953786046,0.13917355828351397
8,0.7588317520225333,18.114339350572422,28,0.1296584469281699,0.09629617134553371,0.13645168916327438
8,0.7588317520225333,18.114339350572422,29,0.14299177577104755,0.0965091222327525,0.13138301921433296
8,0.7588317520225333,18.114339350572422,30,0.15604735681726548,0.09904191035404568,0.12165449424143915
9,0.7477241455478554,7.77637326026166,1,-0.12265269523530656,-0.2897143783578627,0.7226760788308884
9,0.7477241455478554,7.77637326026166,2,0.08207587715799804,-0.17310497734390304,0.7676655917381299
9,0.7477241455478554,7.77637326026166,3,0.2845620107404247,-0.05777282573138301,0.7981679698196839
9,0.7477241455478554,7.77637326026166,4,0.32067123681146253,0.016032727786823665,0.8066759984481637
9,0.7477241455478554,7.77637326026166,5,0.22536708562719585,0.057156650316129376,0.794970593979218
9,0.7477241455478554,7.77637326026166,6,0.1306056434385275,0.09804639288146069,0.7693051396419671
9,0.7477241455478554,7.77637326026166,7,0.03639387234344716,0.13869895132429136,0.7297626775075979
9,0.7477241455478554,7.77637326026166,8,-0.05725530390275791,0.1791087490196305,0.6764316774146232
9,0.7477241455478554,7.77637326026166,9,-0.15032395177232238,0.2192680476161332,0.6094081493500719
9,0.7477241455478554,7.77637326026166,10,-0.2427901271152967,0.2591673781713527,0.5287971856778
9,0.7477241455478554,7.77637326026166,11,-0.3346288248495101,0.2987959509447663,0.4347139802957259
9,0.7477241455478554,7.77637326026166,12,-0.36726339087094917,0.340765140454533,0.33971235505703623
9,0.7477241455478554,7.77637326026166,13,-0.3309457177552753,0.35759122168799246,0.25334441826467496
9,0.7477241455478554,7.77637326026166,14,-0.30125651260110003,0.32909003911934737,0.16250358325347555
9,0.7477241455478554,7.77637326026166,15,-0.2652861245655423,0.3119668780758681,0.12492543824557945
9,0.7477241455478554,7.77637326026166,16,-0.23128480038426072,0.3011554229519748,0.13907499782040236
9,0.7477241455478554,7.77637326026166,17,-0.19875967345337364,0.29003824173433473,0.14900720109478388
9,0.7477241455478554,7.77637326026166,18,-0.16539248302940085,0.2778444411756651,0.15068848216722783
9,0.7477241455478554,7.77637326026166,19,-0.13186701955577187,0.2650920846358369,0.14092303024659955
9,0.7477241455478554,7.77637326026166,20,-0.10292750188527543,0.25111793121009135,0.1372818403682277
9,0.7477241455478554,7.77637326026166,21,-0.07482898848529125,0.23685727468578974,0.12307655385071706
9,0.7477241455478554,7.77637326026166,22,-0.047829122203840974,0.22217296618722523,0.09940406031393191
9,0.7477241455478554,7.77637326026166,23,-0.029811838230467156,0.21249343844046914,0.10540213718714378
9,0.7477241455478554,7.77637326026166,24,-0.013463470417814549,0.20342296119087816,0.10488851723798967
9,0.7477241455478554,7.77637326026166,25,0.001298352940357898,0.19529852862131528,0.09854187022154662
9,0.7477241455478554,7.77637326026166,26,0.01206995618831794,0.18929792569357362,0.09969502173098127
9,0.7477241455478554,7.77637326026166,27,0.021022902862074432,0.1849203443668771,0.099601743490919
9,0.7477241455478554,7.77637326026166,28,0.027739290197923074,0.18222286604280763,0.09908174363279017
9,0.7477241455478554,7.77637326026166,29,0.031617435473493036,0.18117310032118536,0.09950507042512238
9,0.7477241455478554,7.77637326026166,30,0.032421529839615104,0.18092794291274933,0.09971080639564414
10,0.7477241455478554,7.77637326026166,1,-0.12265269523530656,-0.2897143783578627,0.7226760788308884
10,0.7477241455478554,7.77637326026166,2,0.08207587715799804,-0.17310497734390304,0.7676655917381299
10,0.7477241455478554,7.77637326026166,3,0.2845620107404247,-0.05777282573138301,0.7981679698196839
10,0.7477241455478554,7.77637326026166,4,0.32067123681146253,0.016032727786823665,0.8066759984481637
10,0.7477241455478554,7.77637326026166,5,0.22536708562719585,0.057156650316129376,0.794970593979218
10,0.7477241455478554,7.77637326026166,6,0.1306056434385275,0.09804639288146069,0.7693051396419671
10,0.7477241455478554,7.77637326026166,7,0.03639387234344716,0.13869895132429136,0.7297626775075979
10,0.7477241455478554,7.77637326026166,8,-0.05725530390275791,0.1791087490196305,0.6764316774146232
10,0.7477241455478554,7.77637326026166,9,-0.15032395177232238,0.2192680476161332,0.6094081493500719
10,0.7477241455478554,7.77637326026166,10,-0.2427901271152967,0.2591673781713527,0.5287971856778
10,0.7477241455478554,7.77637326026166,11,-0.3346288248495101,0.2987959509447663,0.4347139802957259
10,0.7477241455478554,7.77637326026166,12,-0.36726339087094917,0.340765140454533,0.33971235505703623
10,0.7477241455478554,7.77637326026166,13,-0.3309457177552753,0.35759122168799246,0.25334441826467496
10,0.7477241455478554,7.77637326026166,14,-0.30125651260110003,0.32909003911934737,0.16250358325347555
10,0.7477241455478554,7.77637326026166,15,-0.2652861245655423,0.3119668780758681,0.12492543824557945
10,0.7477241455478554,7.77637326026166,16,-0.23128480038426072,0.3011554229519748,0.13907499782040236
10,0.7477241455478554,7.77637326026166,17,-0.19875967345337364,0.29003824173433473,0.14900720109478388
10,0.7477241455478554,7.77637326026166,18,-0.16539248302940085,0.2778444411756651,0.15068848216722783
10,0.7477241455478554,7.77637326026166,19,-0.13186701955577187,0.2650920846358369,0.14092303024659955
10,0.7477241455478554,7.77637326026166,20,-0.10292750188527543,0.25111793121009135,0.1372818403682277
10,0.7477241455478554,7.77637326026166,21,-0.07482898848529125,0.23685727468578974,0.12307655385071706
10,0.7477241455478554,7.77637326026166,22,-0.047829122203840974,0.22217296618722523,0.09940406031393191
10,0.7477241455478554,7.77637326026166,23,-0.029811838230467156,0.21249343844046914,0.10540213718714378
10,0.7477241455478554,7.77637326026166,24,-0.013463470417814549,0.20342296119087816,0.10488851723798967
10,0.7477241455478554,7.77637326026166,25,0.001298352940357898,0.19529852862131528,0.09854187022154662
10,0.7477241455478554,7.77637326026166,26,0.01206995618831794,0.18929792569357362,0.09969502173098127
10,0.7477241455478554,7.77637326026166,27,0.021022902862074432,0.1849203443668771,0.099601743490919
10,0.7477241455478554,7.77637326026166,28,0.027739290197923074,0.18222286604280763,0.09908174363279017
10,0.7477241455478554,7.77637326026166,29,0.031617435473493036,0.18117310032118536,0.09950507042512238
10,0.7477241455478554,7.77637326026166,30,0.032421529839615104,0.18092794291274933,0.09971080639564414
11,0.7477241455478554,7.77637326026166,1,-0.12265269523530656,-0.2897143783578627,0.7226760788308884
11,0.7477241455478554,7.77637326026166,2,0.08207587715799804,-0.17310497734390304,0.7676655917381299
11,0.7477241455478554,7.77637326026166,3,0.2845620107404247,-0.05777282573138301,0.7981679698196839
11,0.7477241455478554,7.77637326026166,4,0.32067123681146253,0.016032727786823665,0.8066759984481637
11,0.7477241455478554,7.77637326026166,5,0.22536708562719585,0.057156650316129376,0.794970593979218
11,0.7477241455478554,7.77637326026166,6,0.1306056434385275,0.09804639288146069,0.7693051396419671
11,0.7477241455478554,7.77637326026166,7,0.03639387234344716,0.13869895132429136,0.7297626775075979
11,0.7477241455478554,7.77637326026166,8,-0.05725530390275791,0.1791087490196305,0.6764316774146232
11,0.7477241455478554,7.77637326026166,9,-0.15032395177232238,0.2192680476161332,0.6094081493500719
11,0.7477241455478554,7.77637326026166,10,-0.2427901271152967,0.2591673781713527,0.5287971856778
11,0.7477241455478554,7.77637326026166,11,-0.3346288248495101,0.2987959509447663,0.4347139802957259
11,0.7477241455478554,7.77637326026166,12,-0.36726339087094917,0.340765140454533,0.33971235505703623
11,0.7477241455478554,7.77637326026166,13,-0.3309457177552753,0.35759122168799246,0.25334441826467496
11,0.7477241455478554,7.77637326026166,14,-0.30125651260110003,0.32909003911934737,0.16250358325347555
11,0.7477241455478554,7.77637326026166,15,-0.2652861245655423,0.3119668780758681,0.12492543824557945
11,0.7477241455478554,7.77637326026166,16,-0.23128480038426072,0.3011554229519748,0.13907499782040236
11,0.7477241455478554,7.77637326026166,17,-0.19875967345337364,0.29003824173433473,0.14900720109478388
11,0.7477241455478554,7.77637326026166,18,-0.16539248302940085,0.2778444411756651,0.15068848216722783
11,0.7477241455478554,7.77637326026166,19,-0.13186701955577187,0.2650920846358369,0.14092303024659955
11,0.7477241455478554,7.77637326026166,20,-0.10292750188527543,0.25111793121009135,0.1372818403682277
11,0.7477241455478554,7.77637326026166,21,-0.07482898848529125,0.23685727468578974,0.12307655385071706
11,0.7477241455478554,7.77637326026166,22,-0.047829122203840974,0.22217296618722523,0.09940406031393191
11,0.7477241455478554,7.77637326026166,23,-0.029811838230467156,0.21249343844046914,0.10540213718714378
11,0.7477241455478554,7.77637326026166,24,-0.013463470417814549,0.20342296119087816,0.10488851723798967
11,0.7477241455478554,7.77637326026166,25,0.001298352940357898,0.19529852862131528,0.09854187022154662
11,0.7477241455478554,7.77637326026166,26,0.01206995618831794,0.18929792569357362,0.09969502173098127
11,0.7477241455478554,7.77637326026166,27,0.021022902862074432,0.1849203443668771,0.099601743490919
11,0.7477241455478554,7.77637326026166,28,0.027739290197923074,0.18222286604280763,0.09908174363279017
11,0.7477241455478554,7.77637326026166,29,0.031617435473493036,0.18117310032118536,0.09950507042512238
11,0.7477241455478554,7.77637326026166,30,0.032421529839615104,0.18092794291274933,0.09971080639564414
12,0.7477241455478554,7.77637326026166,1,-0.12265269523530656,-0.2897143783578627,0.7226760788308884
12,0.7477241455478554,7.77637326026166,2,0.08207587715799804,-0.17310497734390304,0.7676655917381299
12,0.7477241455478554,7.77637326026166,3,0.2845620107404247,-0.05777282573138301,0.7981679698196839
12,0.7477241455478554,7.77637326026166,4,0.32067123681146253,0.016032727786823665,0.8066759984481637
12,0.7477241455478554,7.77637326026166,5,0.22536708562719585,0.057156650316129376,0.794970593979218
12,0.7477241455478554,7.77637326026166,6,0.1306056434385275,0.09804639288146069,0.7693051396419671
12,0.7477241455478554,7.77637326026166,7,0.03639387234344716,0.13869895132429136,0.7297626775075979
12,0.7477241455478554,7.77637326026166,8,-0.05725530390275791,0.1791087490196305,0.6764316774146232
12,0.7477241455478554,7.77637326026166,9,-0.15032395177232238,0.2192680476161332,0.6094081493500719
12,0.7477241455478554,7.77637326026166,10,-0.2427901271152967,0.2591673781713527,0.5287971856778
12,0.7477241455478554,7.77637326026166,11,-0.3346288248495101,0.2987959509447663,0.4347139802957259
12,0.7477241455478554,7.77637326026166,12,-0.36726339087094917,0.340765140454533,0.33971235505703623
12,0.7477241455478554,7.77637326026166,13,-0.3309457177552753,0.35759122168799246,0.25334441826467496
12,0.7477241455478554,7.77637326026166,14,-0.30125651260110003,0.32909003911934737,0.16250358325347555
12,0.7477241455478554,7.77637326026166,15,-0.2652861245655423,0.3119668780758681,0.12492543824557945
12,0.7477241455478554,7.77637326026166,16,-0.23128480038426072,0.3011554229519748,0.13907499782040236
12,0.7477241455478554,7.77637326026166,17,-0.19875967345337364,0.29003824173433473,0.14900720109478388
12,0.7477241455478554,7.77637326026166,18,-0.16539248302940085,0.2778444411756651,0.15068848216722783
12,0.7477241455478554,7.77637326026166,19,-0.13186701955577187,0.2650920846358369,0.14092303024659955
12,0.7477241455478554,7.77637326026166,20,-0.10292750188527543,0.25111793121009135,0.1372818403682277
12,0.7477241455478554,7.77637326026166,21,-0.07482898848529125,0.23685727468578974,0.12307655385071706
12,0.7477241455478554,7.77637326026166,22,-0.047829122203840974,0.22217296618722523,0.09940406031393191
12,0.7477241455478554,7.77637326026166,23,-0.029811838230467156,0.21249343844046914,0.10540213718714378
12,0.7477241455478554,7.77637326026166,24,-0.013463470417814549,0.20342296119087816,0.10488851723798967
12,0.7477241455478554,7.77637326026166,25,0.001298352940357898,0.19529852862131528,0.09854187022154662
12,0.7477241455478554,7.77637326026166,26,0.01206995618831794,0.18929792569357362,0.09969502173098127
12,0.7477241455478554,7.77637326026166,27,0.021022902862074432,0.1849203443668771,0.099601743490919
12,0.7477241455478554,7.77637326026166,28,0.027739290197923074,0.18222286604280763,0.09908174363279017
12,0.7477241455478554,7.77637326026166,29,0.031617435473493036,0.18117310032118536,0.09950507042512238
12,0.7477241455478554,7.77637326026166,30,0.032421529839615104,0.18092794291274933,0.09971080639564414
13,0.7616965457042627,17.846378180419695,1,-0.12265269523530656,-0.2897143783578627,0.7226760788308884
13,0.7616965457042627,17.846378180419695,2,0.08207587715799804,-0.17310497734390304,0.7676655917381299
13,0.7616965457042627,17.846378180419695,3,0.2845620107404247,-0.05777282573138301,0.798167969819684
13,0.7616965457042627,17.846378180419695,4,0.3198817724920721,0.01583850052167318,0.8066392557684542
13,0.7616965457042627,17.846378180419695,5,0.22316635230205017,0.05661287307518702,0.7948682246934549
13,0.7616965457042627,17.846378180419695,6,0.12700609853195766,0.09715319233718922,0.7691383391858521
13,0.7616965457042627,17.846378180419695,7,0.03140788264679468,0.13745656135832726,0.7295332304081332
13,0.7616965457042627,17.846378180419695,8,-0.0636154272509311,0.177517555059491,0.6761418870332077
13,0.7616965457042627,17.846378180419695,9,-0.1580459123069599,0.21732861900894773,0.6090607558829146
13,0.7616965457042627,17.846378180419695,10,-0.2518615984076426,0.25688048911318784,0.5283952827731048
13,0.7616965457042627,17.846378180419695,11,-0.3450374057682298,0.2961625919550155,0.4342609371913029
13,0.7616965457042627,17.846378180419695,12,-0.36379869281737803,0.3389401956966616,0.34143943844878394
13,0.7616965457042627,17.846378180419695,13,-0.3259904324190211,0.3538733894814356,0.25498449265362133
13,0.7616965457042627,17.846378180419695,14,-0.29268669219151955,0.33220935310051697,0.16289515169128133
13,0.7616965457042627,17.846378180419695,15,-0.24948070512994944,0.30192518213529934,0.11843284964705403
13,0.7616965457042627,17.846378180419695,16,-0.20762192703457555,0.2760313645965874,0.14744577888461652
13,0.7616965457042627,17.846378180419695,17,-0.16591674915653162,0.2502325640694182,0.16231213713267337
13,0.7616965457042627,17.846378180419695,18,-0.12435736050844419,0.22452394868121797,0.16308565160945757
13,0.7616965457042627,17.846378180419695,19,-0.08338755606567017,0.19952924394858718,0.15289394684079943
13,0.7616965457042627,17.846378180419695,20,-0.044690431071663456,0.17680725888204255,0.14112108784079586
13,0.7616965457042627,17.846378180419695,21,-0.011758182862955005,0.1569386929489321,0.14058936509525344
13,0.7616965457042627,17.846378180419695,22,0.018806700331940544,0.13853472375653048,0.1368167459478505
13,0.7616965457042627,17.846378180419695,23,0.046266320146719386,0.12098153407846331,0.13178546942027222
13,0.7616965457042627,17.846378180419695,24,0.07121797221449712,0.10388057095700885,0.12281064570765715
13,0.7616965457042627,17.846378180419695,25,0.09431933999680593,0.08686688858020017,0.10705751186136007
13,0.7616965457042627,17.846378180419695,26,0.11643562763687948,0.07391182383595205,0.10234854109928346
13,0.7616965457042627,17.846378180419695,27,0.136808657474093,0.06545993726036375,0.11034669411125751
13,0.7616965457042627,17.846378180419695,28,0.15619361368534415,0.057303771791415124,0.108274388667039
13,0.7616965457042627,17.846378180419695,29,0.1738729921174945,0.0495316447658913,0.0996001906860936
13,0.7616965457042627,17.846378180419695,30,0.1869903184967105,0.04525603486500258,0.10224565386289583
14,0.7477241455478554,7.77637326026166,1,-0.12265269523530656,-0.2897143783578627,0.7226760788308884
14,0.7477241455478554,7.77637326026166,2,0.08207587715799804,-0.17310497734390304,0.7676655917381299
14,0.7477241455478554,7.77637326026166,3,0.2845620107404247,-0.05777282573138301,0.7981679698196839
14,0.7477241455478554,7.77637326026166,4,0.32067123681146253,0.016032727786823665,0.8066759984481637
14,0.7477241455478554,7.77637326026166,5,0.22536708562719585,0.057156650316129376,0.794970593979218
14,0.7477241455478554,7.77637326026166,6,0.1306056434385275,0.09804639288146069,0.7693051396419671
14,0.7477241455478554,7.77637326026166,7,0.03639387234344716,0.13869895132429136,0.7297626775075979
14,0.7477241455478554,7.77637326026166,8,-0.05725530390275791,0.1791087490196305,0.6764316774146232
14,0.7477241455478554,7.77637326026166,9,-0.15032395177232238,0.2192680476161332,0.6094081493500719
14,0.7477241455478554,7.77637326026166,10,-0.2427901271152967,0.2591673781713527,0.5287971856778
14,0.7477241455478554,7.77637326026166,11,-0.3346288248495101,0.2987959509447663,0.4347139802957259
14,0.7477241455478554,7.77637326026166,12,-0.36726339087094917,0.340765140454533,0.33971235505703623
14,0.7477241455478554,7.77637326026166,13,-0.3309457177552753,0.35759122168799246,0.25334441826467496
14,0.7477241455478554,7.77637326026166,14,-0.30125651260110003,0.32909003911934737,0.16250358325347555
14,0.7477241455478554,7.77637326026166,15,-0.2652861245655423,0.3119668780758681,0.12492543824557945
14,0.7477241455478554,7.77637326026166,16,-0.23128480038426072,0.3011554229519748,0.13907499782040236
14,0.7477241455478554,7.77637326026166,17,-0.19875967345337364,0.29003824173433473,0.14900720109478388
14,0.7477241455478554,7.77637326026166,18,-0.16539248302940085,0.2778444411756651,0.15068848216722783
14,0.7477241455478554,7.77637326026166,19,-0.13186701955577187,0.2650920846358369,0.14092303024659955
14,0.7477241455478554,7.77637326026166,20,-0.10292750188527543,0.25111793121009135,0.1372818403682277
14,0.7477241455478554,7.77637326026166,21,-0.07482898848529125,0.23685727468578974,0.12307655385071706
14,0.7477241455478554,7.77637326026166,22,-0.047829122203840974,0.22217296618722523,0.09940406031393191
14,0.7477241455478554,7.77637326026166,23,-0.029811838230467156,0.21249343844046914,0.10540213718714378
14,0.7477241455478554,7.77637326026166,24,-0.013463470417814549,0.20342296119087816,0.10488851723798967
14,0.7477241455478554,7.77637326026166,25,0.001298352940357898,0.19529852862131528,0.09854187022154662
14,0.7477241455478554,7.77637326026166,26,0.01206995618831794,0.18929792569357362,0.09969502173098127
14,0.7477241455478554,7.77637326026166,27,0.021022902862074432,0.1849203443668771,0.099601743490919
14,0.7477241455478554,7.77637326026166,28,0.027739290197923074,0.18222286604280763,0.09908174363279017
14,0.7477241455478554,7.77637326026166,29,0.031617435473493036,0.18117310032118536,0.09950507042512238
14,0.7477241455478554,7.77637326026166,30,0.032421529839615104,0.18092794291274933,0.09971080639564414
15,0.7477241455478554,7.77637326026166,1,-0.12265269523530656,-0.2897143783578627,0.7226760788308884
15,0.7477241455478554,7.77637326026166,2,0.08207587715799804,-0.17310497734390304,0.7676655917381299
15,0.7477241455478554,7.77637326026166,3,0.2845620107404247,-0.05777282573138301,0.7981679698196839
15,0.7477241455478554,7.77637326026166,4,0.32067123681146253,0.016032727786823665,0.8066759984481637
15,0.7477241455478554,7.77637326026166,5,0.22536708562719585,0.057156650316129376,0.794970593979218
15,0.7477241455478554,7.77637326026166,6,0.1306056434385275,0.09804639288146069,0.7693051396419671
15,0.7477241455478554,7.77637326026166,7,0.03639387234344716,0.13869895132429136,0.7297626775075979
15,0.7477241455478554,7.77637326026166,8,-0.05725530390275791,0.1791087490196305,0.6764316774146232
15,0.7477241455478554,7.77637326026166,9,-0.15032395177232238,0.2192680476161332,0.6094081493500719
15,0.7477241455478554,7.77637326026166,10,-0.2427901271152967,0.2591673781713527,0.5287971856778
15,0.7477241455478554,7.77637326026166,11,-0.3346288248495101,0.2987959509447663,0.4347139802957259
15,0.7477241455478554,7.77637326026166,12,-0.36726339087094917,0.340765140454533,0.33971235505703623
15,0.7477241455478554,7.77637326026166,13,-0.3309457177552753,0.35759122168799246,0.25334441826467496
15,0.7477241455478554,7.77637326026166,14,-0.30125651260110003,0.32909003911934737,0.16250358325347555
15,0.7477241455478554,7.77637326026166,15,-0.2652861245655423,0.3119668780758681,0.12492543824557945
15,0.7477241455478554,7.77637326026166,16,-0.23128480038426072,0.3011554229519748,0.13907499782040236
15,0.7477241455478554,7.77637326026166,17,-0.19875967345337364,0.29003824173433473,0.14900720109478388
15,0.7477241455478554,7.77637326026166,18,-0.16539248302940085,0.2778444411756651,0.15068848216722783
15,0.7477241455478554,7.77637326026166,19,-0.13186701955577187,0.2650920846358369,0.14092303024659955
15,0.7477241455478554,7.77637326026166,20,-0.10292750188527543,0.25111793121009135,0.1372818403682277
15,0.7477241455478554,7.77637326026166,21,-0.07482898848529125,0.23685727468578974,0.12307655385071706
15,0.7477241455478554,7.77637326026166,22,-0.047829122203840974,0.22217296618722523,0.09940406031393191
15,0.7477241455478554,7.77637326026166,23,-0.029811838230467156,0.21249343844046914,0.10540213718714378
15,0.7477241455478554,7.77637326026166,24,-0.013463470417814549,0.20342296119087816,0.10488851723798967
15,0.7477241455478554,7.77637326026166,25,0.001298352940357898,0.19529852862131528,0.09854187022154662
15,0.7477241455478554,7.77637326026166,26,0.01206995618831794,0.18929792569357362,0.09969502173098127
15,0.7477241455478554,7.77637326026166,27,0.021022902862074432,0.1849203443668771,0.099601743490919
15,0.7477241455478554,7.77637326026166,28,0.027739290197923074,0.18222286604280763,0.09908174363279017
15,0.7477241455478554,7.77637326026166,29,0.031617435473493036,0.18117310032118536,0.09950507042512238
15,0.7477241455478554,7.77637326026166,30,0.032421529839615104,0.18092794291274933,0.09971080639564414
16,0.7477241455478554,7.77637326026166,1,-0.12265269523530656,-0.2897143783578627,0.7226760788308884
16,0.7477241455478554,7.77637326026166,2,0.08207587715799804,-0.17310497734390304,0.7676655917381299
16,0.7477241455478554,7.77637326026166,3,0.2845620107404247,-0.05777282573138301,0.7981679698196839
16,0.7477241455478554,7.77637326026166,4,0.32067123681146253,0.016032727786823665,0.8066759984481637
16,0.7477241455478554,7.77637326026166,5,0.22536708562719585,0.057156650316129376,0.794970593979218
16,0.7477241455478554,7.77637326026166,6,0.1306056434385275,0.09804639288146069,0.7693051396419671
16,0.7477241455478554,7.77637326026166,7,0.03639387234344716,0.13869895132429136,0.7297626775075979
16,0.7477241455478554,7.77637326026166,8,-0.05725530390275791,0.1791087490196305,0.6764316774146232
16,0.7477241455478554,7.77637326026166,9,-0.15032395177232238,0.2192680476161332,0.6094081493500719
16,0.7477241455478554,7.77637326026166,10,-0.2427901271152967,0.2591673781713527,0.5287971856778
16,0.7477241455478554,7.77637326026166,11,-0.3346288248495101,0.2987959509447663,0.4347139802957259
16,0.7477241455478554,7.77637326026166,12,-0.36726339087094917,0.340765140454533,0.33971235505703623
16,0.7477241455478554,7.77637326026166,13,-0.3309457177552753,0.35759122168799246,0.25334441826467496
16,0.7477241455478554,7.77637326026166,14,-0.30125651260110003,0.32909003911934737,0.16250358325347555
16,0.7477241455478554,7.77637326026166,15,-0.2652861245655423,0.3119668780758681,0.12492543824557945
16,0.7477241455478554,7.77637326026166,16,-0.23128480038426072,0.3011554229519748,0.13907499782040236
16,0.7477241455478554,7.77637326026166,17,-0.19875967345337364,0.29003824173433473,0.14900720109478388
16,0.7477241455478554,7.77637326026166,18,-0.16539248302940085,0.2778444411756651,0.15068848216722783
16,0.7477241455478554,7.77637326026166,19,-0.13186701955577187,0.2650920846358369,0.14092303024659955
16,0.7477241455478554,7.77637326026166,20,-0.10292750188527543,0.25111793121009135,0.1372818403682277
16,0.7477241455478554,7.77637326026166,21,-0.07482898848529125,0.23685727468578974,0.12307655385071706
16,0.7477241455478554,7.77637326026166,22,-0.047829122203840974,0.22217296618722523,0.09940406031393191
16,0.7477241455478554,7.77637326026166,23,-0.029811838230467156,0.21249343844046914,0.10540213718714378
16,0.7477241455478554,7.77637326026166,24,-0.013463470417814549,0.20342296119087816,0.10488851723798967
16,0.7477241455478554,7.77637326026166,25,0.001298352940357898,0.19529852862131528,0.09854187022154662
16,0.7477241455478554,7.77637326026166,26,0.01206995618831794,0.18929792569357362,0.09969502173098127
16,0.7477241455478554,7.77637326026166,27,0.021022902862074432,0.1849203443668771,0.099601743490919
16,0.7477241455478554,7.77637326026166,28,0.027739290197923074,0.18222286604280763,0.09908174363279017
16,0.7477241455478554,7.77637326026166,29,0.031617435473493036,0.18117310032118536,0.09950507042512238
16,0.7477241455478554,7.77637326026166,30,0.032421529839615104,0.18092794291274933,0.09971080639564414
17,0.7477241455478554,7.77637326026166,1,-0.12265269523530656,-0.2897143783578627,0.7226760788308884
17,0.7477241455478554,7.77637326026166,2,0.08207587715799804,-0.17310497734390304,0.7676655917381299
17,0.7477241455478554,7.77637326026166,3,0.2845620107404247,-0.05777282573138301,0.7981679698196839
17,0.7477241455478554,7.77637326026166,4,0.32067123681146253,0.016032727786823665,0.8066759984481637
17,0.7477241455478554,7.77637326026166,5,0.22536708562719585,0.057156650316129376,0.794970593979218
17,0.7477241455478554,7.77637326026166,6,0.1306056434385275,0.09804639288146069,0.7693051396419671
17,0.7477241455478554,7.77637326026166,7,0.03639387234344716,0.13869895132429136,0.7297626775075979
17,0.7477241455478554,7.77637326026166,8,-0.05725530390275791,0.1791087490196305,0.6764316774146232
17,0.7477241455478554,7.77637326026166,9,-0.15032395177232238,0.2192680476161332,0.6094081493500719
17,0.7477241455478554,7.77637326026166,10,-0.2427901271152967,0.2591673781713527,0.5287971856778
17,0.7477241455478554,7.77637326026166,11,-0.3346288248495101,0.2987959509447663,0.4347139802957259
17,0.7477241455478554,7.77637326026166,12,-0.36726339087094917,0.340765140454533,0.33971235505703623
17,0.7477241455478554,7.77637326026166,13,-0.3309457177552753,0.35759122168799246,0.25334441826467496
17,0.7477241455478554,7.77637326026166,14,-0.30125651260110003,0.32909003911934737,0.16250358325347555
17,0.7477241455478554,7.77637326026166,15,-0.2652861245655423,0.3119668780758681,0.12492543824557945
17,0.7477241455478554,7.77637326026166,16,-0.23128480038426072,0.3011554229519748,0.13907499782040236
17,0.7477241455478554,7.77637326026166,17,-0.19875967345337364,0.29003824173433473,0.14900720109478388
17,0.7477241455478554,7.77637326026166,18,-0.16539248302940085,0.2778444411756651,0.15068848216722783
17,0.7477241455478554,7.77637326026166,19,-0.13186701955577187,0.2650920846358369,0.14092303024659955
17,0.7477241455478554,7.77637326026166,20,-0.10292750188527543,0.25111793121009135,0.1372818403682277
17,0.7477241455478554,7.77637326026166,21,-0.07482898848529125,0.23685727468578974,0.12307655385071706
17,0.7477241455478554,7.77637326026166,22,-0.047829122203840974,0.22217296618722523,0.09940406031393191
17,0.7477241455478554,7.77637326026166,23,-0.029811838230467156,0.21249343844046914,0.10540213718714378
17,0.7477241455478554,7.77637326026166,24,-0.013463470417814549,0.20342296119087816,0.10488851723798967
17,0.7477241455478554,7.77637326026166,25,0.001298352940357898,0.19529852862131528,0.09854187022154662
17,0.7477241455478554,7.77637326026166,26,0.01206995618831794,0.18929792569357362,0.09969502173098127
17,0.7477241455478554,7.77637326026166,27,0.021022902862074432,0.1849203443668771,0.099601743490919
17,0.7477241455478554,7.77637326026166,28,0.027739290197923074,0.18222286604280763,0.09908174363279017
17,0.7477241455478554,7.77637326026166,29,0.031617435473493036,0.18117310032118536,0.09950507042512238
17,0.7477241455478554,7.77637326026166,30,0.032421529839615104,0.18092794291274933,0.09971080639564414
18,0.8444892077159872,13.608592075604074,1,-0.12265269523530656,-0.2897143783578627,0.7226760788308884
18,0.8444892077159872,13.608592075604074,2,0.08207587715799804,-0.17310497734390304,0.7676655917381299
18,0.8444892077159872,13.608592075604074,3,0.2845620107404247,-0.05777282573138301,0.798167969819684
18,0.8444892077159872,13.608592075604074,4,0.3152037692717328,0.014687057560350096,0.806424337827386
18,0.8444892077159872,13.608592075604074,5,0.2101283763570113,0.05338953940414538,0.7942695799082353
18,0.8444892077159872,13.608592075604074,6,0.10568516832575565,0.0918591682145562,0.7681632432706297
18,0.8444892077159872,13.608592075604074,7,0.0018803580588538898,0.13009365559747713,0.728192521119591
18,0.8444892077159872,13.608592075604074,8,-0.1012736566808149,0.16808843507754775,0.674449552095336
18,0.8444892077159872,13.608592075604074,9,-0.2037592027509986,0.20583699709579178,0.6070334505772567
18,0.8444892077159872,13.608592075604074,10,-0.3055543022798912,0.24333124652964125,0.5260518349111867
18,0.8444892077159872,13.608592075604074,11,-0.3741760684589567,0.2842758458269737,0.4387742008782608
18,0.8444892077159872,13.608592075604074,12,-0.3395443796287895,0.3299432961699644,0.3614105160656488
18,0.8444892077159872,13.608592075604074,13,-0.2939700536280872,0.3556978549711498,0.2765635833633093
18,0.8444892077159872,13.608592075604074,14,-0.256460966924743,0.3314906608121184,0.18719509042921065
18,0.8444892077159872,13.608592075604074,15,-0.22563697993074192,0.31269087782177524,0.11770752745590889
18,0.8444892077159872,13.608592075604074,16,-0.20326065033331644,0.29141510527337255,0.12783346416072117
18,0.8444892077159872,13.608592075604074,17,-0.18224181762791025,0.27038401858689126,0.13766116752583635
18,0.8444892077159872,13.608592075604074,18,-0.16315557452506171,0.25119051479474025,0.14377413527543637
18,0.8444892077159872,13.608592075604074,19,-0.14550096016819006,0.23322993995230232,0.14310610623502537
18,0.8444892077159872,13.608592075604074,20,-0.12926260404401582,0.21645036219416997,0.13551967038618493
18,0.8444892077159872,13.608592075604074,21,-0.11417558053346157,0.20059977929295056,0.11959038343047962
18,0.8444892077159872,13.608592075604074,22,-0.09987808703690726,0.18804251575733585,0.10378721392337589
18,0.8444892077159872,13.608592075604074,23,-0.09105952458459095,0.1782940254855179,0.10364693145903502
18,0.8444892077159872,13.608592075604074,24,-0.08391954683031894,0.1704643942237855,0.10110427498785683
18,0.8444892077159872,13.608592075604074,25,-0.07891803454559566,0.165180378502245,0.099730496763708
18,0.8444892077159872,13.608592075604074,26,-0.076160340191825,0.16263452592582006,0.0994324820002112
18,0.8444892077159872,13.608592075604074,27,-0.07575387834557404,0.16214046973310134,0.09972744340199223
18,0.8444892077159872,13.608592075604074,28,-0.0758235656188883,0.162152579784,0.09986689705384648
18,0.8444892077159872,13.608592075604074,29,-0.07585628277351113,0.1621583859540327,0.09993271824952266
18,0.8444892077159872,13.608592075604074,30,-0.07587154534284594,0.16216123175659372,0.09996379015770852
19,0.7477241455478554,7.77637326026166,1,-0.12265269523530656,-0.2897143783578627,0.7226760788308884
19,0.7477241455478554,7.77637326026166,2,0.08207587715799804,-0.17310497734390304,0.7676655917381299
19,0.7477241455478554,7.77637326026166,3,0.2845620107404247,-0.05777282573138301,0.7981679698196839
19,0.7477241455478554,7.77637326026166,4,0.32067123681146253,0.016032727786823665,0.8066759984481637
19,0.7477241455478554,7.77637326026166,5,0.22536708562719585,0.057156650316129376,0.794970593979218
19,0.7477241455478554,7.77637326026166,6,0.1306056434385275,0.09804639288146069,0.7693051396419671
19,0.7477241455478554,7.77637326026166,7,0.03639387234344716,0.13869895132429136,0.7297626775075979
19,0.7477241455478554,7.77637326026166,8,-0.05725530390275791,0.1791087490196305,0.6764316774146232
19,0.7477241455478554,7.77637326026166,9,-0.15032395177232238,0.2192680476161332,0.6094081493500719
19,0.7477241455478554,7.77637326026166,10,-0.2427901271152967,0.2591673781713527,0.5287971856778
19,0.7477241455478554,7.77637326026166,11,-0.3346288248495101,0.2987959509447663,0.4347139802957259
19,0.7477241455478554,7.77637326026166,12,-0.36726339087094917,0.340765140454533,0.33971235505703623
19,0.7477241455478554,7.77637326026166,13,-0.3309457177552753,0.35759122168799246,0.25334441826467496
19,0.7477241455478554,7.77637326026166,14,-0.30125651260110003,0.32909003911934737,0.16250358325347555
19,0.7477241455478554,7.77637326026166,15,-0.2652861245655423,0.3119668780758681,0.12492543824557945
19,0.7477241455478554,7.77637326026166,16,-0.23128480038426072,0.3011554229519748,0.13907499782040236
19,0.7477241455478554,7.77637326026166,17,-0.19875967345337364,0.29003824173433473,0.14900720109478388
19,0.7477241455478554,7.77637326026166,18,-0.16539248302940085,0.2778444411756651,0.15068848216722783
19,0.7477241455478554,7.77637326026166,19,-0.13186701955577187,0.2650920846358369,0.14092303024659955
19,0.7477241455478554,7.77637326026166,20,-0.10292750188527543,0.25111793121009135,0.1372818403682277
19,0.7477241455478554,7.77637326026166,21,-0.07482898848529125,0.23685727468578974,0.12307655385071706
19,0.7477241455478554,7.77637326026166,22,-0.047829122203840974,0.22217296618722523,0.09940406031393191
19,0.7477241455478554,7.77637326026166,23,-0.029811838230467156,0.21249343844046914,0.10540213718714378
19,0.7477241455478554,7.77637326026166,24,-0.013463470417814549,0.20342296119087816,0.10488851723798967
19,0.7477241455478554,7.77637326026166,25,0.001298352940357898,0.19529852862131528,0.09854187022154662
19,0.7477241455478554,7.77637326026166,26,0.01206995618831794,0.18929792569357362,0.09969502173098127
19,0.7477241455478554,7.77637326026166,27,0.021022902862074432,0.1849203443668771,0.099601743490919
19,0.7477241455478554,7.77637326026166,28,0.027739290197923074,0.18222286604280763,0.09908174363279017
19,0.7477241455478554,7.77637326026166,29,0.031617435473493036,0.18117310032118536,0.09950507042512238
19,0.7477241455478554,7.77637326026166,30,0.032421529839615104,0.18092794291274933,0.09971080639564414
20,0.7477241455478554,7.77637326026166,1,-0.12265269523530656,-0.2897143783578627,0.7226760788308884
20,0.7477241455478554,7.77637326026166,2,0.08207587715799804,-0.17310497734390304,0.7676655917381299
20,0.7477241455478554,7.77637326026166,3,0.2845620107404247,-0.05777282573138301,0.7981679698196839
20,0.7477241455478554,7.77637326026166,4,0.32067123681146253,0.016032727786823665,0.8066759984481637
20,0.7477241455478554,7.77637326026166,5,0.22536708562719585,0.057156650316129376,0.794970593979218
20,0.7477241455478554,7.77637326026166,6,0.1306056434385275,0.09804639288146069,0.7693051396419671
20,0.7477241455478554,7.77637326026166,7,0.03639387234344716,0.13869895132429136,0.7297626775075979
20,0.7477241455478554,7.77637326026166,8,-0.05725530390275791,0.1791087490196305,0.6764316774146232
20,0.7477241455478554,7.77637326026166,9,-0.15032395177232238,0.2192680476161332,0.6094081493500719
20,0.7477241455478554,7.77637326026166,10,-0.2427901271152967,0.2591673781713527,0.5287971856778
20,0.7477241455478554,7.77637326026166,11,-0.3346288248495101,0.2987959509447663,0.4347139802957259
20,0.7477241455478554,7.77637326026166,12,-0.36726339087094917,0.340765140454533,0.33971235505703623
20,0.7477241455478554,7.77637326026166,13,-0.3309457177552753,0.35759122168799246,0.25334441826467496
20,0.7477241455478554,7.77637326026166,14,-0.30125651260110003,0.32909003911934737,0.16250358325347555
20,0.7477241455478554,7.77637326026166,15,-0.2652861245655423,0.3119668780758681,0.12492543824557945
20,0.7477241455478554,7.77637326026166,16,-0.23128480038426072,0.3011554229519748,0.13907499782040236
20,0.7477241455478554,7.77637326026166,17,-0.19875967345337364,0.29003824173433473,0.14900720109478388
20,0.7477241455478554,7.77637326026166,18,-0.16539248302940085,0.2778444411756651,0.15068848216722783
20,0.7477241455478554,7.77637326026166,19,-0.13186701955577187,0.2650920846358369,0.14092303024659955
20,0.7477241455478554,7.77637326026166,20,-0.10292750188527543,0.25111793121009135,0.1372818403682277
20,0.7477241455478554,7.77637326026166,21,-0.07482898848529125,0.23685727468578974,0.12307655385071706
20,0.7477241455478554,7.77637326026166,22,-0.047829122203840974,0.22217296618722523,0.09940406031393191
20,0.7477241455478554,7.77637326026166,23,-0.029811838230467156,0.21249343844046914,0.10540213718714378
20,0.7477241455478554,7.77637326026166,24,-0.013463470417814549,0.20342296119087816,0.10488851723798967
20,0.7477241455478554,7.77637326026166,25,0.001298352940357898,0.19529852862131528,0.09854187022154662
20,0.7477241455478554,7.77637326026166,26,0.01206995618831794,0.18929792569357362,0.09969502173098127
20,0.7477241455478554,7.77637326026166,27,0.021022902862074432,0.1849203443668771,0.099601743490919
20,0.7477241455478554,7.77637326026166,28,0.027739290197923074,0.18222286604280763,0.09908174363279017
20,0.7477241455478554,7.77637326026166,29,0.031617435473493036,0.18117310032118536,0.09950507042512238
20,0.7477241455478554,7.77637326026166,30,0.032421529839615104,0.18092794291274933,0.09971080639564414
