particle,elasticity,weight,frame,x,y,z
1,0.8125397336404631,-40.06995995846231,1,-0.01118430513353949,0.06388340682429286,0.09647586685708719
1,0.8125397336404631,-40.06995995846231,2,0.09987652759388764,-0.03044017534966643,0.11714070391973108
1,0.8125397336404631,-40.06995995846231,3,0.2075597181356825,-0.11866724180805834,0.147774096702649
1,0.8125397336404631,-40.06995995846231,4,0.28213516526006577,-0.15982828043154357,0.16785003991746927
1,0.8125397336404631,-40.06995995846231,5,0.3307411184582586,-0.14506337076985967,0.17942620674057705
1,0.8125397336404631,-40.06995995846231,6,0.3261160941997002,-0.1393316821268762,0.17301501075257622
1,0.8125397336404631,-40.06995995846231,7,0.2974846088107287,-0.13941184254835504,0.16963531193900744
1,0.8125397336404631,-40.06995995846231,8,0.26806255165862614,-0.13772343139923157,0.16083486573541064
1,0.8125397336404631,-40.06995995846231,9,0.23726696424095467,-0.13664049489951377,0.14461361351234645
1,0.8125397336404631,-40.06995995846231,10,0.20585863554898023,-0.1361244708649653,0.11819820522039781
1,0.8125397336404631,-40.06995995846231,11,0.17912222855778578,-0.13322916654564645,0.10603650712411425
1,0.8125397336404631,-40.06995995846231,12,0.15908275705354488,-0.1279133100819331,0.1136526583262917
1,0.8125397336404631,-40.06995995846231,13,0.14002230922578815,-0.12272786220784439,0.11139385903315183
1,0.8125397336404631,-40.06995995846231,14,0.12194442330030297,-0.11896565607578402,0.1028074669758333
1,0.8125397336404631,-40.06995995846231,15,0.10887869963213236,-0.11735412449415115,0.10284393209958045
1,0.8125397336404631,-40.06995995846231,16,0.09830590112938763,-0.11619062267634549,0.09938085640521886
1,0.8125397336404631,-40.06995995846231,17,0.09081077034363734,-0.11749717570925738,0.10138340785808672
1,0.8125397336404631,-40.06995995846231,18,0.08573485027421403,-0.11855732955382123,0.09985889940112264
1,0.8125397336404631,-40.06995995846231,19,0.0841205463196924,-0.11897623250399195,0.09986874094774095
1,0.8125397336404631,-40.06995995846231,20,0.08422723253259484,-0.11894343023597699,0.09993219695520908
1,0.8125397336404631,-40.06995995846231,21,0.08425839226671271,-0.11892623749299006,0.09996242222033917
1,0.8125397336404631,-40.06995995846231,22,0.08426954016308193,-0.11891733598742885,0.09997668200661902
1,0.8125397336404631,-40.06995995846231,23,0.08427474494063039,-0.11891325776313724,0.09998341225123199
1,0.8125397336404631,-40.06995995846231,24,0.08427722728575125,-0.11891122898394009,0.09998658539324937
1,0.8125397336404631,-40.06995995846231,25,0.08427840659197,-0.11891023810374625,0.09998807827000752
1,0.8125397336404631,-40.06995995846231,26,0.08427892343663468,-0.11890988480988858,0.09998878516245865
1,0.8125397336404631,-40.06995995846231,27,0.08427919867129374,-0.11890962230060813,0.09998911616904127
1,0.8125397336404631,-40.06995995846231,28,0.08427928809172532,-0.1189096194024836,0.09998927671992283
1,0.8125397336404631,-40.06995995846231,29,0.08427936512615115,-0.11890951195772982,0.09998935135205206
1,0.8125397336404631,-40.06995995846231,30,0.08427941274066238,-0.11890942777368162,0.09998938284338806
2,0.7246990760312004,-10.997793603798865,1,-0.01118430513353949,0.06388340682429286,0.09647586685708719
2,0.7246990760312004,-10.997793603798865,2,0.1001709467256034,-0.031431978676731594,0.11286707796784069
2,0.7246990760312004,-10.997793603798865,3,0.20798001128855778,-0.12079028317787727,0.13917304861848798
2,0.7246990760312004,-10.997793603798865,4,0.304093550914354,-0.1645484352764558,0.16273295461842774
2,0.7246990760312004,-10.997793603798865,5,0.36236567626217775,-0.18404360178878307,0.1721972946833945
2,0.7246990760312004,-10.997793603798865,6,0.3559404506446768,-0.18045857750275004,0.16206444705593012
2,0.7246990760312004,-10.997793603798865,7,0.3511077134870586,-0.169730448993984,0.15140943990452826
2,0.7246990760312004,-10.997793603798865,8,0.3436329329357871,-0.15374944906312268,0.15244254035848942
2,0.7246990760312004,-10.997793603798865,9,0.3328780960616597,-0.13948415851053875,0.14401483070916193
2,0.7246990760312004,-10.997793603798865,10,0.32295910118609666,-0.12961797456544918,0.13932800155071576
2,0.7246990760312004,-10.997793603798865,11,0.31615383391096136,-0.12219701753846306,0.1380093996102624
2,0.7246990760312004,-10.997793603798865,12,0.3117801640370466,-0.11695696642667604,0.13629543639353045
2,0.7246990760312004,-10.997793603798865,13,0.31002129795853733,-0.11403032439024044,0.13463445807141222
2,0.7246990760312004,-10.997793603798865,14,0.3109222581785441,-0.11285322255610983,0.13172704225508192
2,0.7246990760312004,-10.997793603798865,15,0.3144362908209614,-0.11289388162496174,0.12637125070813973
2,0.7246990760312004,-10.997793603798865,16,0.3201708388947766,-0.11371355041145452,0.11644988054802116
2,0.7246990760312004,-10.997793603798865,17,0.3275469441335592,-0.11500993703454346,0.09940885811317472
2,0.7246990760312004,-10.997793603798865,18,0.3330672335189021,-0.1092432121909637,0.10572119555149244
2,0.7246990760312004,-10.997793603798865,19,0.33750789113700996,-0.10456159179645641,0.10470486300158409
2,0.7246990760312004,-10.997793603798865,20,0.34052370116519803,-0.10147153769082318,0.09978148533353395
2,0.7246990760312004,-10.997793603798865,21,0.34063514674425593,-0.09983149917732766,0.0999319258978122
2,0.7246990760312004,-10.997793603798865,22,0.34071465878586693,-0.09980504873998351,0.09996237755849541
2,0.7246990760312004,-10.997793603798865,23,0.3406830267514322,-0.09984087000077903,0.09997656601799515
2,0.7246990760312004,-10.997793603798865,24,0.34068062103462304,-0.09984887360466937,0.0999836527252387
2,0.7246990760312004,-10.997793603798865,25,0.3406795086879433,-0.09985263225849951,0.09998699596106571
2,0.7246990760312004,-10.997793603798865,26,0.3406795604820318,-0.09985334539580679,0.09998787151345086
2,0.7246990760312004,-10.997793603798865,27,0.3406798186068006,-0.09985337773520996,0.09998813828683427
2,0.7246990760312004,-10.997793603798865,28,0.3406799429492725,-0.09985338368789681,0.09998826219631332
2,0.7246990760312004,-10.997793603798865,29,0.34068000240975105,-0.09985337990045422,0.09998832039105629
2,0.7246990760312004,-10.997793603798865,30,0.3406800313848627,-0.09985337155026841,0.09998834772557359
3,0.5667568235985161,-34.33269969643655,1,-0.01118430513353949,0.06388340682429286,0.09647586685708719
3,0.5667568235985161,-34.33269969643655,2,0.10079316680379911,-0.03328117309641507,0.10494346901297218
3,0.5667568235985161,-34.33269969643655,3,0.2089899266751222,-0.12474904931005466,0.12307934844324032
3,0.5667568235985161,-34.33269969643655,4,0.3071495294706108,-0.17692033946801347,0.13007216866668603
3,0.5667568235985161,-34.33269969643655,5,0.39004472459068384,-0.18445738270768694,0.12479756400364288
3,0.5667568235985161,-34.33269969643655,6,0.3703950727724403,-0.1759192693380308,0.10934198517186769
3,0.5667568235985161,-34.33269969643655,7,0.3485965807051373,-0.16909793959671512,0.100218806129158
3,0.5667568235985161,-34.33269969643655,8,0.3317856016744307,-0.16334137706278135,0.0989674532366033
3,0.5667568235985161,-34.33269969643655,9,0.3185198847044297,-0.15867666213138862,0.09864904169657414
3,0.5667568235985161,-34.33269969643655,10,0.30858433905320537,-0.15526106865296938,0.09850590414677658
3,0.5667568235985161,-34.33269969643655,11,0.3020776513707498,-0.1530142680587257,0.09894502511218752
3,0.5667568235985161,-34.33269969643655,12,0.2987479309766111,-0.15190740092571908,0.0990158845223559
3,0.5667568235985161,-34.33269969643655,13,0.2982960839813101,-0.15180656858515315,0.09953014825784556
3,0.5667568235985161,-34.33269969643655,14,0.298296305776033,-0.15173622392206743,0.0997729243651066
3,0.5667568235985161,-34.33269969643655,15,0.29829617947699977,-0.1517033223168459,0.09988753484198883
3,0.5667568235985161,-34.33269969643655,16,0.2982958761018588,-0.1516880264290899,0.09994164521923446
3,0.5667568235985161,-34.33269969643655,17,0.2982954860637493,-0.15168100369894677,0.09996719307923145
3,0.5667568235985161,-34.33269969643655,18,0.2982950543678858,-0.15167786753164345,0.09997925556401738
3,0.5667568235985161,-34.33269969643655,19,0.2982947515626009,-0.15167662701861193,0.0999849165363805
3,0.5667568235985161,-34.33269969643655,20,0.2982963488721226,-0.1516769886121461,0.09998730008119766
3,0.5667568235985161,-34.33269969643655,21,0.2982970938697805,-0.15167715749601246,0.09998841602838346
3,0.5667568235985161,-34.33269969643655,22,0.2982975084909946,-0.1516772864299484,0.09998894025541781
3,0.5667568235985161,-34.33269969643655,23,0.29829757817189884,-0.1516772717296681,0.09998919185557317
3,0.5667568235985161,-34.33269969643655,24,0.29829768392405304,-0.15167732125525493,0.09998930951024486
3,0.5667568235985161,-34.33269969643655,25,0.29829774384336966,-0.15167735714481836,0.09998936133813799
3,0.5667568235985161,-34.33269969643655,26,0.298297652336694,-0.15167730220093056,0.09998938846480859
3,0.5667568235985161,-34.33269969643655,27,0.29829767329161966,-0.1516773257255203,0.0999893989355107
3,0.5667568235985161,-34.33269969643655,28,0.29829755729997703,-0.15167726116963792,0.09998940820588927
3,0.5667568235985161,-34.33269969643655,29,0.2982975755782349,-0.15167728716974482,0.09998941155770648
3,0.5667568235985161,-34.33269969643655,30,0.2982975942501614,-0.1516773119378478,0.09998940947117307
4,0.7259738101732697,-14.862364936455004,1,-0.01118430513353949,0.06388340682429286,0.09647586685708719
4,0.7259738101732697,-14.862364936455004,2,0.10016605783396446,-0.03141728349076452,0.11293099166543422
4,0.7259738101732697,-14.862364936455004,3,0.20797231552989243,-0.12075883905659417,0.13930249146707466
4,0.7259738101732697,-14.862364936455004,4,0.2755246566851768,-0.15307979295369387,0.1580483753570679
4,0.7259738101732697,-14.862364936455004,5,0.32065650171932536,-0.131606230975304,0.1712525827680511
4,0.7259738101732697,-14.862364936455004,6,0.3210777022185996,-0.11706601448763508,0.17330772091584787
4,0.7259738101732697,-14.862364936455004,7,0.2872589575654432,-0.10786690451801838,0.16854824715557698
4,0.7259738101732697,-14.862364936455004,8,0.254063810692793,-0.09810579851121858,0.15642992511435252
4,0.7259738101732697,-14.862364936455004,9,0.2205158324126198,-0.0877221634600467,0.13447473474150454
4,0.7259738101732697,-14.862364936455004,10,0.19601698263302283,-0.0752647451489353,0.1358093830429658
4,0.7259738101732697,-14.862364936455004,11,0.17180099148098296,-0.06273657341224959,0.12406188006037443
4,0.7259738101732697,-14.862364936455004,12,0.14718200310252127,-0.05126202432363642,0.10824835354195073
4,0.7259738101732697,-14.862364936455004,13,0.12425855589870395,-0.042077369128390434,0.10929756026160588
4,0.7259738101732697,-14.862364936455004,14,0.10390121948516116,-0.03300832727931438,0.10727881507279588
4,0.7259738101732697,-14.862364936455004,15,0.08521741699985785,-0.02523435899352814,0.1000113787482976
4,0.7259738101732697,-14.862364936455004,16,0.07123200593136299,-0.019536597289504506,0.09980600380249828
4,0.7259738101732697,-14.862364936455004,17,0.06001644547912997,-0.015376621503141922,0.09880806193980454
4,0.7259738101732697,-14.862364936455004,18,0.052152479062418794,-0.012635839174859729,0.09900614362913758
4,0.7259738101732697,-14.862364936455004,19,0.04739797469815727,-0.011385771766288676,0.09935988987156315
4,0.7259738101732697,-14.862364936455004,20,0.045919907120565366,-0.010997592273279812,0.0996925498037596
4,0.7259738101732697,-14.862364936455004,21,0.04600908789050946,-0.011026400668492588,0.09984958227516375
4,0.7259738101732697,-14.862364936455004,22,0.04607315803595783,-0.011030144753774335,0.09992371863521558
4,0.7259738101732697,-14.862364936455004,23,0.04606562379457995,-0.01105273001056522,0.09995873287811734
4,0.7259738101732697,-14.862364936455004,24,0.04606204211711163,-0.011063339585946647,0.09997526306906271
4,0.7259738101732697,-14.862364936455004,25,0.04606033024916475,-0.011068307497403734,0.0999830674622085
4,0.7259738101732697,-14.862364936455004,26,0.046059163722486106,-0.011070105136633923,0.09998663091031339
4,0.7259738101732697,-14.862364936455004,27,0.0460577261914373,-0.011069639877248946,0.09998809685415255
4,0.7259738101732697,-14.862364936455004,28,0.046057045572058856,-0.011069407126464254,0.09998878911370356
4,0.7259738101732697,-14.862364936455004,29,0.04605672981748988,-0.011069296814643529,0.09998911784620428
4,0.7259738101732697,-14.862364936455004,30,0.046056675835227226,-0.011069367300882423,0.09998927443030063
5,0.6813147634828636,-18.974318515630245,1,-0.01118430513353949,0.06388340682429286,0.09647586685708719
5,0.6813147634828636,-18.974318515630245,2,0.10033850476379802,-0.03193468755796393,0.11069130717387114
5,0.6813147634828636,-18.974318515630245,3,0.2082460750710574,-0.12186619332042505,0.13476281319940817
5,0.6813147634828636,-18.974318515630245,4,0.2769525599554644,-0.15286335491989922,0.15349315818728035
5,0.6813147634828636,-18.974318515630245,5,0.32249586447399503,-0.12694085858879797,0.17006478331816213
5,0.6813147634828636,-18.974318515630245,6,0.3331871611317948,-0.10879051259288504,0.17377880711803909
5,0.6813147634828636,-18.974318515630245,7,0.30088770198006043,-0.10067728169978493,0.16802963733907633
5,0.6813147634828636,-18.974318515630245,8,0.2681725969755365,-0.09265044524683201,0.15586424265768944
5,0.6813147634828636,-18.974318515630245,9,0.23485531892582512,-0.08427545604116231,0.13413605911878462
5,0.6813147634828636,-18.974318515630245,10,0.20884892954203502,-0.07246485187189057,0.13120053576870255
5,0.6813147634828636,-18.974318515630245,11,0.1830616697811887,-0.06059861889062104,0.11491808048913878
5,0.6813147634828636,-18.974318515630245,12,0.15642886777801635,-0.05250727169570037,0.10472813847578938
5,0.6813147634828636,-18.974318515630245,13,0.13290068950489387,-0.04777087137037008,0.10731851047162201
5,0.6813147634828636,-18.974318515630245,14,0.11079602546556859,-0.04320718390206286,0.10137827786839539
5,0.6813147634828636,-18.974318515630245,15,0.09292979384029354,-0.039660339174355866,0.1001927210850315
5,0.6813147634828636,-18.974318515630245,16,0.07847730451303794,-0.0366248347503624,0.09938677624928048
5,0.6813147634828636,-18.974318515630245,17,0.06755309384635372,-0.03421117590695836,0.09886012575353212
5,0.6813147634828636,-18.974318515630245,18,0.06023770111643751,-0.03248618296090354,0.09902741658464599
5,0.6813147634828636,-18.974318515630245,19,0.056231230667618794,-0.031228863136079605,0.09901507613865165
5,0.6813147634828636,-18.974318515630245,20,0.055381267236916866,-0.030935711504575452,0.09953024142008837
5,0.6813147634828636,-18.974318515630245,21,0.05545062574695236,-0.031074066944700773,0.09977306113968545
5,0.6813147634828636,-18.974318515630245,22,0.055483030033500386,-0.031138968599804587,0.0998876202312709
5,0.6813147634828636,-18.974318515630245,23,0.05549803320383983,-0.031169314305607616,0.09994169039862712
5,0.6813147634828636,-18.974318515630245,24,0.05550485534245014,-0.031183417313649604,0.09996721573220557
5,0.6813147634828636,-18.974318515630245,25,0.055507834590911805,-0.03118988914175744,0.09997926679038358
5,0.6813147634828636,-18.974318515630245,26,0.055509012379253736,-0.031192775635339468,0.09998495402672518
5,0.6813147634828636,-18.974318515630245,27,0.05551110933350068,-0.03119297444027992,0.09998730802104308
5,0.6813147634828636,-18.974318515630245,28,0.05551227893355466,-0.03119289319881102,0.09998841953348218
5,0.6813147634828636,-18.974318515630245,29,0.05551271355725484,-0.031192941005583407,0.09998894820891077
5,0.6813147634828636,-18.974318515630245,30,0.05551298238520924,-0.031192895833201065,0.09998919652060037
6,0.7333612746698388,-36.19068128861874,1,-0.01118430513353949,0.06388340682429286,0.09647586685708719
6,0.7333612746698388,-36.19068128861874,2,0.10024194261639305,-0.03135249586076933,0.1129570822658504
6,0.7333612746698388,-36.19068128861874,3,0.2081846884723499,-0.12061364883815097,0.13924797647198772
6,0.7333612746698388,-36.19068128861874,4,0.27794217137865057,-0.15213975151898337,0.15864040494131643
6,0.7333612746698388,-36.19068128861874,5,0.32703466547973503,-0.13258550644959147,0.17254440990872685
6,0.7333612746698388,-36.19068128861874,6,0.3350532289379145,-0.12238774761583715,0.17320002895484302
6,0.7333612746698388,-36.19068128861874,7,0.3098231174095466,-0.12071265246875693,0.16732881126177357
6,0.7333612746698388,-36.19068128861874,8,0.2827752147221444,-0.11972011589637119,0.1576949342593968
6,0.7333612746698388,-36.19068128861874,9,0.2542177930097064,-0.11918432821569462,0.140692810633783
6,0.7333612746698388,-36.19068128861874,10,0.22515624147259156,-0.11748930679860328,0.11963855424991779
6,0.7333612746698388,-36.19068128861874,11,0.19721215052786736,-0.11448510369596246,0.10505075335902744
6,0.7333612746698388,-36.19068128861874,12,0.17390371110049824,-0.11506633248995594,0.10488702177257607
6,0.7333612746698388,-36.19068128861874,13,0.15284850646955925,-0.11531611469873296,0.09985927260583267
6,0.7333612746698388,-36.19068128861874,14,0.13627228087086304,-0.11606109182848252,0.0991485210624046
6,0.7333612746698388,-36.19068128861874,15,0.12344001335323092,-0.11653631361944924,0.09937851225520143
6,0.7333612746698388,-36.19068128861874,16,0.11388452659920308,-0.11701566790480482,0.09881664268797026
6,0.7333612746698388,-36.19068128861874,17,0.1079566295570588,-0.11719023185718039,0.09905807449904347
6,0.7333612746698388,-36.19068128861874,18,0.10556350212554844,-0.11715703273735367,0.0995500194718835
6,0.7333612746698388,-36.19068128861874,19,0.10556813132247572,-0.11707322020798322,0.09978231912978396
6,0.7333612746698388,-36.19068128861874,20,0.1056171592365253,-0.1170209724124897,0.09989194155160273
6,0.7333612746698388,-36.19068128861874,21,0.10563819248126592,-0.11705196443856941,0.09994377519347847
6,0.7333612746698388,-36.19068128861874,22,0.10564804859480567,-0.11706646099552658,0.09996821660308251
6,0.7333612746698388,-36.19068128861874,23,0.10565382203254779,-0.11707296222599477,0.09997963406924247
6,0.7333612746698388,-36.19068128861874,24,0.10565743245218545,-0.11707580222881647,0.09998494543737284
6,0.7333612746698388,-36.19068128861874,25,0.10565904505942354,-0.11707686308393137,0.09998679004668445
6,0.7333612746698388,-36.19068128861874,26,0.10565906360501524,-0.11707689036286664,0.09998677602116678
6,0.7333612746698388,-36.19068128861874,27,0.10565905192927329,-0.11707691553619805,0.09998677095387283
6,0.7333612746698388,-36.19068128861874,28,0.1056590420104034,-0.11707693881997515,0.09998676861797742
6,0.7333612746698388,-36.19068128861874,29,0.10565903298291855,-0.1170769612453866,0.09998676751983632
6,0.7333612746698388,-36.19068128861874,30,0.10565902437449227,-0.11707698326725051,0.09998676700358324
7,0.6813147634828636,-18.73117707357391,1,-0.01118430513353949,0.06388340682429286,0.09647586685708719
7,0.6813147634828636,-18.73117707357391,2,0.10033850476379802,-0.03193468755796393,0.11069130717387114
7,0.6813147634828636,-18.73117707357391,3,0.2082460750710574,-0.12186619332042505,0.13476281319940817
7,0.6813147634828636,-18.73117707357391,4,0.2770848389396098,-0.15269558978744632,0.15359431720614772
7,0.6813147634828636,-18.73117707357391,5,0.32307768874159903,-0.12665866090254982,0.17026793765289747
7,0.6813147634828636,-18.73117707357391,6,0.3335732283741216,-0.10837265583083011,0.17318486169480407
7,0.6813147634828636,-18.73117707357391,7,0.3008146333074254,-0.1008673797392765,0.1685156783742755
7,0.6813147634828636,-18.73117707357391,8,0.2677457392949106,-0.09398282797231022,0.1570396905664285
7,0.6813147634828636,-18.73117707357391,9,0.23399547817629118,-0.08690144959179257,0.13616856472100825
7,0.6813147634828636,-18.73117707357391,10,0.20780506328365295,-0.0765830628998358,0.13492648519437814
7,0.6813147634828636,-18.73117707357391,11,0.18216185038083452,-0.06602833050614038,0.12182447853460612
7,0.6813147634828636,-18.73117707357391,12,0.15639820755364262,-0.056750443844746194,0.10375770685850606
7,0.6813147634828636,-18.73117707357391,13,0.13350421031314322,-0.05231099362203507,0.10597429225374164
7,0.6813147634828636,-18.73117707357391,14,0.112169570403597,-0.0479282724912269,0.10018675530975908
7,0.6813147634828636,-18.73117707357391,15,0.09571955439978384,-0.044560054349892186,0.10070600207365166
7,0.6813147634828636,-18.73117707357391,16,0.0819679981468235,-0.041837370101645344,0.09865727279618226
7,0.6813147634828636,-18.73117707357391,17,0.07183231357556924,-0.039440717267236,0.09834187054296857
7,0.6813147634828636,-18.73117707357391,18,0.06521486685008307,-0.037445599455629856,0.09845702398501768
7,0.6813147634828636,-18.73117707357391,19,0.062177256606418416,-0.03631921334683552,0.09922925824618008
7,0.6813147634828636,-18.73117707357391,20,0.06185145619092843,-0.03620887970349976,0.09963083612412606
7,0.6813147634828636,-18.73117707357391,21,0.061865927001566,-0.03623570454364324,0.0998204024807288
7,0.6813147634828636,-18.73117707357391,22,0.06186087290325141,-0.03624073091370206,0.09990995088891111
7,0.6813147634828636,-18.73117707357391,23,0.06185471226780677,-0.036240386824197016,0.09995225820734471
7,0.6813147634828636,-18.73117707357391,24,0.06185183240119166,-0.036240228033153084,0.09997223356945906
7,0.6813147634828636,-18.73117707357391,25,0.0618504872813391,-0.03624015569754232,0.09998166495627252
7,0.6813147634828636,-18.73117707357391,26,0.06185018137696035,-0.03624057361063361,0.0999858674443569
7,0.6813147634828636,-18.73117707357391,27,0.0618508838900178,-0.0362415999993618,0.09998748642012137
7,0.6813147634828636,-18.73117707357391,28,0.06185125356287994,-0.03624205839171672,0.0999882004171089
7,0.6813147634828636,-18.73117707357391,29,0.061851330655044875,-0.036242036358404624,0.09998829170117066
7,0.6813147634828636,-18.73117707357391,30,0.06185137131685843,-0.036242037496058664,0.09998833265539994
8,0.7333612746698388,-33.43526334696591,1,-0.01118430513353949,0.06388340682429286,0.09647586685708719
8,0.7333612746698388,-33.43526334696591,2,0.10024194261639305,-0.03135249586076933,0.1129570822658504
8,0.7333612746698388,-33.43526334696591,3,0.2081846884723499,-0.12061364883815097,0.13924797647198772
8,0.7333612746698388,-33.43526334696591,4,0.27797923648533795,-0.15221203340035636,0.1586558889933834
8,0.7333612746698388,-33.43526334696591,5,0.327600982136945,-0.13289668796064194,0.17261715737463537
8,0.7333612746698388,-33.43526334696591,6,0.3363348873207237,-0.1230891281942655,0.1727925748402693
8,0.7333612746698388,-33.43526334696591,7,0.31181179294637645,-0.12218307854327363,0.1677172755145627
8,0.7333612746698388,-33.43526334696591,8,0.285571031473038,-0.12207348082097391,0.15874034459320127
8,0.7333612746698388,-33.43526334696591,9,0.2577668416712556,-0.12255897508510923,0.1427701278732709
8,0.7333612746698388,-33.43526334696591,10,0.22914977486143406,-0.12305160564967493,0.11882606137607087
8,0.7333612746698388,-33.43526334696591,11,0.20179071355780726,-0.12108160901289174,0.10440012474406217
8,0.7333612746698388,-33.43526334696591,12,0.18016452480585535,-0.12154267231191679,0.10323914017010852
8,0.7333612746698388,-33.43526334696591,13,0.16118769256886692,-0.1214378380669429,0.09969905519919862
8,0.7333612746698388,-33.43526334696591,14,0.14618252598597437,-0.1211894137645548,0.09857942875651039
8,0.7333612746698388,-33.43526334696591,15,0.13486692504032743,-0.12067162961593843,0.09844057011570638
8,0.7333612746698388,-33.43526334696591,16,0.12704738815324124,-0.11989413821885869,0.09871941638231958
8,0.7333612746698388,-33.43526334696591,17,0.1226116461563826,-0.11975060295044018,0.09898706937937055
8,0.7333612746698388,-33.43526334696591,18,0.12156227185811343,-0.11973332010847194,0.09951648892471276
8,0.7333612746698388,-33.43526334696591,19,0.12152656530410512,-0.11966870628480977,0.09976645288871928
8,0.7333612746698388,-33.43526334696591,20,0.12150970417695862,-0.11963819597011253,0.09988445560528295
8,0.7333612746698388,-33.43526334696591,21,0.12150174144136133,-0.11962378678070622,0.09994016733297321
8,0.7333612746698388,-33.43526334696591,22,0.12149798141918267,-0.1196169822110264,0.09996647123395419
8,0.7333612746698388,-33.43526334696591,23,0.12149620594806222,-0.11961376883014506,0.0999788906912653
8,0.7333612746698388,-33.43526334696591,24,0.1214953676354274,-0.11961225164653869,0.09998475462824898
8,0.7333612746698388,-33.43526334696591,25,0.1214949718157518,-0.11961153530236511,0.09998752334137938
8,0.7333612746698388,-33.43526334696591,26,0.12149478492480727,-0.1196111970748447,0.09998883061821522
8,0.7333612746698388,-33.43526334696591,27,0.12149469668208246,-0.11961103737743967,0.09998944786326414
8,0.7333612746698388,-33.43526334696591,28,0.12149465501726792,-0.11961096197462051,0.09998973930240215
8,0.7333612746698388,-33.43526334696591,29,0.12149463534475023,-0.11961092637235057,0.09998987690867485
8,0.7333612746698388,-33.43526334696591,30,0.12149462605614698,-0.1196109095623405,0.09998994188103391
9,0.7344306990910854,-33.92878542160036,1,-0.01118430513353949,0.06388340682429286,0.09647586685708719
9,0.7344306990910854,-33.92878542160036,2,0.10023705770972287,-0.031340083478136306,0.11301330959125118
9,0.7344306990910854,-33.92878542160036,3,0.2081763180207787,-0.12058714943630629,0.1393626561580815
9,0.7344306990910854,-33.92878542160036,4,0.2778044917501866,-0.15199322241134708,0.1587925982046301
9,0.7344306990910854,-33.92878542160036,5,0.32688183441668806,-0.13265295735276592,0.17256085382788322
9,0.7344306990910854,-33.92878542160036,6,0.3347672601153107,-0.1226825109076601,0.1731779282039982
9,0.7344306990910854,-33.92878542160036,7,0.309340567881827,-0.12119172088661925,0.16739498401964073
9,0.7344306990910854,-33.92878542160036,8,0.2821413193380588,-0.12038580357671501,0.15774064639756785
9,0.7344306990910854,-33.92878542160036,9,0.25344263476167456,-0.12004367296873653,0.14069594913276198
9,0.7344306990910854,-33.92878542160036,10,0.2242648736906867,-0.11850726777331143,0.11975946794681255
9,0.7344306990910854,-33.92878542160036,11,0.19622926765184204,-0.11526544965972667,0.10422761333852382
9,0.7344306990910854,-33.92878542160036,12,0.1737270129046291,-0.11533317495063734,0.1036356612379004
9,0.7344306990910854,-33.92878542160036,13,0.15383092608096127,-0.11520493614522873,0.09953304724571406
9,0.7344306990910854,-33.92878542160036,14,0.13818813235812752,-0.11515862400339916,0.09889782473785526
9,0.7344306990910854,-33.92878542160036,15,0.12619651721494263,-0.11501664465760243,0.09877992124631883
9,0.7344306990910854,-33.92878542160036,16,0.11777877620184464,-0.11487052523905993,0.09889557836114893
9,0.7344306990910854,-33.92878542160036,17,0.11287371943983329,-0.11478332872568293,0.09900577140060092
9,0.7344306990910854,-33.92878542160036,18,0.11141117848803002,-0.11460667213962622,0.09927835843884741
9,0.7344306990910854,-33.92878542160036,19,0.11145298824909812,-0.11470700589596802,0.0996540814266619
9,0.7344306990910854,-33.92878542160036,20,0.11147498914945378,-0.1147588566000706,0.09983143295700755
9,0.7344306990910854,-33.92878542160036,21,0.11148533704250527,-0.11478321202673236,0.09991515944521899
9,0.7344306990910854,-33.92878542160036,22,0.11149020308807792,-0.11479464789735173,0.09995468915505178
9,0.7344306990910854,-33.92878542160036,23,0.11149249108976128,-0.11480001594660165,0.0999733529358579
9,0.7344306990910854,-33.92878542160036,24,0.11149356676689595,-0.11480253579747271,0.09998216510606169
9,0.7344306990910854,-33.92878542160036,25,0.11149282877571247,-0.1148037747686844,0.09998610908182691
9,0.7344306990910854,-33.92878542160036,26,0.11149155846708077,-0.11480438814632188,0.09998785131391619
9,0.7344306990910854,-33.92878542160036,27,0.11149100026486032,-0.11480467363365297,0.09998867377628472
9,0.7344306990910854,-33.92878542160036,28,0.11149060708281375,-0.11480481874608348,0.0999890588632432
9,0.7344306990910854,-33.92878542160036,29,0.11149052660795279,-0.11480487789254222,0.09998924433755874
9,0.7344306990910854,-33.92878542160036,30,0.11149051987964483,-0.11480490324631311,0.09998932964358638
10,0.6429781618076787,-32.4642141211622,1,-0.01118430513353949,0.06388340682429286,0.09647586685708719
10,0.6429781618076787,-32.4642141211622,2,0.10048858081244412,-0.03238260344802819,0.10876805917330068
10,0.6429781618076787,-32.4642141211622,3,0.20848813665175867,-0.12282510856527594,0.130858613490768
10,0.6429781618076787,-32.4642141211622,4,0.30681320139994644,-0.17523174188164423,0.1416715966315611
10,0.6429781618076787,-32.4642141211622,5,0.38111554890797683,-0.18244277921138083,0.13931744933223228
10,0.6429781618076787,-32.4642141211622,6,0.3673306672648383,-0.1753342876015889,0.11805391464023425
10,0.6429781618076787,-32.4642141211622,7,0.3476831324032722,-0.16614915581268921,0.10376066985011029
10,0.6429781618076787,-32.4642141211622,8,0.33424377967906377,-0.15860503835647188,0.10143159932206665
10,0.6429781618076787,-32.4642141211622,9,0.3238758364358786,-0.15271142773419627,0.09952492550464598
10,0.6429781618076787,-32.4642141211622,10,0.3169229672806235,-0.14863840750384183,0.0992400819750658
10,0.6429781618076787,-32.4642141211622,11,0.3131284787598223,-0.14618621309143803,0.09952189392398536
10,0.6429781618076787,-32.4642141211622,12,0.3120975195266406,-0.14557405085839933,0.09959886513295402
10,0.6429781618076787,-32.4642141211622,13,0.3120883821663304,-0.145519288309524,0.09980532491170493
10,0.6429781618076787,-32.4642141211622,14,0.3120838395584942,-0.145491312825895,0.09990283277079182
10,0.6429781618076787,-32.4642141211622,15,0.3120817517598328,-0.14547824678090465,0.09994886908561383
10,0.6429781618076787,-32.4642141211622,16,0.3120808086998665,-0.1454721779910777,0.09997060494815536
10,0.6429781618076787,-32.4642141211622,17,0.3120803999690067,-0.14546939336689463,0.09998086761725637
10,0.6429781618076787,-32.4642141211622,18,0.31207990007559894,-0.14546852063761517,0.0999856113724377
10,0.6429781618076787,-32.4642141211622,19,0.31207867490531044,-0.14546925419711362,0.0999876193710621
10,0.6429781618076787,-32.4642141211622,20,0.31207802912933164,-0.14546968845693853,0.09998856497717654
10,0.6429781618076787,-32.4642141211622,21,0.3120777140776579,-0.14546991545750562,0.09998900728444733
10,0.6429781618076787,-32.4642141211622,22,0.31207766133219184,-0.14546992915618548,0.09998921866340202
10,0.6429781618076787,-32.4642141211622,23,0.31207758145998765,-0.1454700072220217,0.0999893159671221
10,0.6429781618076787,-32.4642141211622,24,0.3120776447046721,-0.14546994483968936,0.09998936629788724
10,0.6429781618076787,-32.4642141211622,25,0.31207761253289784,-0.14546999593037907,0.09998938897562908
10,0.6429781618076787,-32.4642141211622,26,0.3120775867206484,-0.14547004206120887,0.09998939594500235
10,0.6429781618076787,-32.4642141211622,27,0.31207767036706674,-0.14546997032756143,0.09998940198677492
10,0.6429781618076787,-32.4642141211622,28,0.31207765475286536,-0.14547000809212107,0.09998940243668047
10,0.6429781618076787,-32.4642141211622,29,0.3120777483002264,-0.14546992667277664,0.09998940708419247
10,0.6429781618076787,-32.4642141211622,30,0.31207773040216974,-0.14546996878686483,0.09998940821378097
11,0.6813147634828636,-16.672741069945204,1,-0.01118430513353949,0.06388340682429286,0.09647586685708719
11,0.6813147634828636,-16.672741069945204,2,0.10033850476379802,-0.03193468755796393,0.11069130717387114
11,0.6813147634828636,-16.672741069945204,3,0.2082460750710574,-0.12186619332042505,0.13476281319940817
11,0.6813147634828636,-16.672741069945204,4,0.2768670454733137,-0.15269431827883023,0.15343511359926415
11,0.6813147634828636,-16.672741069945204,5,0.32230726895256373,-0.1267208719859838,0.16991375573353365
11,0.6813147634828636,-16.672741069945204,6,0.33316197141621284,-0.10823318087105871,0.17360896998574032
11,0.6813147634828636,-16.672741069945204,7,0.3013082199548759,-0.09936325706738056,0.16774988141117683
11,0.6813147634828636,-16.672741069945204,8,0.2689468606269003,-0.09053248696668939,0.1554187434411109
11,0.6813147634828636,-16.672741069945204,9,0.235981319321251,-0.0813477902155507,0.1335160344802714
11,0.6813147634828636,-16.672741069945204,10,0.21036059962134254,-0.068723641501698,0.1305288559110217
11,0.6813147634828636,-16.672741069945204,11,0.18487585285128058,-0.05609674682273664,0.11380890846899633
11,0.6813147634828636,-16.672741069945204,12,0.15854424280791693,-0.0478480201594014,0.105901724747778
11,0.6813147634828636,-16.672741069945204,13,0.1350329622541749,-0.04290030773051538,0.10596411531435189
11,0.6813147634828636,-16.672741069945204,14,0.11349041660035941,-0.03819193679367102,0.09968634039747519
11,0.6813147634828636,-16.672741069945204,15,0.09691916065373878,-0.034663508606324264,0.1001787853006475
11,0.6813147634828636,-16.672741069945204,16,0.08326707843150612,-0.03210324464126942,0.0991146588654589
11,0.6813147634828636,-16.672741069945204,17,0.07306876135745359,-0.030544363928517615,0.0988749770790359
11,0.6813147634828636,-16.672741069945204,18,0.06636933687273325,-0.029334716849468225,0.09901041835788194
11,0.6813147634828636,-16.672741069945204,19,0.06309557119329227,-0.02851640082410006,0.09925262074546916
11,0.6813147634828636,-16.672741069945204,20,0.06276154830185332,-0.028403189309363617,0.09964179501018719
11,0.6813147634828636,-16.672741069945204,21,0.062792790692922,-0.028394495372513665,0.09982558812791342
11,0.6813147634828636,-16.672741069945204,22,0.06280178851597834,-0.028384540667756784,0.09991237727002897
11,0.6813147634828636,-16.672741069945204,23,0.06279887225060445,-0.02837425598508893,0.09995337850526215
11,0.6813147634828636,-16.672741069945204,24,0.0627975591218321,-0.02836964554876099,0.09997273215550435
11,0.6813147634828636,-16.672741069945204,25,0.06279699929511809,-0.02836768408814313,0.09998186771836017
11,0.6813147634828636,-16.672741069945204,26,0.06279699823500036,-0.02836802011510003,0.09998510367258451
11,0.6813147634828636,-16.672741069945204,27,0.06279725274099192,-0.028369156695882598,0.09998591337949482
11,0.6813147634828636,-16.672741069945204,28,0.06279742769110548,-0.028369872957213594,0.09998629294848856
11,0.6813147634828636,-16.672741069945204,29,0.0627975657138253,-0.028370392298391833,0.09998647102203577
11,0.6813147634828636,-16.672741069945204,30,0.06279768641176504,-0.028370819254237036,0.09998655456509087
12,0.6484144459706856,-31.409101162281395,1,-0.01118430513353949,0.06388340682429286,0.09647586685708719
12,0.6484144459706856,-31.409101162281395,2,0.10046717870893296,-0.032318899605008646,0.10904080721498732
12,0.6484144459706856,-31.409101162281395,3,0.208453402758327,-0.12268871860793983,0.13141261719140496
12,0.6484144459706856,-31.409101162281395,4,0.30674991220638215,-0.1749620080133389,0.142471085683512
12,0.6484144459706856,-31.409101162281395,5,0.3808396504997732,-0.1820458098643096,0.140347213180585
12,0.6484144459706856,-31.409101162281395,6,0.3677404430088,-0.17427707928587696,0.11916819468720798
12,0.6484144459706856,-31.409101162281395,7,0.3478240988959182,-0.16503078474697996,0.10495663480698621
12,0.6484144459706856,-31.409101162281395,8,0.33295024840557264,-0.15854443481005354,0.10218600471146677
12,0.6484144459706856,-31.409101162281395,9,0.32141720669903934,-0.15436396318702555,0.10335567302848415
12,0.6484144459706856,-31.409101162281395,10,0.31164580213490267,-0.1503379258857326,0.09984618332017671
12,0.6484144459706856,-31.409101162281395,11,0.3047629890290084,-0.14823729991367043,0.09971780520728712
12,0.6484144459706856,-31.409101162281395,12,0.2999746028215755,-0.14697437284425546,0.09971946198273439
12,0.6484144459706856,-31.409101162281395,13,0.29759723946875816,-0.14650832070862194,0.09922901795454754
12,0.6484144459706856,-31.409101162281395,14,0.29745496455840664,-0.14651903205740552,0.09963075890511965
12,0.6484144459706856,-31.409101162281395,15,0.29745580385321324,-0.1465086910283027,0.09982043531201243
12,0.6484144459706856,-31.409101162281395,16,0.2974561967256963,-0.14650384588903478,0.09990999223829392
12,0.6484144459706856,-31.409101162281395,17,0.2974563804751448,-0.14650157631712282,0.09995227721634597
12,0.6484144459706856,-31.409101162281395,18,0.2974564662645974,-0.1465005136965199,0.09997224241115082
12,0.6484144459706856,-31.409101162281395,19,0.29745650616316593,-0.14650001666992302,0.09998166914507389
12,0.6484144459706856,-31.409101162281395,20,0.2974559435292649,-0.14650045349518764,0.09998578120381443
12,0.6484144459706856,-31.409101162281395,21,0.2974551386591798,-0.1465013777636221,0.09998744025540021
12,0.6484144459706856,-31.409101162281395,22,0.2974548637073713,-0.14650172673238196,0.09998813595709481
12,0.6484144459706856,-31.409101162281395,23,0.29745490674244357,-0.1465018281826534,0.0999882558261289
12,0.6484144459706856,-31.409101162281395,24,0.29745492179741934,-0.14650187900536332,0.09998831031122866
12,0.6484144459706856,-31.409101162281395,25,0.29745492702421394,-0.14650190273293276,0.09998833589400329
12,0.6484144459706856,-31.409101162281395,26,0.29745492764995995,-0.1465019137150952,0.09998834791069854
12,0.6484144459706856,-31.409101162281395,27,0.2974549261145706,-0.14650191871040183,0.09998835355518065
12,0.6484144459706856,-31.409101162281395,28,0.2974549235640529,-0.14650192089356173,0.09998835620650692
12,0.6484144459706856,-31.409101162281395,29,0.297454920536709,-0.1465019217557999,0.09998835745188787
12,0.6484144459706856,-31.409101162281395,30,0.29745491728539053,-0.14650192199757456,0.0999883580368681
13,0.6813147634828636,-17.12442634405861,1,-0.01118430513353949,0.06388340682429286,0.09647586685708719
13,0.6813147634828636,-17.12442634405861,2,0.10033850476379802,-0.03193468755796393,0.11069130717387114
13,0.6813147634828636,-17.12442634405861,3,0.2082460750710574,-0.12186619332042505,0.13476281319940817
13,0.6813147634828636,-17.12442634405861,4,0.2767151520002716,-0.152657882961186,0.15346170583784086
13,0.6813147634828636,-17.12442634405861,5,0.3222042264257413,-0.1268883303100849,0.17035180426457366
13,0.6813147634828636,-17.12442634405861,6,0.3325400071403245,-0.10848515749280363,0.17299804324263046
13,0.6813147634828636,-17.12442634405861,7,0.30010028727283283,-0.10013671519587104,0.1676763297561633
13,0.6813147634828636,-17.12442634405861,8,0.26716360085995955,-0.0917011631876952,0.15504174134328222
13,0.6813147634828636,-17.12442634405861,9,0.23455229624633614,-0.08257425063247266,0.13608871776976453
13,0.6813147634828636,-17.12442634405861,10,0.20863779138589156,-0.07091810358841596,0.13199962687767217
13,0.6813147634828636,-17.12442634405861,11,0.18319366388785105,-0.05907255969913998,0.1157052404777341
13,0.6813147634828636,-17.12442634405861,12,0.15730775807116731,-0.05069619214659315,0.10505828529841331
13,0.6813147634828636,-17.12442634405861,13,0.13426208898425088,-0.04612443251766001,0.10591906495174125
13,0.6813147634828636,-17.12442634405861,14,0.11284287590485838,-0.04178446542617677,0.09933920241937687
13,0.6813147634828636,-17.12442634405861,15,0.09623135244787277,-0.0382846901423895,0.09923445614436519
13,0.6813147634828636,-17.12442634405861,16,0.0830671958816572,-0.03519707915251779,0.09942677922354137
13,0.6813147634828636,-17.12442634405861,17,0.07302859253255861,-0.03307401658942469,0.09895762911736893
13,0.6813147634828636,-17.12442634405861,18,0.06659015525724332,-0.031695987037769706,0.09919235935224198
13,0.6813147634828636,-17.12442634405861,19,0.06344828694210415,-0.030887802096511787,0.0991789569766426
13,0.6813147634828636,-17.12442634405861,20,0.06311432006639828,-0.030552126009061358,0.09960752903187511
13,0.6813147634828636,-17.12442634405861,21,0.06325167469899853,-0.030583543707947265,0.09980953326677841
13,0.6813147634828636,-17.12442634405861,22,0.06331612017445729,-0.03059812565478048,0.09990483628530566
13,0.6813147634828636,-17.12442634405861,23,0.063346247394693,-0.030604746860499778,0.09994981785854902
13,0.6813147634828636,-17.12442634405861,24,0.06336024278009647,-0.03060761684870716,0.09997105265434614
13,0.6813147634828636,-17.12442634405861,25,0.06336665907994238,-0.030608722116972714,0.099981078049483
13,0.6813147634828636,-17.12442634405861,26,0.06336946791598791,-0.030609344116978236,0.0999856949935326
13,0.6813147634828636,-17.12442634405861,27,0.06336987107051777,-0.030611217101520653,0.09998766528720533
13,0.6813147634828636,-17.12442634405861,28,0.06337007318679047,-0.03061207045614192,0.09998858963945069
13,0.6813147634828636,-17.12442634405861,29,0.06337011319528595,-0.030612547610566625,0.0999890245170219
13,0.6813147634828636,-17.12442634405861,30,0.06337011985001234,-0.030612783768277706,0.09998922594659615
14,0.6813147634828636,-18.803984551122717,1,-0.01118430513353949,0.06388340682429286,0.09647586685708719
14,0.6813147634828636,-18.803984551122717,2,0.10033850476379802,-0.03193468755796393,0.11069130717387114
14,0.6813147634828636,-18.803984551122717,3,0.2082460750710574,-0.12186619332042505,0.13476281319940817
14,0.6813147634828636,-18.803984551122717,4,0.276773542249251,-0.15267611204965023,0.15347196873391672
14,0.6813147634828636,-18.803984551122717,5,0.32224247076556767,-0.12671839694829493,0.17022238697199504
14,0.6813147634828636,-18.803984551122717,6,0.33263892888457186,-0.10837310716072793,0.1736563659888443
14,0.6813147634828636,-18.803984551122717,7,0.2999808501329378,-0.10003303435804681,0.16797925680473721
14,0.6813147634828636,-18.803984551122717,8,0.26699347704923154,-0.09177733406622351,0.15563504354351926
14,0.6813147634828636,-18.803984551122717,9,0.2342834799877351,-0.08285384047712625,0.13696966911699887
14,0.6813147634828636,-18.803984551122717,10,0.20812086663994392,-0.07154323202249686,0.13248916495072363
14,0.6813147634828636,-18.803984551122717,11,0.18255330905767933,-0.05998104628885834,0.11635811035411152
14,0.6813147634828636,-18.803984551122717,12,0.15678685216652918,-0.05146193095510682,0.10414263172572091
14,0.6813147634828636,-18.803984551122717,13,0.13371958356024924,-0.047805635090287193,0.10731095198209183
14,0.6813147634828636,-18.803984551122717,14,0.11198635392976673,-0.04413763458802972,0.10169198106979464
14,0.6813147634828636,-18.803984551122717,15,0.09436579644140697,-0.040867951187757164,0.09963217471328027
14,0.6813147634828636,-18.803984551122717,16,0.08056417970594797,-0.038036488724877575,0.09923802999715826
14,0.6813147634828636,-18.803984551122717,17,0.07016253966558432,-0.03565571615847994,0.0985211339817956
14,0.6813147634828636,-18.803984551122717,18,0.06345165392464189,-0.034008829508310544,0.09893491727556004
14,0.6813147634828636,-18.803984551122717,19,0.05994288750308772,-0.033241932568307375,0.09902896130424002
14,0.6813147634828636,-18.803984551122717,20,0.059497848531758095,-0.03302372311171207,0.09953645536390897
14,0.6813147634828636,-18.803984551122717,21,0.05951301204483242,-0.03293134719611627,0.09977601114181628
14,0.6813147634828636,-18.803984551122717,22,0.05952000675293183,-0.032887360825456596,0.09988904069923203
14,0.6813147634828636,-18.803984551122717,23,0.05952323558095888,-0.0328668272978958,0.09994237448174707
14,0.6813147634828636,-18.803984551122717,24,0.059524717724707805,-0.032857290506202376,0.09996754312010833
14,0.6813147634828636,-18.803984551122717,25,0.05952538942277088,-0.032852892735109246,0.09997942061750302
14,0.6813147634828636,-18.803984551122717,26,0.059525798757455436,-0.032850969817619445,0.09998500780634177
14,0.6813147634828636,-18.803984551122717,27,0.059526339198652495,-0.032851813349071474,0.09998600002505029
14,0.6813147634828636,-18.803984551122717,28,0.059526288904369784,-0.03285234811216107,0.09998643769897674
14,0.6813147634828636,-18.803984551122717,29,0.05952619619855603,-0.03285265464767662,0.09998664342667125
14,0.6813147634828636,-18.803984551122717,30,0.05952608343627489,-0.03285285408081068,0.09998674012142413
15,0.6813147634828636,-15.770163791022105,1,-0.01118430513353949,0.06388340682429286,0.09647586685708719
15,0.6813147634828636,-15.770163791022105,2,0.10033850476379802,-0.03193468755796393,0.11069130717387114
15,0.6813147634828636,-15.770163791022105,3,0.2082460750710574,-0.12186619332042505,0.13476281319940817
15,0.6813147634828636,-15.770163791022105,4,0.2766866128135691,-0.15258832159832017,0.1534464351276646
15,0.6813147634828636,-15.770163791022105,5,0.3219764166956182,-0.12670755538654718,0.17015598104570337
15,0.6813147634828636,-15.770163791022105,6,0.33237447873111997,-0.10837420922866324,0.17379407239512987
15,0.6813147634828636,-15.770163791022105,7,0.29979762791045234,-0.09980978433683631,0.16786842125811377
15,0.6813147634828636,-15.770163791022105,8,0.266884935977772,-0.09126089385057075,0.1554101915546264
15,0.6813147634828636,-15.770163791022105,9,0.23429428287243012,-0.0820188337500241,0.13666968166299412
15,0.6813147634828636,-15.770163791022105,10,0.20843614168320812,-0.07044980358810742,0.13268086960665088
15,0.6813147634828636,-15.770163791022105,11,0.18313230809837827,-0.05865145196559693,0.11685861321179469
15,0.6813147634828636,-15.770163791022105,12,0.1575073103399073,-0.04971002969127777,0.10442495261645124
15,0.6813147634828636,-15.770163791022105,13,0.13430367197868334,-0.04502049329162881,0.10574921012603503
15,0.6813147634828636,-15.770163791022105,14,0.11286560142989487,-0.04036160383724702,0.09990784369653638
15,0.6813147634828636,-15.770163791022105,15,0.09616968414552134,-0.03621486877165039,0.09921016063432055
15,0.6813147634828636,-15.770163791022105,16,0.08309429701463053,-0.03233503865707966,0.09935914497717092
15,0.6813147634828636,-15.770163791022105,17,0.07325597141256215,-0.029233776733672695,0.09917696849369395
15,0.6813147634828636,-15.770163791022105,18,0.06665037984736844,-0.02740966434025528,0.09902587000244253
15,0.6813147634828636,-15.770163791022105,19,0.0634343104731131,-0.026562462503070382,0.0991964155070681
15,0.6813147634828636,-15.770163791022105,20,0.06310890237910272,-0.026560461174559784,0.09961532757604775
15,0.6813147634828636,-15.770163791022105,21,0.06310957774004482,-0.026600043957061344,0.09981309400793648
15,0.6813147634828636,-15.770163791022105,22,0.06310193005136334,-0.02661456240136304,0.0999064875371786
15,0.6813147634828636,-15.770163791022105,23,0.06308959786835143,-0.026615665592234227,0.09995059827171299
15,0.6813147634828636,-15.770163791022105,24,0.06308390713725875,-0.026616226487170967,0.09997141967007582
15,0.6813147634828636,-15.770163791022105,25,0.06308132343929686,-0.02661652989590499,0.09998124807920385
15,0.6813147634828636,-15.770163791022105,26,0.06308100962992488,-0.026616714509031098,0.099985163293413
15,0.6813147634828636,-15.770163791022105,27,0.0630819888464306,-0.02661674500212791,0.09998602761673894
15,0.6813147634828636,-15.770163791022105,28,0.06308251677776498,-0.02661683242691525,0.09998643383822989
15,0.6813147634828636,-15.770163791022105,29,0.06308283123340823,-0.02661694626788425,0.09998662492184116
15,0.6813147634828636,-15.770163791022105,30,0.06308304527080644,-0.026617072534702378,0.09998671480614778
16,0.6813147634828636,-18.834187742962264,1,-0.01118430513353949,0.06388340682429286,0.09647586685708719
16,0.6813147634828636,-18.834187742962264,2,0.10033850476379802,-0.03193468755796393,0.11069130717387114
16,0.6813147634828636,-18.834187742962264,3,0.2082460750710574,-0.12186619332042505,0.13476281319940817
16,0.6813147634828636,-18.834187742962264,4,0.2769108710435823,-0.15271166937357947,0.15347732049635607
16,0.6813147634828636,-18.834187742962264,5,0.32256662424389887,-0.12681778512704964,0.1702055847291964
16,0.6813147634828636,-18.834187742962264,6,0.33315631141267765,-0.10862524211222721,0.17370011637747504
16,0.6813147634828636,-18.834187742962264,7,0.30064273119335455,-0.10059079405455644,0.16809274822582293
16,0.6813147634828636,-18.834187742962264,8,0.26775455283055694,-0.09277589327402411,0.1559940958330862
16,0.6813147634828636,-18.834187742962264,9,0.23427081603150848,-0.08463952079462586,0.13431570538466392
16,0.6813147634828636,-18.834187742962264,10,0.20857781112758342,-0.07312569717851569,0.13307229259863065
16,0.6813147634828636,-18.834187742962264,11,0.18315520499978846,-0.06152693608678929,0.11871668215834712
16,0.6813147634828636,-18.834187742962264,12,0.1570317243052256,-0.052427454989022355,0.10482816727902153
16,0.6813147634828636,-18.834187742962264,13,0.13387029226667374,-0.048280020288889176,0.10751433889868926
16,0.6813147634828636,-18.834187742962264,14,0.11185236998097992,-0.04414965415183255,0.10052013194419938
16,0.6813147634828636,-18.834187742962264,15,0.0949773256894015,-0.04095304808275374,0.10065967699524388
16,0.6813147634828636,-18.834187742962264,16,0.08130493434929185,-0.0382589916182249,0.10003067462785545
16,0.6813147634828636,-18.834187742962264,17,0.0708850019249988,-0.03600168737587112,0.09900581255200194
16,0.6813147634828636,-18.834187742962264,18,0.06382374413818274,-0.03465654646181518,0.09861354539058928
16,0.6813147634828636,-18.834187742962264,19,0.06039692551165117,-0.03394791791247615,0.09920732948762999
16,0.6813147634828636,-18.834187742962264,20,0.05985561655542078,-0.03387705884441855,0.09947039678365063
16,0.6813147634828636,-18.834187742962264,21,0.05980633135512362,-0.03390140182047353,0.09974464808193871
16,0.6813147634828636,-18.834187742962264,22,0.059783211040518015,-0.03391310702626233,0.09987412737857403
16,0.6813147634828636,-18.834187742962264,23,0.059770497540266816,-0.03391916136778559,0.09993528936724054
16,0.6813147634828636,-18.834187742962264,24,0.05976287679694125,-0.03392245176431064,0.09996419268650296
16,0.6813147634828636,-18.834187742962264,25,0.05975933379862101,-0.033924091642398485,0.09997783944591222
16,0.6813147634828636,-18.834187742962264,26,0.059757704062834836,-0.033924953129364895,0.09998428285590251
16,0.6813147634828636,-18.834187742962264,27,0.059757660882777675,-0.03392381731622219,0.09998704262692082
16,0.6813147634828636,-18.834187742962264,28,0.0597577806352357,-0.03392298090469998,0.09998829674176901
16,0.6813147634828636,-18.834187742962264,29,0.05975788030731129,-0.03392249980624445,0.09998888745266675
16,0.6813147634828636,-18.834187742962264,30,0.05975793766799395,-0.033922254002410314,0.09998916240884609
17,0.6819677901088914,-15.0278992509785,1,-0.01118430513353949,0.06388340682429286,0.09647586685708719
17,0.6819677901088914,-15.0278992509785,2,0.1003359652081461,-0.03192708588919629,0.11072406370947994
17,0.6819677901088914,-15.0278992509785,3,0.20824200927791384,-0.12184992117058158,0.13482926242147728
17,0.6819677901088914,-15.0278992509785,4,0.2762738964106693,-0.1523354443451172,0.1534946891894291
17,0.6819677901088914,-15.0278992509785,5,0.32150257669582444,-0.1268025148617451,0.1700356685139535
17,0.6819677901088914,-15.0278992509785,6,0.33174624062835245,-0.10842378306920862,0.17365580224555294
17,0.6819677901088914,-15.0278992509785,7,0.29911325301579417,-0.09933394893951183,0.16824055456588682
17,0.6819677901088914,-15.0278992509785,8,0.2663469154547002,-0.09019722180887307,0.15609808483775864
17,0.6819677901088914,-15.0278992509785,9,0.23306629800663742,-0.08061754338704152,0.1343010269216533
17,0.6819677901088914,-15.0278992509785,10,0.2076240572782297,-0.0680893495387321,0.13234658781811376
17,0.6819677901088914,-15.0278992509785,11,0.18239953171433798,-0.05551023561595582,0.11703817923191062
17,0.6819677901088914,-15.0278992509785,12,0.1561952931393949,-0.04604296786669411,0.10504562011777853
17,0.6819677901088914,-15.0278992509785,13,0.13343882842146398,-0.03948873345109214,0.10679376470001599
17,0.6819677901088914,-15.0278992509785,14,0.11193251365701257,-0.03324252426746641,0.09943672890784812
17,0.6819677901088914,-15.0278992509785,15,0.09523293437635579,-0.028967951426130054,0.09887538365092088
17,0.6819677901088914,-15.0278992509785,16,0.08175627645284157,-0.02612307703756489,0.09862416159074734
17,0.6819677901088914,-15.0278992509785,17,0.07187480057076921,-0.0240691322209122,0.09904428907857912
17,0.6819677901088914,-15.0278992509785,18,0.06539705995415827,-0.022689610061481538,0.09924924039790571
17,0.6819677901088914,-15.0278992509785,19,0.062388267315698645,-0.022058874132521715,0.09964038261645652
17,0.6819677901088914,-15.0278992509785,20,0.06199606466385463,-0.021980279467176553,0.09967275343873568
17,0.6819677901088914,-15.0278992509785,21,0.06193385163881805,-0.02198510270103023,0.09984025200290646
17,0.6819677901088914,-15.0278992509785,22,0.06190478104943433,-0.021987133552063113,0.0999193233046283
17,0.6819677901088914,-15.0278992509785,23,0.06189129050699039,-0.021987840970573026,0.09995665433446492
17,0.6819677901088914,-15.0278992509785,24,0.06188512014853523,-0.021987923726011202,0.09997427982863762
17,0.6819677901088914,-15.0278992509785,25,0.06188238826459886,-0.021987712229085323,0.09998260172113421
17,0.6819677901088914,-15.0278992509785,26,0.061881772419219785,-0.021988433088509403,0.099986348787157
17,0.6819677901088914,-15.0278992509785,27,0.06188199206689496,-0.021989656135949068,0.09998796822078675
17,0.6819677901088914,-15.0278992509785,28,0.06188214752235046,-0.021990291891486498,0.09998873029739504
17,0.6819677901088914,-15.0278992509785,29,0.06188214214948665,-0.02199046813569078,0.09998909407620424
17,0.6819677901088914,-15.0278992509785,30,0.06188219932067485,-0.021990620735184492,0.09998926463485154
18,0.7333612746698388,-36.606977303613746,1,-0.01118430513353949,0.06388340682429286,0.09647586685708719
18,0.7333612746698388,-36.606977303613746,2,0.10024194261639305,-0.03135249586076933,0.1129570822658504
18,0.7333612746698388,-36.606977303613746,3,0.2081846884723499,-0.12061364883815097,0.13924797647198772
18,0.7333612746698388,-36.606977303613746,4,0.277989986218277,-0.15219897359074433,0.1586719491251689
18,0.7333612746698388,-36.606977303613746,5,0.3275150025875136,-0.13283418757770196,0.17259399789818897
18,0.7333612746698388,-36.606977303613746,6,0.3361649277584573,-0.12294296109360899,0.17296661879301908
18,0.7333612746698388,-36.606977303613746,7,0.3116203085927881,-0.12184942900636135,0.1676804611688455
18,0.7333612746698388,-36.606977303613746,8,0.28532185120026626,-0.12154232838515036,0.15864392194828028
18,0.7333612746698388,-36.606977303613746,9,0.2574568869693336,-0.12180055694008834,0.1425867210566819
18,0.7333612746698388,-36.606977303613746,10,0.22878254964668943,-0.12204495966175492,0.11855726999768369
18,0.7333612746698388,-36.606977303613746,11,0.20132081625039142,-0.11994742949664125,0.10452991811234114
18,0.7333612746698388,-36.606977303613746,12,0.17932683620624187,-0.12059419198584263,0.1040820391165474
18,0.7333612746698388,-36.606977303613746,13,0.15997667720494096,-0.12118381202827258,0.10061778815762408
18,0.7333612746698388,-36.606977303613746,14,0.14502126048267203,-0.12261617210077103,0.1017571704284478
18,0.7333612746698388,-36.606977303613746,15,0.13280140016809747,-0.12345990731885771,0.10003689156015551
18,0.7333612746698388,-36.606977303613746,16,0.12437506418620393,-0.12406126774909151,0.0995848563835836
18,0.7333612746698388,-36.606977303613746,17,0.11938419404383553,-0.12446958197200246,0.09913145847856909
18,0.7333612746698388,-36.606977303613746,18,0.11782635733925323,-0.12448941386752303,0.09958463059222745
18,0.7333612746698388,-36.606977303613746,19,0.11797048606867185,-0.12442236055014166,0.09979873197939092
18,0.7333612746698388,-36.606977303613746,20,0.11803905064416015,-0.12439057944796673,0.09989973236225018
18,0.7333612746698388,-36.606977303613746,21,0.11807104320583975,-0.12437566035642149,0.0999473913630644
18,0.7333612746698388,-36.606977303613746,22,0.11808643406371046,-0.12436857008369737,0.0999698955841931
18,0.7333612746698388,-36.606977303613746,23,0.11809339397610388,-0.12436527668300006,0.09998051362153046
18,0.7333612746698388,-36.606977303613746,24,0.11809696482336325,-0.1243636766501799,0.09998553293238839
18,0.7333612746698388,-36.606977303613746,25,0.11809836064525511,-0.12436296840155406,0.09998789660587871
18,0.7333612746698388,-36.606977303613746,26,0.1180990980699856,-0.12436262137204249,0.0999890143111856
18,0.7333612746698388,-36.606977303613746,27,0.11809960794479483,-0.1243624070093532,0.09998952927693552
18,0.7333612746698388,-36.606977303613746,28,0.11809948400141179,-0.12436224969033895,0.09998966751493299
18,0.7333612746698388,-36.606977303613746,29,0.11809930733720453,-0.12436223420480713,0.09998974195980405
18,0.7333612746698388,-36.606977303613746,30,0.11809945725524568,-0.12436219839907978,0.09998973047350146
19,0.6813147634828636,-14.721721166913788,1,-0.01118430513353949,0.06388340682429286,0.09647586685708719
19,0.6813147634828636,-14.721721166913788,2,0.10033850476379802,-0.03193468755796393,0.11069130717387114
19,0.6813147634828636,-14.721721166913788,3,0.2082460750710574,-0.12186619332042505,0.13476281319940817
19,0.6813147634828636,-14.721721166913788,4,0.2767272478002771,-0.15252218404278742,0.1534891528416445
19,0.6813147634828636,-14.721721166913788,5,0.32228372158867685,-0.12666642212735002,0.1704250869989315
19,0.6813147634828636,-14.721721166913788,6,0.332524592956406,-0.10813152208804236,0.17279658948520016
19,0.6813147634828636,-14.721721166913788,7,0.2999856159600936,-0.09984877483867541,0.16782734508269964
19,0.6813147634828636,-14.721721166913788,8,0.2669523638602283,-0.09155656217858658,0.15535044648532909
19,0.6813147634828636,-14.721721166913788,9,0.23424751344696973,-0.08260551597654645,0.1366225358760717
19,0.6813147634828636,-14.721721166913788,10,0.20835181695960572,-0.07121560021706595,0.1330796749591301
19,0.6813147634828636,-14.721721166913788,11,0.18301721285993647,-0.0595895730466207,0.11773793070264836
19,0.6813147634828636,-14.721721166913788,12,0.15734364363963885,-0.050457731646758416,0.1043464857781362
19,0.6813147634828636,-14.721721166913788,13,0.13492024552301415,-0.04396758664303956,0.10589683747726672
19,0.6813147634828636,-14.721721166913788,14,0.11407753868614057,-0.03795961149467879,0.09983786417019211
19,0.6813147634828636,-14.721721166913788,15,0.09788842802228422,-0.0337234362583089,0.09971695531748946
19,0.6813147634828636,-14.721721166913788,16,0.0849853616963599,-0.03042958817761389,0.099184700671962
19,0.6813147634828636,-14.721721166913788,17,0.07544360289410888,-0.02820699795239118,0.09884536212373721
19,0.6813147634828636,-14.721721166913788,18,0.06951446043330915,-0.026791407879831756,0.09925246879404144
19,0.6813147634828636,-14.721721166913788,19,0.06697172442071483,-0.02617629921836831,0.09951937719407507
19,0.6813147634828636,-14.721721166913788,20,0.06684975154502437,-0.026172992248620287,0.09976774000167969
19,0.6813147634828636,-14.721721166913788,21,0.06683511567335729,-0.02618212610798336,0.09988498619827256
19,0.6813147634828636,-14.721721166913788,22,0.06682641898739886,-0.02618569197404725,0.09994040045896688
19,0.6813147634828636,-14.721721166913788,23,0.06681799301426573,-0.026185876697337886,0.09996660679637137
19,0.6813147634828636,-14.721721166913788,24,0.06681419017928476,-0.02618602108192708,0.09997897668503855
19,0.6813147634828636,-14.721721166913788,25,0.06681260999579366,-0.026186199909277372,0.09998481448637124
19,0.6813147634828636,-14.721721166913788,26,0.06681383806845342,-0.026186335264412598,0.09998580638612706
19,0.6813147634828636,-14.721721166913788,27,0.06681456750977013,-0.026186423440258663,0.09998626072425816
19,0.6813147634828636,-14.721721166913788,28,0.06681505725984857,-0.02618651813295407,0.09998647402595388
19,0.6813147634828636,-14.721721166913788,29,0.06681543446719368,-0.026186615875664565,0.09998657411107027
19,0.6813147634828636,-14.721721166913788,30,0.06681575886727284,-0.02618671504954184,0.09998662107296762
20,0.818796443470107,-33.208263214782924,1,-0.01118430513353949,0.06388340682429286,0.09647586685708719
20,0.818796443470107,-33.208263214782924,2,0.09984731348417573,-0.030368719805610216,0.11747301477022971
20,0.818796443470107,-33.208263214782924,3,0.20750984771050507,-0.11851492309339191,0.1484507132671285
20,0.818796443470107,-33.208263214782924,4,0.27865896829633313,-0.1544092959764758,0.16683154837019268
20,0.818796443470107,-33.208263214782924,5,0.3218882319800428,-0.14949263822384345,0.1724114051221761
20,0.818796443470107,-33.208263214782924,6,0.33435973248950684,-0.14782437776969393,0.16968644093547208
20,0.818796443470107,-33.208263214782924,7,0.3074277475894425,-0.14865845274000208,0.16471322035126235
20,0.818796443470107,-33.208263214782924,8,0.27899613350728214,-0.1486029804851587,0.15427812977233252
20,0.818796443470107,-33.208263214782924,9,0.24916999662385084,-0.1482496662090027,0.1359277683501678
20,0.818796443470107,-33.208263214782924,10,0.21878128881303605,-0.14807957638832506,0.10704874799997711
20,0.818796443470107,-33.208263214782924,11,0.1960692057806671,-0.14412563660691927,0.10850025425958387
20,0.818796443470107,-33.208263214782924,12,0.1765328671212423,-0.13969014788120254,0.11024946473215351
20,0.818796443470107,-33.208263214782924,13,0.1578722944454373,-0.1357982150552657,0.1032496063959834
20,0.818796443470107,-33.208263214782924,14,0.14313247035302998,-0.13134089227526613,0.10245919795418912
20,0.818796443470107,-33.208263214782924,15,0.13095898816105953,-0.12733069738209596,0.09951235684530099
20,0.818796443470107,-33.208263214782924,16,0.1223971997631361,-0.12500823946013465,0.09944686864540653
20,0.818796443470107,-33.208263214782924,17,0.11703956740522671,-0.1237270808470171,0.09941076680762387
20,0.818796443470107,-33.208263214782924,18,0.11479328694729025,-0.12327056415793226,0.09900377414508459
20,0.818796443470107,-33.208263214782924,19,0.11450577020714979,-0.12347831127998106,0.09952442942008682
20,0.818796443470107,-33.208263214782924,20,0.11448191954401662,-0.12335151145795718,0.09977028159160364
20,0.818796443470107,-33.208263214782924,21,0.11447074410403997,-0.12329189773366095,0.09988630074953668
20,0.818796443470107,-33.208263214782924,22,0.11446551455467815,-0.12326388876932869,0.09994106645884496
20,0.818796443470107,-33.208263214782924,23,0.11446307956402317,-0.12325073578481655,0.09996692149901965
20,0.818796443470107,-33.208263214782924,24,0.11446196097921857,-0.12324456077448355,0.09997912851277917
20,0.818796443470107,-33.208263214782924,25,0.11446146187797068,-0.12324166246880217,0.09998489201574386
20,0.818796443470107,-33.208263214782924,26,0.11446301292020372,-0.12324082412098862,0.09998730033914732
20,0.818796443470107,-33.208263214782924,27,0.11446395840065098,-0.12324050310500331,0.09998841419135794
20,0.818796443470107,-33.208263214782924,28,0.11446452611567426,-0.12324038507555693,0.09998893656878212
20,0.818796443470107,-33.208263214782924,29,0.11446468213529871,-0.1232403002970548,0.09998918627591252
20,0.818796443470107,-33.208263214782924,30,0.11446484749431167,-0.12324028435289255,0.09998930485086102
