particle,elasticity,weight,frame,x,y,z
1,0.5372359487763815,75.6246017200521,1,0.029138289679993285,-0.33753451191100886,0.48106365652377714
1,0.5372359487763815,75.6246017200521,2,-0.287212511963849,-0.2833515289101869,0.7196550642656049
1,0.5372359487763815,75.6246017200521,3,-0.36397815890519075,-0.18924344833256554,0.8719126184053549
1,0.5372359487763815,75.6246017200521,4,-0.3190974279783675,-0.13190755574007676,0.832722546968913
1,0.5372359487763815,75.6246017200521,5,-0.2660431128811914,-0.07695140826790402,0.7773813432099955
1,0.5372359487763815,75.6246017200521,6,-0.2132756438864978,-0.02229238943985703,0.7083114404316707
1,0.5372359487763815,75.6246017200521,7,-0.16081194379918046,0.03205197130918821,0.625613530327368
1,0.5372359487763815,75.6246017200521,8,-0.10867040689776158,0.08606262032296906,0.5294002885693168
1,0.5372359487763815,75.6246017200521,9,-0.05687034058768093,0.1397195580855422,0.4197965903729948
1,0.5372359487763815,75.6246017200521,10,-0.005431534881226438,0.1930022851741598,0.29693943097048625
1,0.5372359487763815,75.6246017200521,11,0.04562606810223026,0.2458901446064239,0.16097764728145816
1,0.5372359487763815,75.6246017200521,12,0.07571722404441769,0.28487839710997226,0.15219497605780516
1,0.5372359487763815,75.6246017200521,13,0.09928417215355573,0.31632571785931785,0.18369311154364304
1,0.5372359487763815,75.6246017200521,14,0.12314348542276735,0.3447390060210944,0.200412349847798
1,0.5372359487763815,75.6246017200521,15,0.14719444643173177,0.3576388852168248,0.2000523643752184
1,0.5372359487763815,75.6246017200521,16,0.1675546377649759,0.35234291318261735,0.1829172611556768
1,0.5372359487763815,75.6246017200521,17,0.17634924691558418,0.34881262123329465,0.15493554876632068
1,0.5372359487763815,75.6246017200521,18,0.18089354406416167,0.34626736745781084,0.11767277190254263
1,0.5372359487763815,75.6246017200521,19,0.1847232401900121,0.34787960225912223,0.10254718686706361
1,0.5372359487763815,75.6246017200521,20,0.18199683737733793,0.34612544889472074,0.10242463243119815
1,0.5372359487763815,75.6246017200521,21,0.17975169909925548,0.34406707926585584,0.10001730946594721
1,0.5372359487763815,75.6246017200521,22,0.17958279824955473,0.3435067356513076,0.09992011027234425
1,0.5372359487763815,75.6246017200521,23,0.1796004943527661,0.34356897837436273,0.09995701383135029
1,0.5372359487763815,75.6246017200521,24,0.1796007051033352,0.3435885292069164,0.09997442413060051
1,0.5372359487763815,75.6246017200521,25,0.17959142988340202,0.34358638453060525,0.09998264234873225
1,0.5372359487763815,75.6246017200521,26,0.1795872983150407,0.3435856991743541,0.09998652596329928
1,0.5372359487763815,75.6246017200521,27,0.17958535103176596,0.3435853799169802,0.09998835957648954
1,0.5372359487763815,75.6246017200521,28,0.17958453419248369,0.34358530796984854,0.099989184791153
1,0.5372359487763815,75.6246017200521,29,0.17958444494200154,0.3435855639907234,0.09998951362918333
1,0.5372359487763815,75.6246017200521,30,0.17958442840299135,0.34358571483958,0.09998966780676406
2,0.5372359487763815,74.91971052895795,1,0.029138289679993285,-0.33753451191100886,0.48106365652377714
2,0.5372359487763815,74.91971052895795,2,-0.287212511963849,-0.2833515289101869,0.7196550642656049
2,0.5372359487763815,74.91971052895795,3,-0.36397815890519075,-0.18924344833256554,0.8719126184053549
2,0.5372359487763815,74.91971052895795,4,-0.3190974279783675,-0.13190755574007676,0.832722546968913
2,0.5372359487763815,74.91971052895795,5,-0.2660431128811914,-0.07695140826790402,0.7773813432099955
2,0.5372359487763815,74.91971052895795,6,-0.2132756438864978,-0.02229238943985703,0.7083114404316707
2,0.5372359487763815,74.91971052895795,7,-0.16081194379918046,0.03205197130918821,0.625613530327368
2,0.5372359487763815,74.91971052895795,8,-0.10867040689776158,0.08606262032296906,0.5294002885693168
2,0.5372359487763815,74.91971052895795,9,-0.05687034058768093,0.1397195580855422,0.4197965903729948
2,0.5372359487763815,74.91971052895795,10,-0.005431534881226438,0.1930022851741598,0.29693943097048625
2,0.5372359487763815,74.91971052895795,11,0.04562606810223026,0.2458901446064239,0.16097764728145816
2,0.5372359487763815,74.91971052895795,12,0.07571722404441769,0.28487839710997226,0.15219497605780516
2,0.5372359487763815,74.91971052895795,13,0.09928417215355573,0.31632571785931785,0.18369311154364304
2,0.5372359487763815,74.91971052895795,14,0.12314348542276735,0.3447390060210944,0.200412349847798
2,0.5372359487763815,74.91971052895795,15,0.14719444643173177,0.3576388852168248,0.2000523643752184
2,0.5372359487763815,74.91971052895795,16,0.1675546377649759,0.35234291318261735,0.1829172611556768
2,0.5372359487763815,74.91971052895795,17,0.17546507204013972,0.349561034162787,0.15506998329969102
2,0.5372359487763815,74.91971052895795,18,0.17554707532257063,0.34827551750374547,0.11946014282667104
2,0.5372359487763815,74.91971052895795,19,0.17511838421169007,0.35041244214431766,0.10056010684792203
2,0.5372359487763815,74.91971052895795,20,0.17723466552825753,0.3514708407887457,0.10206703081060545
2,0.5372359487763815,74.91971052895795,21,0.17912740863836693,0.35263456275527194,0.10002178050617459
2,0.5372359487763815,74.91971052895795,22,0.17924132268089527,0.35258297610103984,0.09998955759677208
2,0.5372359487763815,74.91971052895795,23,0.17910806514445748,0.3524682458175681,0.09998985826401414
2,0.5372359487763815,74.91971052895795,24,0.17910802684152327,0.35246758697740854,0.09998915890571296
2,0.5372359487763815,74.91971052895795,25,0.17910804778709633,0.3524674414884249,0.09998883593743665
2,0.5372359487763815,74.91971052895795,26,0.1791080713951833,0.3524673934080795,0.0999887378716137
2,0.5372359487763815,74.91971052895795,27,0.1791081117510223,0.352467524280782,0.0999886993240025
2,0.5372359487763815,74.91971052895795,28,0.17910816380190003,0.35246780264586797,0.09998868113160436
2,0.5372359487763815,74.91971052895795,29,0.17910819626309327,0.3524678682700836,0.09998871562514133
2,0.5372359487763815,74.91971052895795,30,0.17910823854045918,0.352468050079822,0.09998873861320628
3,0.5372359487763815,73.27056175774959,1,0.029138289679993285,-0.33753451191100886,0.48106365652377714
3,0.5372359487763815,73.27056175774959,2,-0.287212511963849,-0.2833515289101869,0.7196550642656049
3,0.5372359487763815,73.27056175774959,3,-0.36397815890519075,-0.18924344833256554,0.8719126184053549
3,0.5372359487763815,73.27056175774959,4,-0.3190974279783675,-0.13190755574007676,0.832722546968913
3,0.5372359487763815,73.27056175774959,5,-0.2660431128811914,-0.07695140826790402,0.7773813432099955
3,0.5372359487763815,73.27056175774959,6,-0.2132756438864978,-0.02229238943985703,0.7083114404316707
3,0.5372359487763815,73.27056175774959,7,-0.16081194379918046,0.03205197130918821,0.625613530327368
3,0.5372359487763815,73.27056175774959,8,-0.10867040689776158,0.08606262032296906,0.5294002885693168
3,0.5372359487763815,73.27056175774959,9,-0.05687034058768093,0.1397195580855422,0.4197965903729948
3,0.5372359487763815,73.27056175774959,10,-0.005431534881226438,0.1930022851741598,0.29693943097048625
3,0.5372359487763815,73.27056175774959,11,0.04562606810223026,0.2458901446064239,0.16097764728145816
3,0.5372359487763815,73.27056175774959,12,0.07571722404441769,0.28487839710997226,0.15219497605780516
3,0.5372359487763815,73.27056175774959,13,0.09928417215355573,0.31632571785931785,0.18369311154364304
3,0.5372359487763815,73.27056175774959,14,0.12314348542276735,0.3447390060210944,0.200412349847798
3,0.5372359487763815,73.27056175774959,15,0.14719444643173177,0.3576388852168248,0.2000523643752184
3,0.5372359487763815,73.27056175774959,16,0.1675546377649759,0.35234291318261735,0.1829172611556768
3,0.5372359487763815,73.27056175774959,17,0.17707148276671522,0.349257167538168,0.15461945336932326
3,0.5372359487763815,73.27056175774959,18,0.1773711885803191,0.34859916448061934,0.12007651373180372
3,0.5372359487763815,73.27056175774959,19,0.17768667758997217,0.3511703326089104,0.0986589326303056
3,0.5372359487763815,73.27056175774959,20,0.1750635106484975,0.352354226244543,0.10316290407285761
3,0.5372359487763815,73.27056175774959,21,0.17197209904296437,0.35385196578018285,0.0995445237780272
3,0.5372359487763815,73.27056175774959,22,0.1714579475806784,0.35422895046969904,0.0999206176525014
3,0.5372359487763815,73.27056175774959,23,0.17143894341261195,0.35424591457201815,0.09995726613816663
3,0.5372359487763815,73.27056175774959,24,0.17144654273798923,0.3542724968647697,0.09997453474079836
3,0.5372359487763815,73.27056175774959,25,0.17144661112131326,0.35428118392084396,0.09998270056610664
3,0.5372359487763815,73.27056175774959,26,0.17144663337906307,0.35428527155815537,0.09998655487545718
3,0.5372359487763815,73.27056175774959,27,0.17144663892589243,0.35428719491685673,0.09998837418790407
3,0.5372359487763815,73.27056175774959,28,0.17144632182292666,0.35428760447918894,0.09998909712659225
3,0.5372359487763815,73.27056175774959,29,0.1714460133594188,0.3542876033283126,0.09998942034402836
3,0.5372359487763815,73.27056175774959,30,0.17144586226450723,0.35428759618131617,0.09998957233620288
4,0.5372359487763815,76.65105893808362,1,0.029138289679993285,-0.33753451191100886,0.48106365652377714
4,0.5372359487763815,76.65105893808362,2,-0.287212511963849,-0.2833515289101869,0.7196550642656049
4,0.5372359487763815,76.65105893808362,3,-0.36397815890519075,-0.18924344833256554,0.8719126184053549
4,0.5372359487763815,76.65105893808362,4,-0.3190974279783675,-0.13190755574007676,0.832722546968913
4,0.5372359487763815,76.65105893808362,5,-0.2660431128811914,-0.07695140826790402,0.7773813432099955
4,0.5372359487763815,76.65105893808362,6,-0.2132756438864978,-0.02229238943985703,0.7083114404316707
4,0.5372359487763815,76.65105893808362,7,-0.16081194379918046,0.03205197130918821,0.625613530327368
4,0.5372359487763815,76.65105893808362,8,-0.10867040689776158,0.08606262032296906,0.5294002885693168
4,0.5372359487763815,76.65105893808362,9,-0.05687034058768093,0.1397195580855422,0.4197965903729948
4,0.5372359487763815,76.65105893808362,10,-0.005431534881226438,0.1930022851741598,0.29693943097048625
4,0.5372359487763815,76.65105893808362,11,0.04562606810223026,0.2458901446064239,0.16097764728145816
4,0.5372359487763815,76.65105893808362,12,0.07571722404441769,0.28487839710997226,0.15219497605780516
4,0.5372359487763815,76.65105893808362,13,0.09928417215355573,0.31632571785931785,0.18369311154364304
4,0.5372359487763815,76.65105893808362,14,0.12314348542276735,0.3447390060210944,0.200412349847798
4,0.5372359487763815,76.65105893808362,15,0.14719444643173177,0.3576388852168248,0.2000523643752184
4,0.5372359487763815,76.65105893808362,16,0.1675546377649759,0.35234291318261735,0.1829172611556768
4,0.5372359487763815,76.65105893808362,17,0.17686639062024376,0.34911781016296967,0.1547213852306272
4,0.5372359487763815,76.65105893808362,18,0.18036938039568082,0.3473462762110648,0.1185910855727792
4,0.5372359487763815,76.65105893808362,19,0.18343157731098814,0.3497920622846963,0.10100748483386417
4,0.5372359487763815,76.65105893808362,20,0.18642336120269126,0.35077814493140114,0.10214536629453903
4,0.5372359487763815,76.65105893808362,21,0.18669449612124983,0.3519400344855016,0.09969160312477844
4,0.5372359487763815,76.65105893808362,22,0.18666436714126727,0.3517585514435057,0.09984925837377849
4,0.5372359487763815,76.65105893808362,23,0.1866619572978537,0.35168297630839285,0.09992362145758615
4,0.5372359487763815,76.65105893808362,24,0.18666082393946146,0.3516476152019979,0.09995869447393989
4,0.5372359487763815,76.65105893808362,25,0.18666030614323897,0.35163097511414615,0.09997524006143277
4,0.5372359487763815,76.65105893808362,26,0.18666009108190476,0.35162333726179545,0.09998304726846373
4,0.5372359487763815,76.65105893808362,27,0.18666001517206224,0.3516198509754462,0.09998673184257376
4,0.5372359487763815,76.65105893808362,28,0.18666000811690767,0.3516183978698653,0.09998847267551099
4,0.5372359487763815,76.65105893808362,29,0.18666008731545392,0.351618514802705,0.09998861187613321
4,0.5372359487763815,76.65105893808362,30,0.1866601348692698,0.35161867744564207,0.0999886300074661
5,0.5372359487763815,74.30789412754315,1,0.029138289679993285,-0.33753451191100886,0.48106365652377714
5,0.5372359487763815,74.30789412754315,2,-0.287212511963849,-0.2833515289101869,0.7196550642656049
5,0.5372359487763815,74.30789412754315,3,-0.36397815890519075,-0.18924344833256554,0.8719126184053549
5,0.5372359487763815,74.30789412754315,4,-0.3190974279783675,-0.13190755574007676,0.832722546968913
5,0.5372359487763815,74.30789412754315,5,-0.2660431128811914,-0.07695140826790402,0.7773813432099955
5,0.5372359487763815,74.30789412754315,6,-0.2132756438864978,-0.02229238943985703,0.7083114404316707
5,0.5372359487763815,74.30789412754315,7,-0.16081194379918046,0.03205197130918821,0.625613530327368
5,0.5372359487763815,74.30789412754315,8,-0.10867040689776158,0.08606262032296906,0.5294002885693168
5,0.5372359487763815,74.30789412754315,9,-0.05687034058768093,0.1397195580855422,0.4197965903729948
5,0.5372359487763815,74.30789412754315,10,-0.005431534881226438,0.1930022851741598,0.29693943097048625
5,0.5372359487763815,74.30789412754315,11,0.04562606810223026,0.2458901446064239,0.16097764728145816
5,0.5372359487763815,74.30789412754315,12,0.07571722404441769,0.28487839710997226,0.15219497605780516
5,0.5372359487763815,74.30789412754315,13,0.09928417215355573,0.31632571785931785,0.18369311154364304
5,0.5372359487763815,74.30789412754315,14,0.12314348542276735,0.3447390060210944,0.200412349847798
5,0.5372359487763815,74.30789412754315,15,0.14719444643173177,0.3576388852168248,0.2000523643752184
5,0.5372359487763815,74.30789412754315,16,0.1675546377649759,0.35234291318261735,0.1829172611556768
5,0.5372359487763815,74.30789412754315,17,0.1772123811943176,0.3491293442472114,0.15457469211817684
5,0.5372359487763815,74.30789412754315,18,0.177653292908305,0.34817959254645703,0.12023644341866162
5,0.5372359487763815,74.30789412754315,19,0.17567804707755189,0.35076701087098267,0.10070244822052611
5,0.5372359487763815,74.30789412754315,20,0.17665473084264013,0.35254171252072714,0.10095270605153414
5,0.5372359487763815,74.30789412754315,21,0.1763982249786785,0.35403911195341886,0.09998988993213645
5,0.5372359487763815,74.30789412754315,22,0.17644421123810752,0.3539921867594019,0.09998965698451795
5,0.5372359487763815,74.30789412754315,23,0.17646225437113935,0.35397359357097813,0.09998978098485369
5,0.5372359487763815,74.30789412754315,24,0.17646218484219203,0.3539735801760257,0.09998972760233252
5,0.5372359487763815,74.30789412754315,25,0.17646217465743824,0.3539735945978502,0.0999897028055075
5,0.5372359487763815,74.30789412754315,26,0.1764621726309458,0.3539736039477683,0.09998969116351111
5,0.5372359487763815,74.30789412754315,27,0.17646217208395829,0.3539736087484289,0.09998968568532883
5,0.5372359487763815,74.30789412754315,28,0.17646217176632387,0.3539736109784191,0.09998968310519953
5,0.5372359487763815,74.30789412754315,29,0.17646217146306103,0.35397361191140936,0.09998968188953035
5,0.5372359487763815,74.30789412754315,30,0.1764621711478147,0.3539736122160216,0.09998968131665494
6,0.5372359487763815,72.7403726599144,1,0.029138289679993285,-0.33753451191100886,0.48106365652377714
6,0.5372359487763815,72.7403726599144,2,-0.287212511963849,-0.2833515289101869,0.7196550642656049
6,0.5372359487763815,72.7403726599144,3,-0.36397815890519075,-0.18924344833256554,0.8719126184053549
6,0.5372359487763815,72.7403726599144,4,-0.3190974279783675,-0.13190755574007676,0.832722546968913
6,0.5372359487763815,72.7403726599144,5,-0.2660431128811914,-0.07695140826790402,0.7773813432099955
6,0.5372359487763815,72.7403726599144,6,-0.2132756438864978,-0.02229238943985703,0.7083114404316707
6,0.5372359487763815,72.7403726599144,7,-0.16081194379918046,0.03205197130918821,0.625613530327368
6,0.5372359487763815,72.7403726599144,8,-0.10867040689776158,0.08606262032296906,0.5294002885693168
6,0.5372359487763815,72.7403726599144,9,-0.05687034058768093,0.1397195580855422,0.4197965903729948
6,0.5372359487763815,72.7403726599144,10,-0.005431534881226438,0.1930022851741598,0.29693943097048625
6,0.5372359487763815,72.7403726599144,11,0.04562606810223026,0.2458901446064239,0.16097764728145816
6,0.5372359487763815,72.7403726599144,12,0.07571722404441769,0.28487839710997226,0.15219497605780516
6,0.5372359487763815,72.7403726599144,13,0.09928417215355573,0.31632571785931785,0.18369311154364304
6,0.5372359487763815,72.7403726599144,14,0.12314348542276735,0.3447390060210944,0.200412349847798
6,0.5372359487763815,72.7403726599144,15,0.14719444643173177,0.3576388852168248,0.2000523643752184
6,0.5372359487763815,72.7403726599144,16,0.1675546377649759,0.35234291318261735,0.1829172611556768
6,0.5372359487763815,72.7403726599144,17,0.17727284782843844,0.34907596303455807,0.15455652653836993
6,0.5372359487763815,72.7403726599144,18,0.17781948184091753,0.3480331823043873,0.12020314976072943
6,0.5372359487763815,72.7403726599144,19,0.17510440807259556,0.3505572493116801,0.10004333345027618
6,0.5372359487763815,72.7403726599144,20,0.1717284539912785,0.3517334870553753,0.10214996686302656
6,0.5372359487763815,72.7403726599144,21,0.16900479631330284,0.35242554085821753,0.09978559726090154
6,0.5372359487763815,72.7403726599144,22,0.1687355744973073,0.3522817855150087,0.09989388531801863
6,0.5372359487763815,72.7403726599144,23,0.16862452312678639,0.3521416756839289,0.0999447588218376
6,0.5372359487763815,72.7403726599144,24,0.16863475002604333,0.3521472020232947,0.09996867310481479
6,0.5372359487763815,72.7403726599144,25,0.16863955278771442,0.35214979489850573,0.09997996345392267
6,0.5372359487763815,72.7403726599144,26,0.1686418083265367,0.35215101087525447,0.09998529394901956
6,0.5372359487763815,72.7403726599144,27,0.16864273696212845,0.3521514759592736,0.09998780687972798
6,0.5372359487763815,72.7403726599144,28,0.16864268733917398,0.35215112662398484,0.09998896278429616
6,0.5372359487763815,72.7403726599144,29,0.16864248177451116,0.3521507622675557,0.0999895045681673
6,0.5372359487763815,72.7403726599144,30,0.1686423761646212,0.3521506961245159,0.09998964116414343
7,0.5372359487763815,73.23239099798779,1,0.029138289679993285,-0.33753451191100886,0.48106365652377714
7,0.5372359487763815,73.23239099798779,2,-0.287212511963849,-0.2833515289101869,0.7196550642656049
7,0.5372359487763815,73.23239099798779,3,-0.36397815890519075,-0.18924344833256554,0.8719126184053549
7,0.5372359487763815,73.23239099798779,4,-0.3190974279783675,-0.13190755574007676,0.832722546968913
7,0.5372359487763815,73.23239099798779,5,-0.2660431128811914,-0.07695140826790402,0.7773813432099955
7,0.5372359487763815,73.23239099798779,6,-0.2132756438864978,-0.02229238943985703,0.7083114404316707
7,0.5372359487763815,73.23239099798779,7,-0.16081194379918046,0.03205197130918821,0.625613530327368
7,0.5372359487763815,73.23239099798779,8,-0.10867040689776158,0.08606262032296906,0.5294002885693168
7,0.5372359487763815,73.23239099798779,9,-0.05687034058768093,0.1397195580855422,0.4197965903729948
7,0.5372359487763815,73.23239099798779,10,-0.005431534881226438,0.1930022851741598,0.29693943097048625
7,0.5372359487763815,73.23239099798779,11,0.04562606810223026,0.2458901446064239,0.16097764728145816
7,0.5372359487763815,73.23239099798779,12,0.07571722404441769,0.28487839710997226,0.15219497605780516
7,0.5372359487763815,73.23239099798779,13,0.09928417215355573,0.31632571785931785,0.18369311154364304
7,0.5372359487763815,73.23239099798779,14,0.12314348542276735,0.3447390060210944,0.200412349847798
7,0.5372359487763815,73.23239099798779,15,0.14719443154306028,0.3576388169195537,0.20005235576469438
7,0.5372359487763815,73.23239099798779,16,0.16755455596427019,0.35234253802017695,0.18291721386681825
7,0.5372359487763815,73.23239099798779,17,0.17717449633967677,0.34914694134252516,0.15448768822710957
7,0.5372359487763815,73.23239099798779,18,0.1776545596542958,0.34824257572842904,0.12010511936612668
7,0.5372359487763815,73.23239099798779,19,0.17558737770719388,0.3507229751293902,0.09995535439950606
7,0.5372359487763815,73.23239099798779,20,0.17308990824312287,0.3511887122974486,0.10235553691348379
7,0.5372359487763815,73.23239099798779,21,0.17105789985399636,0.35170147438525723,0.10003651033403776
7,0.5372359487763815,73.23239099798779,22,0.17080293093575513,0.35166931459023526,0.09993416932606472
7,0.5372359487763815,73.23239099798779,23,0.17077350289302407,0.3516676691660555,0.09996364299392488
7,0.5372359487763815,73.23239099798779,24,0.1707596118094076,0.35166689033054194,0.09997755613106557
7,0.5372359487763815,73.23239099798779,25,0.17075305419119705,0.35166652202138643,0.09998412468626104
7,0.5372359487763815,73.23239099798779,26,0.1707499579433303,0.35166634802352814,0.0999872259486169
7,0.5372359487763815,73.23239099798779,27,0.1707484960108734,0.35166626585702243,0.09998869021021163
7,0.5372359487763815,73.23239099798779,28,0.17074780574431206,0.3516662270568189,0.09998938157010025
7,0.5372359487763815,73.23239099798779,29,0.17074747982783084,0.35166620873578003,0.09998970800179417
7,0.5372359487763815,73.23239099798779,30,0.1707473259428575,0.35166620008504207,0.09998986212983994
8,0.5372359487763815,73.24358574859762,1,0.029138289679993285,-0.33753451191100886,0.48106365652377714
8,0.5372359487763815,73.24358574859762,2,-0.287212511963849,-0.2833515289101869,0.7196550642656049
8,0.5372359487763815,73.24358574859762,3,-0.36397815890519075,-0.18924344833256554,0.8719126184053549
8,0.5372359487763815,73.24358574859762,4,-0.3190974279783675,-0.13190755574007676,0.832722546968913
8,0.5372359487763815,73.24358574859762,5,-0.2660431128811914,-0.07695140826790402,0.7773813432099955
8,0.5372359487763815,73.24358574859762,6,-0.2132756438864978,-0.02229238943985703,0.7083114404316707
8,0.5372359487763815,73.24358574859762,7,-0.16081194379918046,0.03205197130918821,0.625613530327368
8,0.5372359487763815,73.24358574859762,8,-0.10867040689776158,0.08606262032296906,0.5294002885693168
8,0.5372359487763815,73.24358574859762,9,-0.05687034058768093,0.1397195580855422,0.4197965903729948
8,0.5372359487763815,73.24358574859762,10,-0.005431534881226438,0.1930022851741598,0.29693943097048625
8,0.5372359487763815,73.24358574859762,11,0.04562606810223026,0.2458901446064239,0.16097764728145816
8,0.5372359487763815,73.24358574859762,12,0.07571722404441769,0.28487839710997226,0.15219497605780516
8,0.5372359487763815,73.24358574859762,13,0.09928417215355573,0.31632571785931785,0.18369311154364304
8,0.5372359487763815,73.24358574859762,14,0.12314348542276735,0.3447390060210944,0.200412349847798
8,0.5372359487763815,73.24358574859762,15,0.14719443154306028,0.3576388169195537,0.20005235576469438
8,0.5372359487763815,73.24358574859762,16,0.16755455596427019,0.35234253802017695,0.18291721386681825
8,0.5372359487763815,73.24358574859762,17,0.1771747819910691,0.3491467414234626,0.15448782214262666
8,0.5372359487763815,73.24358574859762,18,0.17766159150521116,0.3482430249425054,0.12010508410704507
8,0.5372359487763815,73.24358574859762,19,0.1756276211946997,0.35071723721764586,0.09993055830865967
8,0.5372359487763815,73.24358574859762,20,0.17312245159994016,0.3511704455387291,0.10238752133865092
8,0.5372359487763815,73.24358574859762,21,0.17107610780910756,0.35167464283324856,0.10007854873460684
8,0.5372359487763815,73.24358574859762,22,0.17086552468854463,0.351705368551524,0.09993309382852247
8,0.5372359487763815,73.24358574859762,23,0.17083552938159144,0.35170369606653534,0.09996313534601077
8,0.5372359487763815,73.24358574859762,24,0.17082137057246294,0.35170290445441715,0.09997731647538416
8,0.5372359487763815,73.24358574859762,25,0.17081468660154528,0.35170253010691527,0.09998401153735535
8,0.5372359487763815,73.24358574859762,26,0.1708115306981072,0.35170235325089094,0.09998717252585769
8,0.5372359487763815,73.24358574859762,27,0.17081004059908267,0.35170226973423657,0.09998866498643079
8,0.5372359487763815,73.24358574859762,28,0.17080933703348958,0.3517022302961439,0.0999893696605152
8,0.5372359487763815,73.24358574859762,29,0.17080900483777645,0.35170221167423305,0.09998970237858094
8,0.5372359487763815,73.24358574859762,30,0.17080884798798188,0.3517022028813877,0.09998985947478302
9,0.5372359487763815,73.19245556992621,1,0.029138289679993285,-0.33753451191100886,0.48106365652377714
9,0.5372359487763815,73.19245556992621,2,-0.287212511963849,-0.2833515289101869,0.7196550642656049
9,0.5372359487763815,73.19245556992621,3,-0.36397815890519075,-0.18924344833256554,0.8719126184053549
9,0.5372359487763815,73.19245556992621,4,-0.3190974279783675,-0.13190755574007676,0.832722546968913
9,0.5372359487763815,73.19245556992621,5,-0.2660431128811914,-0.07695140826790402,0.7773813432099955
9,0.5372359487763815,73.19245556992621,6,-0.2132756438864978,-0.02229238943985703,0.7083114404316707
9,0.5372359487763815,73.19245556992621,7,-0.16081194379918046,0.03205197130918821,0.625613530327368
9,0.5372359487763815,73.19245556992621,8,-0.10867040689776158,0.08606262032296906,0.5294002885693168
9,0.5372359487763815,73.19245556992621,9,-0.05687034058768093,0.1397195580855422,0.4197965903729948
9,0.5372359487763815,73.19245556992621,10,-0.005431534881226438,0.1930022851741598,0.29693943097048625
9,0.5372359487763815,73.19245556992621,11,0.04562606810223026,0.2458901446064239,0.16097764728145816
9,0.5372359487763815,73.19245556992621,12,0.07571722404441769,0.28487839710997226,0.15219497605780516
9,0.5372359487763815,73.19245556992621,13,0.09928417215355573,0.31632571785931785,0.18369311154364304
9,0.5372359487763815,73.19245556992621,14,0.12314348542276735,0.3447390060210944,0.200412349847798
9,0.5372359487763815,73.19245556992621,15,0.14719443154306028,0.3576388169195537,0.20005235576469438
9,0.5372359487763815,73.19245556992621,16,0.16755455596427019,0.35234253802017695,0.18291721386681825
9,0.5372359487763815,73.19245556992621,17,0.17717501849377013,0.34914675879605206,0.1544875303436487
9,0.5372359487763815,73.19245556992621,18,0.1776642568821977,0.34824329833466844,0.12010414777727836
9,0.5372359487763815,73.19245556992621,19,0.17563954661164682,0.35071794245727766,0.09992855974084691
9,0.5372359487763815,73.19245556992621,20,0.17313386221871646,0.35117222673023446,0.1023990431216433
9,0.5372359487763815,73.19245556992621,21,0.1708847553059232,0.35172673393591725,0.09945646491410665
9,0.5372359487763815,73.19245556992621,22,0.17068823890206952,0.35160544870587584,0.09979727127701253
9,0.5372359487763815,73.19245556992621,23,0.1704677454736643,0.3513119843515323,0.0998994805664172
9,0.5372359487763815,73.19245556992621,24,0.17045597876348115,0.3512772491183009,0.09994726675223671
9,0.5372359487763815,73.19245556992621,25,0.17045042192924414,0.3512608484532234,0.09996982446766282
9,0.5372359487763815,73.19245556992621,26,0.17044779835487794,0.35125310573800494,0.09998047421803201
9,0.5372359487763815,73.19245556992621,27,0.17044655969556446,0.3512494496326429,0.0999855023662241
9,0.5372359487763815,73.19245556992621,28,0.17044597485473426,0.3512477232922447,0.09998787640725164
9,0.5372359487763815,73.19245556992621,29,0.17044569871455836,0.35124690816794374,0.0999889973251525
9,0.5372359487763815,73.19245556992621,30,0.17044556833171393,0.35124652329509,0.09998952657647955
10,0.5372359487763815,73.24394281303134,1,0.029138289679993285,-0.33753451191100886,0.48106365652377714
10,0.5372359487763815,73.24394281303134,2,-0.287212511963849,-0.2833515289101869,0.7196550642656049
10,0.5372359487763815,73.24394281303134,3,-0.36397815890519075,-0.18924344833256554,0.8719126184053549
10,0.5372359487763815,73.24394281303134,4,-0.3190974279783675,-0.13190755574007676,0.832722546968913
10,0.5372359487763815,73.24394281303134,5,-0.2660431128811914,-0.07695140826790402,0.7773813432099955
10,0.5372359487763815,73.24394281303134,6,-0.2132756438864978,-0.02229238943985703,0.7083114404316707
10,0.5372359487763815,73.24394281303134,7,-0.16081194379918046,0.03205197130918821,0.625613530327368
10,0.5372359487763815,73.24394281303134,8,-0.10867040689776158,0.08606262032296906,0.5294002885693168
10,0.5372359487763815,73.24394281303134,9,-0.05687034058768093,0.1397195580855422,0.4197965903729948
10,0.5372359487763815,73.24394281303134,10,-0.005431534881226438,0.1930022851741598,0.29693943097048625
10,0.5372359487763815,73.24394281303134,11,0.04562606810223026,0.2458901446064239,0.16097764728145816
10,0.5372359487763815,73.24394281303134,12,0.07571722404441769,0.28487839710997226,0.15219497605780516
10,0.5372359487763815,73.24394281303134,13,0.09928417215355573,0.31632571785931785,0.18369311154364304
10,0.5372359487763815,73.24394281303134,14,0.12314348542276735,0.3447390060210944,0.200412349847798
10,0.5372359487763815,73.24394281303134,15,0.14719443154306028,0.3576388169195537,0.20005235576469438
10,0.5372359487763815,73.24394281303134,16,0.16755455596427019,0.35234253802017695,0.18291721386681825
10,0.5372359487763815,73.24394281303134,17,0.17717523937898777,0.3491466385309653,0.15448740729044091
10,0.5372359487763815,73.24394281303134,18,0.17766214521563548,0.3482424460503361,0.12010344434442628
10,0.5372359487763815,73.24394281303134,19,0.1756219220132702,0.3507218986771673,0.09994199782991334
10,0.5372359487763815,73.24394281303134,20,0.17312615730095676,0.3511856228933081,0.10237648157896599
10,0.5372359487763815,73.24394281303134,21,0.17109181474005772,0.35169707007542733,0.10006302487720378
10,0.5372359487763815,73.24394281303134,22,0.1708637003101053,0.3517021152051697,0.0999348827665514
10,0.5372359487763815,73.24394281303134,23,0.17083464796335748,0.35170049581073876,0.09996397975159152
10,0.5372359487763815,73.24394281303134,24,0.1708209343830065,0.3516997294924247,0.09997771510573192
10,0.5372359487763815,73.24394281303134,25,0.17081446047347743,0.3516993670740949,0.09998419974338718
10,0.5372359487763815,73.24394281303134,26,0.17081140374690074,0.35169919586295234,0.09998726138654439
10,0.5372359487763815,73.24394281303134,27,0.1708099604750851,0.3516991150123041,0.09998870694237402
10,0.5372359487763815,73.24394281303134,28,0.1708092790193723,0.35169907683347945,0.09998938947032407
10,0.5372359487763815,73.24394281303134,29,0.17080895726301942,0.3516990588058588,0.09998971173196199
10,0.5372359487763815,73.24394281303134,30,0.17080880534229465,0.3516990502936671,0.09998986389107825
11,0.5372359487763815,73.25044711351951,1,0.029138289679993285,-0.33753451191100886,0.48106365652377714
11,0.5372359487763815,73.25044711351951,2,-0.287212511963849,-0.2833515289101869,0.7196550642656049
11,0.5372359487763815,73.25044711351951,3,-0.36397815890519075,-0.18924344833256554,0.8719126184053549
11,0.5372359487763815,73.25044711351951,4,-0.3190974279783675,-0.13190755574007676,0.832722546968913
11,0.5372359487763815,73.25044711351951,5,-0.2660431128811914,-0.07695140826790402,0.7773813432099955
11,0.5372359487763815,73.25044711351951,6,-0.2132756438864978,-0.02229238943985703,0.7083114404316707
11,0.5372359487763815,73.25044711351951,7,-0.16081194379918046,0.03205197130918821,0.625613530327368
11,0.5372359487763815,73.25044711351951,8,-0.10867040689776158,0.08606262032296906,0.5294002885693168
11,0.5372359487763815,73.25044711351951,9,-0.05687034058768093,0.1397195580855422,0.4197965903729948
11,0.5372359487763815,73.25044711351951,10,-0.005431534881226438,0.1930022851741598,0.29693943097048625
11,0.5372359487763815,73.25044711351951,11,0.04562606810223026,0.2458901446064239,0.16097764728145816
11,0.5372359487763815,73.25044711351951,12,0.07571722404441769,0.28487839710997226,0.15219497605780516
11,0.5372359487763815,73.25044711351951,13,0.09928417215355573,0.31632571785931785,0.18369311154364304
11,0.5372359487763815,73.25044711351951,14,0.12314348542276735,0.3447390060210944,0.200412349847798
11,0.5372359487763815,73.25044711351951,15,0.14719443154306028,0.3576388169195537,0.20005235576469438
11,0.5372359487763815,73.25044711351951,16,0.16755455596427019,0.35234253802017695,0.18291721386681825
11,0.5372359487763815,73.25044711351951,17,0.17717549047837458,0.34914646263538396,0.15448733246026855
11,0.5372359487763815,73.25044711351951,18,0.17766584726367743,0.348242255996531,0.1201024376264048
11,0.5372359487763815,73.25044711351951,19,0.17563996588758998,0.3507210214448769,0.0999333227955234
11,0.5372359487763815,73.25044711351951,20,0.17314664740083813,0.3511833663735903,0.10238440972473972
11,0.5372359487763815,73.25044711351951,21,0.1711123940431459,0.35169353432870054,0.1000743067123773
11,0.5372359487763815,73.25044711351951,22,0.17089704868504593,0.35171486452800277,0.0999349412825172
11,0.5372359487763815,73.25044711351951,23,0.1708680269743989,0.35171325025109557,0.09996400737515194
11,0.5372359487763815,73.25044711351951,24,0.1708543277357712,0.3517124862933528,0.09997772815318819
11,0.5372359487763815,73.25044711351951,25,0.17084786065953575,0.35171212501678945,0.09998420590350643
11,0.5372359487763815,73.25044711351951,26,0.17084480715914074,0.35171195434511765,0.09998726429502029
11,0.5372359487763815,73.25044711351951,27,0.17084336541062453,0.3517118737491817,0.09998870831562306
11,0.5372359487763815,73.25044711351951,28,0.17084268467415895,0.3517118356906264,0.09998939011871459
11,0.5372359487763815,73.25044711351951,29,0.1708423632574067,0.35171181771979426,0.09998971203810592
11,0.5372359487763815,73.25044711351951,30,0.1708422114970282,0.3517118092344162,0.09998986403562739
12,0.5372359487763815,73.25259545378854,1,0.029138289679993285,-0.33753451191100886,0.48106365652377714
12,0.5372359487763815,73.25259545378854,2,-0.287212511963849,-0.2833515289101869,0.7196550642656049
12,0.5372359487763815,73.25259545378854,3,-0.36397815890519075,-0.18924344833256554,0.8719126184053549
12,0.5372359487763815,73.25259545378854,4,-0.3190974279783675,-0.13190755574007676,0.832722546968913
12,0.5372359487763815,73.25259545378854,5,-0.2660431128811914,-0.07695140826790402,0.7773813432099955
12,0.5372359487763815,73.25259545378854,6,-0.2132756438864978,-0.02229238943985703,0.7083114404316707
12,0.5372359487763815,73.25259545378854,7,-0.16081194379918046,0.03205197130918821,0.625613530327368
12,0.5372359487763815,73.25259545378854,8,-0.10867040689776158,0.08606262032296906,0.5294002885693168
12,0.5372359487763815,73.25259545378854,9,-0.05687034058768093,0.1397195580855422,0.4197965903729948
12,0.5372359487763815,73.25259545378854,10,-0.005431534881226438,0.1930022851741598,0.29693943097048625
12,0.5372359487763815,73.25259545378854,11,0.04562606810223026,0.2458901446064239,0.16097764728145816
12,0.5372359487763815,73.25259545378854,12,0.07571722404441769,0.28487839710997226,0.15219497605780516
12,0.5372359487763815,73.25259545378854,13,0.09928417215355573,0.31632571785931785,0.18369311154364304
12,0.5372359487763815,73.25259545378854,14,0.12314348542276735,0.3447390060210944,0.200412349847798
12,0.5372359487763815,73.25259545378854,15,0.14719443154306028,0.3576388169195537,0.20005235576469438
12,0.5372359487763815,73.25259545378854,16,0.16755455596427019,0.35234253802017695,0.18291721386681825
12,0.5372359487763815,73.25259545378854,17,0.17717500608496708,0.3491466995014337,0.15448745883679618
12,0.5372359487763815,73.25259545378854,18,0.17766607306993334,0.34824314237738335,0.12010246016986544
12,0.5372359487763815,73.25259545378854,19,0.17564803163103485,0.350720077746936,0.09992425290262141
12,0.5372359487763815,73.25259545378854,20,0.17315231670433884,0.35117798082636376,0.10239096225445529
12,0.5372359487763815,73.25259545378854,21,0.17111364418786285,0.3516847703503536,0.10008427435865162
12,0.5372359487763815,73.25259545378854,22,0.17091008945224762,0.3517220050163907,0.09993418839739791
12,0.5372359487763815,73.25259545378854,23,0.1708806708916331,0.3517203698717846,0.09996365199462422
12,0.5372359487763815,73.25259545378854,24,0.17086678428974883,0.35171959595193053,0.09997756038033727
12,0.5372359487763815,73.25259545378854,25,0.1708602287871549,0.35171922996456684,0.0999841266924397
12,0.5372359487763815,73.25259545378854,26,0.17085713353827234,0.35171905706293205,0.09998722689582915
12,0.5372359487763815,73.25259545378854,27,0.1708556720775006,0.3517189754140084,0.09998869065744198
12,0.5372359487763815,73.25259545378854,28,0.170854982033661,0.35171893685818106,0.0999893817812636
12,0.5372359487763815,73.25259545378854,29,0.1708546562223436,0.35171891865252647,0.09998970810149702
12,0.5372359487763815,73.25259545378854,30,0.17085450238702538,0.3517189100562684,0.09998986217691566
13,0.5372359487763815,73.19865655895838,1,0.029138289679993285,-0.33753451191100886,0.48106365652377714
13,0.5372359487763815,73.19865655895838,2,-0.287212511963849,-0.2833515289101869,0.7196550642656049
13,0.5372359487763815,73.19865655895838,3,-0.36397815890519075,-0.18924344833256554,0.8719126184053549
13,0.5372359487763815,73.19865655895838,4,-0.3190974279783675,-0.13190755574007676,0.832722546968913
13,0.5372359487763815,73.19865655895838,5,-0.2660431128811914,-0.07695140826790402,0.7773813432099955
13,0.5372359487763815,73.19865655895838,6,-0.2132756438864978,-0.02229238943985703,0.7083114404316707
13,0.5372359487763815,73.19865655895838,7,-0.16081194379918046,0.03205197130918821,0.625613530327368
13,0.5372359487763815,73.19865655895838,8,-0.10867040689776158,0.08606262032296906,0.5294002885693168
13,0.5372359487763815,73.19865655895838,9,-0.05687034058768093,0.1397195580855422,0.4197965903729948
13,0.5372359487763815,73.19865655895838,10,-0.005431534881226438,0.1930022851741598,0.29693943097048625
13,0.5372359487763815,73.19865655895838,11,0.04562606810223026,0.2458901446064239,0.16097764728145816
13,0.5372359487763815,73.19865655895838,12,0.07571722404441769,0.28487839710997226,0.15219497605780516
13,0.5372359487763815,73.19865655895838,13,0.09928417215355573,0.31632571785931785,0.18369311154364304
13,0.5372359487763815,73.19865655895838,14,0.12314348542276735,0.3447390060210944,0.200412349847798
13,0.5372359487763815,73.19865655895838,15,0.14719443154306028,0.3576388169195537,0.20005235576469438
13,0.5372359487763815,73.19865655895838,16,0.16755455596427019,0.35234253802017695,0.18291721386681825
13,0.5372359487763815,73.19865655895838,17,0.1771748010267404,0.3491467869157356,0.15448765462829467
13,0.5372359487763815,73.19865655895838,18,0.1776662611864875,0.3482435261199826,0.12010277210117819
13,0.5372359487763815,73.19865655895838,19,0.1756526080962263,0.35071870687499035,0.09991742613296382
13,0.5372359487763815,73.19865655895838,20,0.17315540199345464,0.35117270686890745,0.10239374402504939
13,0.5372359487763815,73.19865655895838,21,0.1709126542089012,0.3517252423360212,0.09945483158925218
13,0.5372359487763815,73.19865655895838,22,0.17071735838402055,0.35160398307793794,0.09979642915173063
13,0.5372359487763815,73.19865655895838,23,0.17049722568178183,0.3513115481431997,0.09989908083627834
13,0.5372359487763815,73.19865655895838,24,0.17048522637422428,0.3512768177151544,0.09994707804054935
13,0.5372359487763815,73.19865655895838,25,0.17047955966953943,0.3512604192944053,0.09996973537086484
13,0.5372359487763815,73.19865655895838,26,0.1704768842148787,0.3512526776413021,0.09998043215122332
13,0.5372359487763815,73.19865655895838,27,0.17047562106434333,0.35124902203780545,0.09998548250418227
13,0.5372359487763815,73.19865655895838,28,0.17047502465978778,0.3512472959342939,0.09998786702922531
13,0.5372359487763815,73.19865655895838,29,0.17047474305963276,0.35124648092180066,0.09998899289722474
13,0.5372359487763815,73.19865655895838,30,0.17047461009878526,0.3512460961017304,0.09998952448578624
14,0.535686069608475,75.14427498939182,1,0.0291455506289297,-0.3376637584684672,0.481098465496467
14,0.535686069608475,75.14427498939182,2,-0.2871758180716315,-0.28352443611612055,0.7197108059118205
14,0.535686069608475,75.14427498939182,3,-0.36278493663477074,-0.1896958730015018,0.8684838941135786
14,0.535686069608475,75.14427498939182,4,-0.3215084702569155,-0.1275834055088544,0.8331417041601252
14,0.535686069608475,75.14427498939182,5,-0.27267148684507286,-0.06758881361924238,0.7815675618562241
14,0.535686069608475,75.14427498939182,6,-0.22409557535345098,-0.007914939804606424,0.7162407966105419
14,0.535686069608475,75.14427498939182,7,-0.1757956731891015,0.05141986583278796,0.637259097996824
14,0.535686069608475,75.14427498939182,8,-0.12778824341585332,0.11039537897262712,0.5447319508059806
14,0.535686069608475,75.14427498939182,9,-0.080090727942836,0.16899017281606116,0.4387809671039245
14,0.535686069608475,75.14427498939182,10,-0.032721122526356394,0.2271821401816069,0.31953988683564766
14,0.535686069608475,75.14427498939182,11,0.01430235051432145,0.28494889556280695,0.1871543548229116
14,0.535686069608475,75.14427498939182,12,0.06801836662411821,0.34049169473624974,0.1087543060499827
14,0.535686069608475,75.14427498939182,13,0.11397281793436836,0.3607141928547516,0.131506143866541
14,0.535686069608475,75.14427498939182,14,0.15683957605425577,0.36832695687883904,0.13902139363721963
14,0.535686069608475,75.14427498939182,15,0.18703762099913615,0.3562039484040355,0.13174346127058442
14,0.535686069608475,75.14427498939182,16,0.18450238164023983,0.3502141742481092,0.11596850120843627
14,0.535686069608475,75.14427498939182,17,0.1818533864683176,0.34503685809164264,0.0997731198009869
14,0.535686069608475,75.14427498939182,18,0.17987501931841604,0.34067838769817516,0.09966707493138476
14,0.535686069608475,75.14427498939182,19,0.17910745693509564,0.3392999164688205,0.09992338026821555
14,0.535686069608475,75.14427498939182,20,0.17906699636825596,0.3393062881046233,0.09995855232185924
14,0.535686069608475,75.14427498939182,21,0.1790404061328668,0.339317136191973,0.09997515138162982
14,0.535686069608475,75.14427498939182,22,0.17904107355607765,0.3393084163617188,0.09998298796812277
14,0.535686069608475,75.14427498939182,23,0.17904098886250897,0.33930471646449634,0.09998668925498963
14,0.535686069608475,75.14427498939182,24,0.17904094887393954,0.3393029694588508,0.0999884368089886
14,0.535686069608475,75.14427498939182,25,0.17904092999368784,0.3393021445772168,0.09998926192501971
14,0.535686069608475,75.14427498939182,26,0.1790409210777188,0.3393017550988191,0.09998965151034676
14,0.535686069608475,75.14427498939182,27,0.17904091686799575,0.3393015712014717,0.0999898354569158
14,0.535686069608475,75.14427498939182,28,0.17904091488067156,0.3393014843717816,0.0999899223092638
14,0.535686069608475,75.14427498939182,29,0.17904091394195035,0.33930144337450263,0.09998996331754317
14,0.535686069608475,75.14427498939182,30,0.17904091349960963,0.3393014240162612,0.0999899826800927
15,0.5372359487763815,73.2140321987953,1,0.029138289679993285,-0.33753451191100886,0.48106365652377714
15,0.5372359487763815,73.2140321987953,2,-0.287212511963849,-0.2833515289101869,0.7196550642656049
15,0.5372359487763815,73.2140321987953,3,-0.36397815890519075,-0.18924344833256554,0.8719126184053549
15,0.5372359487763815,73.2140321987953,4,-0.3190974279783675,-0.13190755574007676,0.832722546968913
15,0.5372359487763815,73.2140321987953,5,-0.2660431128811914,-0.07695140826790402,0.7773813432099955
15,0.5372359487763815,73.2140321987953,6,-0.2132756438864978,-0.02229238943985703,0.7083114404316707
15,0.5372359487763815,73.2140321987953,7,-0.16081194379918046,0.03205197130918821,0.625613530327368
15,0.5372359487763815,73.2140321987953,8,-0.10867040689776158,0.08606262032296906,0.5294002885693168
15,0.5372359487763815,73.2140321987953,9,-0.05687034058768093,0.1397195580855422,0.4197965903729948
15,0.5372359487763815,73.2140321987953,10,-0.005431534881226438,0.1930022851741598,0.29693943097048625
15,0.5372359487763815,73.2140321987953,11,0.04562606810223026,0.2458901446064239,0.16097764728145816
15,0.5372359487763815,73.2140321987953,12,0.07571722404441769,0.28487839710997226,0.15219497605780516
15,0.5372359487763815,73.2140321987953,13,0.09928417215355573,0.31632571785931785,0.18369311154364304
15,0.5372359487763815,73.2140321987953,14,0.12314348542276735,0.3447390060210944,0.200412349847798
15,0.5372359487763815,73.2140321987953,15,0.14719443154306028,0.3576388169195537,0.20005235576469438
15,0.5372359487763815,73.2140321987953,16,0.16755455596427019,0.35234253802017695,0.18291721386681825
15,0.5372359487763815,73.2140321987953,17,0.17717373100116676,0.3491332193274136,0.15448946621824525
15,0.5372359487763815,73.2140321987953,18,0.1770430886066611,0.3482250437979686,0.11968660142423376
15,0.5372359487763815,73.2140321987953,19,0.17793836340788824,0.35072339546858483,0.09917971369401879
15,0.5372359487763815,73.2140321987953,20,0.17584868955372657,0.35154158362729876,0.10300578431119344
15,0.5372359487763815,73.2140321987953,21,0.17304740968918977,0.3530332311039201,0.09941083435582553
15,0.5372359487763815,73.2140321987953,22,0.17070194255668925,0.3527966160510825,0.09996639244957747
15,0.5372359487763815,73.2140321987953,23,0.17058246707475924,0.3531039297774634,0.09963029897901593
15,0.5372359487763815,73.2140321987953,24,0.1705828167062515,0.3529097865907654,0.0998204408995849
15,0.5372359487763815,73.2140321987953,25,0.17058505740242713,0.35281844344905045,0.09991002902301277
15,0.5372359487763815,73.2140321987953,26,0.1705870656450372,0.3527766486782315,0.09995228492287832
15,0.5372359487763815,73.2140321987953,27,0.17058803330219227,0.35275706009442953,0.09997222046614071
15,0.5372359487763815,73.2140321987953,28,0.1705885159020478,0.3527479107645637,0.09998162595542537
15,0.5372359487763815,73.2140321987953,29,0.17058877014084167,0.352743666688002,0.09998606294665999
15,0.5372359487763815,73.2140321987953,30,0.17058891623057693,0.35274172704818363,0.09998815630185846
16,0.5372359487763815,76.87145700560177,1,0.029138289679993285,-0.33753451191100886,0.48106365652377714
16,0.5372359487763815,76.87145700560177,2,-0.287212511963849,-0.2833515289101869,0.7196550642656049
16,0.5372359487763815,76.87145700560177,3,-0.36397815890519075,-0.18924344833256554,0.8719126184053549
16,0.5372359487763815,76.87145700560177,4,-0.3190974279783675,-0.13190755574007676,0.832722546968913
16,0.5372359487763815,76.87145700560177,5,-0.2660431128811914,-0.07695140826790402,0.7773813432099955
16,0.5372359487763815,76.87145700560177,6,-0.2132756438864978,-0.02229238943985703,0.7083114404316707
16,0.5372359487763815,76.87145700560177,7,-0.16081194379918046,0.03205197130918821,0.625613530327368
16,0.5372359487763815,76.87145700560177,8,-0.10867040689776158,0.08606262032296906,0.5294002885693168
16,0.5372359487763815,76.87145700560177,9,-0.05687034058768093,0.1397195580855422,0.4197965903729948
16,0.5372359487763815,76.87145700560177,10,-0.005431534881226438,0.1930022851741598,0.29693943097048625
16,0.5372359487763815,76.87145700560177,11,0.04562606810223026,0.2458901446064239,0.16097764728145816
16,0.5372359487763815,76.87145700560177,12,0.07571722404441769,0.28487839710997226,0.15219497605780516
16,0.5372359487763815,76.87145700560177,13,0.09928417215355573,0.31632571785931785,0.18369311154364304
16,0.5372359487763815,76.87145700560177,14,0.12314348542276735,0.3447390060210944,0.200412349847798
16,0.5372359487763815,76.87145700560177,15,0.14719444643173177,0.3576388852168248,0.2000523643752184
16,0.5372359487763815,76.87145700560177,16,0.1675546377649759,0.35234291318261735,0.1829172611556768
16,0.5372359487763815,76.87145700560177,17,0.17700994475833304,0.34893841798662595,0.1546396205296966
16,0.5372359487763815,76.87145700560177,18,0.18038042516573569,0.34688282369652634,0.11832201492234776
16,0.5372359487763815,76.87145700560177,19,0.18437270559994212,0.3489989670554703,0.10069881142939274
16,0.5372359487763815,76.87145700560177,20,0.18727012065760265,0.3499398579842953,0.10005669645735303
16,0.5372359487763815,76.87145700560177,21,0.18770720259841706,0.35048136361258925,0.09994949846145328
16,0.5372359487763815,76.87145700560177,22,0.1876286086653817,0.3504262079020714,0.09997090649566394
16,0.5372359487763815,76.87145700560177,23,0.18761853213991567,0.3504263647376328,0.09998098514945025
16,0.5372359487763815,76.87145700560177,24,0.18761377456163658,0.3504264390354901,0.09998574364221502
16,0.5372359487763815,76.87145700560177,25,0.18761152821879826,0.35042647410636985,0.0999879903358588
16,0.5372359487763815,76.87145700560177,26,0.1876104675732104,0.35042649065804266,0.09998905111968132
16,0.5372359487763815,76.87145700560177,27,0.18760996677708652,0.3504264984678806,0.09998955197657164
16,0.5372359487763815,76.87145700560177,28,0.18760973032142994,0.35042650215566545,0.09998978846090754
16,0.5372359487763815,76.87145700560177,29,0.18760961867642198,0.3504265038969625,0.09998990011947184
16,0.5372359487763815,76.87145700560177,30,0.18760956596201217,0.35042650471915093,0.09998995284028671
17,0.5372359487763815,75.86433664859537,1,0.029138289679993285,-0.33753451191100886,0.48106365652377714
17,0.5372359487763815,75.86433664859537,2,-0.287212511963849,-0.2833515289101869,0.7196550642656049
17,0.5372359487763815,75.86433664859537,3,-0.36397815890519075,-0.18924344833256554,0.8719126184053549
17,0.5372359487763815,75.86433664859537,4,-0.3190974279783675,-0.13190755574007676,0.832722546968913
17,0.5372359487763815,75.86433664859537,5,-0.2660431128811914,-0.07695140826790402,0.7773813432099955
17,0.5372359487763815,75.86433664859537,6,-0.2132756438864978,-0.02229238943985703,0.7083114404316707
17,0.5372359487763815,75.86433664859537,7,-0.16081194379918046,0.03205197130918821,0.625613530327368
17,0.5372359487763815,75.86433664859537,8,-0.10867040689776158,0.08606262032296906,0.5294002885693168
17,0.5372359487763815,75.86433664859537,9,-0.05687034058768093,0.1397195580855422,0.4197965903729948
17,0.5372359487763815,75.86433664859537,10,-0.005431534881226438,0.1930022851741598,0.29693943097048625
17,0.5372359487763815,75.86433664859537,11,0.04562606810223026,0.2458901446064239,0.16097764728145816
17,0.5372359487763815,75.86433664859537,12,0.07571722404441769,0.28487839710997226,0.15219497605780516
17,0.5372359487763815,75.86433664859537,13,0.09928417215355573,0.31632571785931785,0.18369311154364304
17,0.5372359487763815,75.86433664859537,14,0.12314348542276735,0.3447390060210944,0.200412349847798
17,0.5372359487763815,75.86433664859537,15,0.14719444643173177,0.3576388852168248,0.2000523643752184
17,0.5372359487763815,75.86433664859537,16,0.1675546377649759,0.35234291318261735,0.1829172611556768
17,0.5372359487763815,75.86433664859537,17,0.17727264804831852,0.34896891176584693,0.15457196646556387
17,0.5372359487763815,75.86433664859537,18,0.18160643275815702,0.3469838724452779,0.11819492161659141
17,0.5372359487763815,75.86433664859537,19,0.18530282856411434,0.3493424284457729,0.10058871553168185
17,0.5372359487763815,75.86433664859537,20,0.18550110794021402,0.34992305648920236,0.10283543713755212
17,0.5372359487763815,75.86433664859537,21,0.18323147655079944,0.35178728422762345,0.09919813200689108
17,0.5372359487763815,75.86433664859537,22,0.18315539962592695,0.3527159908131371,0.09990839405056015
17,0.5372359487763815,75.86433664859537,23,0.18291002405598647,0.35249177724606623,0.09995191502473409
17,0.5372359487763815,75.86433664859537,24,0.18283510806308825,0.35242961279892443,0.09997205347627075
17,0.5372359487763815,75.86433664859537,25,0.18282595697979787,0.35242934999018094,0.09998150562933415
17,0.5372359487763815,75.86433664859537,26,0.18282155996427343,0.3524292013734274,0.09998585777689756
17,0.5372359487763815,75.86433664859537,27,0.18281949334662792,0.3524291258454721,0.09998790967709169
17,0.5372359487763815,75.86433664859537,28,0.1828185018143699,0.35242910634427327,0.09998887686001023
17,0.5372359487763815,75.86433664859537,29,0.18281801243553802,0.3524291176558329,0.0999893326606411
17,0.5372359487763815,75.86433664859537,30,0.18281759717380794,0.3524292433135286,0.09998961379434587
18,0.5372359487763815,73.2385334074302,1,0.029138289679993285,-0.33753451191100886,0.48106365652377714
18,0.5372359487763815,73.2385334074302,2,-0.287212511963849,-0.2833515289101869,0.7196550642656049
18,0.5372359487763815,73.2385334074302,3,-0.36397815890519075,-0.18924344833256554,0.8719126184053549
18,0.5372359487763815,73.2385334074302,4,-0.3190974279783675,-0.13190755574007676,0.832722546968913
18,0.5372359487763815,73.2385334074302,5,-0.2660431128811914,-0.07695140826790402,0.7773813432099955
18,0.5372359487763815,73.2385334074302,6,-0.2132756438864978,-0.02229238943985703,0.7083114404316707
18,0.5372359487763815,73.2385334074302,7,-0.16081194379918046,0.03205197130918821,0.625613530327368
18,0.5372359487763815,73.2385334074302,8,-0.10867040689776158,0.08606262032296906,0.5294002885693168
18,0.5372359487763815,73.2385334074302,9,-0.05687034058768093,0.1397195580855422,0.4197965903729948
18,0.5372359487763815,73.2385334074302,10,-0.005431534881226438,0.1930022851741598,0.29693943097048625
18,0.5372359487763815,73.2385334074302,11,0.04562606810223026,0.2458901446064239,0.16097764728145816
18,0.5372359487763815,73.2385334074302,12,0.07571722404441769,0.28487839710997226,0.15219497605780516
18,0.5372359487763815,73.2385334074302,13,0.09928417215355573,0.31632571785931785,0.18369311154364304
18,0.5372359487763815,73.2385334074302,14,0.12314348542276735,0.3447390060210944,0.200412349847798
18,0.5372359487763815,73.2385334074302,15,0.14719444643173177,0.3576388852168248,0.2000523643752184
18,0.5372359487763815,73.2385334074302,16,0.1675546377649759,0.35234291318261735,0.1829172611556768
18,0.5372359487763815,73.2385334074302,17,0.17717417736425425,0.34914818420900945,0.15448747668440468
18,0.5372359487763815,73.2385334074302,18,0.1776675025185138,0.34821348199059304,0.12009685556777665
18,0.5372359487763815,73.2385334074302,19,0.17572429237986636,0.350474266897064,0.09968083367093715
18,0.5372359487763815,73.2385334074302,20,0.17319480001292778,0.3506852140683203,0.10236837054769804
18,0.5372359487763815,73.2385334074302,21,0.17088586212796583,0.3508998590034216,0.09937206997766472
18,0.5372359487763815,73.2385334074302,22,0.17069602974955356,0.35074993627322143,0.09974735399765745
18,0.5372359487763815,73.2385334074302,23,0.17055524704837954,0.3505615333892074,0.09987568049346443
18,0.5372359487763815,73.2385334074302,24,0.17053396400292276,0.3505230512268394,0.09993604790788033
18,0.5372359487763815,73.2385334074302,25,0.17052393582315215,0.3505049447357447,0.09996453937302946
18,0.5372359487763815,73.2385334074302,26,0.17051920056035008,0.3504967356960789,0.09997798200631021
18,0.5372359487763815,73.2385334074302,27,0.17051697179462844,0.35049289466134326,0.09998432637687527
18,0.5372359487763815,73.2385334074302,28,0.17051591057923401,0.35049132699959756,0.09998732133882456
18,0.5372359487763815,73.2385334074302,29,0.17051541690995412,0.35049045257866657,0.0999887356887302
18,0.5372359487763815,73.2385334074302,30,0.1705151843744076,0.35049009648197943,0.09998940342103323
19,0.5323660261491746,73.12516118830051,1,0.02916108233210736,-0.33794068647524866,0.4811730652513983
19,0.5323660261491746,73.12516118830051,2,-0.28709711463321563,-0.2838956507181909,0.7198305946249445
19,0.5323660261491746,73.12516118830051,3,-0.36082839060496363,-0.18886036346551283,0.8685796775167719
19,0.5323660261491746,73.12516118830051,4,-0.3218053811907501,-0.12498844926386682,0.8319516373619116
19,0.5323660261491746,73.12516118830051,5,-0.2754130798113812,-0.06296888894033861,0.7806449452423914
19,0.5323660261491746,73.12516118830051,6,-0.22926862456564245,-0.0012806617858620508,0.7155840027277761
19,0.5323660261491746,73.12516118830051,7,-0.18338615652952467,0.06005732769839834,0.6368662949654381
19,0.5323660261491746,73.12516118830051,8,-0.13778127809197616,0.1210242214546657,0.5446010856639684
19,0.5323660261491746,73.12516118830051,9,-0.09247053138906043,0.18159790512398447,0.43890975822959166
19,0.5323660261491746,73.12516118830051,10,-0.04747099262437444,0.24175555037907656,0.3199258226898032
19,0.5323660261491746,73.12516118830051,11,-0.0027999595505952732,0.3014740327147175,0.18779469707951713
19,0.5323660261491746,73.12516118830051,12,0.040809793218304705,0.3411462181413388,0.12113696358241852
19,0.5323660261491746,73.12516118830051,13,0.07709745986319212,0.33004293029114035,0.13045290737438955
19,0.5323660261491746,73.12516118830051,14,0.11172563245014211,0.3190831162134902,0.13196014012976606
19,0.5323660261491746,73.12516118830051,15,0.14350503859832447,0.3079431693211653,0.13060332412641276
19,0.5323660261491746,73.12516118830051,16,0.17157818753288046,0.2966768818098044,0.12064004715168535
19,0.5323660261491746,73.12516118830051,17,0.17901993869085167,0.2877430612521851,0.10569766198191233
19,0.5323660261491746,73.12516118830051,18,0.18018209429776086,0.281706532405682,0.09988208419382626
19,0.5323660261491746,73.12516118830051,19,0.17799166945487696,0.27662539712091566,0.09969837327943228
19,0.5323660261491746,73.12516118830051,20,0.17603289293294982,0.2734661321874522,0.09906791180199627
19,0.5323660261491746,73.12516118830051,21,0.17561277803391867,0.27281953352639615,0.09955509800668091
19,0.5323660261491746,73.12516118830051,22,0.17573683936772816,0.27288973633932745,0.09978478343668415
19,0.5323660261491746,73.12516118830051,23,0.1757949842756361,0.27292262491524266,0.0998931524392688
19,0.5323660261491746,73.12516118830051,24,0.17582218948419912,0.27293788289398635,0.09994430200996762
19,0.5323660261491746,73.12516118830051,25,0.17583484187871598,0.27294484867912294,0.09996844861748042
19,0.5323660261491746,73.12516118830051,26,0.17584054690704073,0.2729480506769612,0.09997984730745162
19,0.5323660261491746,73.12516118830051,27,0.17584289214694238,0.2729497566616618,0.09998522363064716
19,0.5323660261491746,73.12516118830051,28,0.17584356434278162,0.2729511139889572,0.09998755162299364
19,0.5323660261491746,73.12516118830051,29,0.17584323659394388,0.2729525238774944,0.09998864994685706
19,0.5323660261491746,73.12516118830051,30,0.1758435234409467,0.27295267782851645,0.09998916694377773
20,0.5372359487763815,73.23476513869883,1,0.029138289679993285,-0.33753451191100886,0.48106365652377714
20,0.5372359487763815,73.23476513869883,2,-0.287212511963849,-0.2833515289101869,0.7196550642656049
20,0.5372359487763815,73.23476513869883,3,-0.36397815890519075,-0.18924344833256554,0.8719126184053549
20,0.5372359487763815,73.23476513869883,4,-0.3190974279783675,-0.13190755574007676,0.832722546968913
20,0.5372359487763815,73.23476513869883,5,-0.2660431128811914,-0.07695140826790402,0.7773813432099955
20,0.5372359487763815,73.23476513869883,6,-0.2132756438864978,-0.02229238943985703,0.7083114404316707
20,0.5372359487763815,73.23476513869883,7,-0.16081194379918046,0.03205197130918821,0.625613530327368
20,0.5372359487763815,73.23476513869883,8,-0.10867040689776158,0.08606262032296906,0.5294002885693168
20,0.5372359487763815,73.23476513869883,9,-0.05687034058768093,0.1397195580855422,0.4197965903729948
20,0.5372359487763815,73.23476513869883,10,-0.005431534881226438,0.1930022851741598,0.29693943097048625
20,0.5372359487763815,73.23476513869883,11,0.04562606810223026,0.2458901446064239,0.16097764728145816
20,0.5372359487763815,73.23476513869883,12,0.07571722404441769,0.28487839710997226,0.15219497605780516
20,0.5372359487763815,73.23476513869883,13,0.09928417215355573,0.31632571785931785,0.18369311154364304
20,0.5372359487763815,73.23476513869883,14,0.12314348542276735,0.3447390060210944,0.200412349847798
20,0.5372359487763815,73.23476513869883,15,0.14719443154306028,0.3576388169195537,0.20005235576469438
20,0.5372359487763815,73.23476513869883,16,0.16755455596427019,0.35234253802017695,0.18291721386681825
20,0.5372359487763815,73.23476513869883,17,0.17717469095681732,0.3491469617128073,0.15448776820875793
20,0.5372359487763815,73.23476513869883,18,0.17765546270065338,0.34824232312352554,0.12010423340994202
20,0.5372359487763815,73.23476513869883,19,0.17558933254018336,0.3507229817173764,0.09995154847395292
20,0.5372359487763815,73.23476513869883,20,0.17309927432582764,0.3511893980278546,0.10234399230846741
20,0.5372359487763815,73.23476513869883,21,0.17107411016548668,0.351701457574874,0.1000257524751224
20,0.5372359487763815,73.23476513869883,22,0.17081167179203882,0.3516564195591454,0.0999334250085646
20,0.5372359487763815,73.23476513869883,23,0.17078185125757642,0.35165475397095397,0.09996329166785066
20,0.5372359487763815,73.23476513869883,24,0.170767774929568,0.3516539656010338,0.09997739027316987
20,0.5372359487763815,73.23476513869883,25,0.17076112988544648,0.35165359278462527,0.09998404637958143
20,0.5372359487763815,73.23476513869883,26,0.17075799236179798,0.35165341665287864,0.09998718897644725
20,0.5372359487763815,73.23476513869883,27,0.1707565109402779,0.3516533334787542,0.09998867275365428
20,0.5372359487763815,73.23476513869883,28,0.17075581147172428,0.35165329420270103,0.0999893733278484
20,0.5372359487763815,73.23476513869883,29,0.17075548121043513,0.3516532756569544,0.09998970411013464
20,0.5372359487763815,73.23476513869883,30,0.1707553252740157,0.35165326690011206,0.09998986029235166
