particle,elasticity,weight,frame,x,y,z
1,0.6097662674616782,69.51077728714591,1,-0.38592525375686865,0.07501096524172612,0.5519946225920721
1,0.6097662674616782,69.51077728714591,2,-0.24745279974610102,-0.0989277706584169,0.5754548942301575
1,0.6097662674616782,69.51077728714591,3,-0.11041128773165909,-0.27106906428915395,0.5846746304763987
1,0.6097662674616782,69.51077728714591,4,0.03266273483729269,-0.367673065970268,0.5844691835927501
1,0.6097662674616782,69.51077728714591,5,0.168794514472085,-0.3113464895188275,0.577020506344388
1,0.6097662674616782,69.51077728714591,6,0.2996270344696771,-0.23830760477588242,0.5558841912094188
1,0.6097662674616782,69.51077728714591,7,0.3409874043400782,-0.17736216432468727,0.5339413017169511
1,0.6097662674616782,69.51077728714591,8,0.2973307769695407,-0.1294545230211559,0.5081765183146301
1,0.6097662674616782,69.51077728714591,9,0.25386557269778653,-0.08175694442072545,0.4684901770854379
1,0.6097662674616782,69.51077728714591,10,0.2106028195759841,-0.03428153041837661,0.41495603908402146
1,0.6097662674616782,69.51077728714591,11,0.16755616824812383,0.012956739126124758,0.3476589007054099
1,0.6097662674616782,69.51077728714591,12,0.12474103083881516,0.05994095135024254,0.26669577891375784
1,0.6097662674616782,69.51077728714591,13,0.0821739203184069,0.10665298535211197,0.1721764106283636
1,0.6097662674616782,69.51077728714591,14,0.029560679080287103,0.16449556179945538,0.14823249461687923
1,0.6097662674616782,69.51077728714591,15,-0.024712994066928427,0.22445774888565553,0.13963987148933946
1,0.6097662674616782,69.51077728714591,16,-0.07060775037114736,0.2773604734469323,0.15939719038607517
1,0.6097662674616782,69.51077728714591,17,-0.11630296133657257,0.3300331827963247,0.16503302991442806
1,0.6097662674616782,69.51077728714591,18,-0.15352254434134355,0.3492887982000151,0.15624001395625864
1,0.6097662674616782,69.51077728714591,19,-0.1837931420942224,0.3413692924199316,0.1335742094068632
1,0.6097662674616782,69.51077728714591,20,-0.18679477817267146,0.3289217286515237,0.11843191626419536
1,0.6097662674616782,69.51077728714591,21,-0.18027451590624854,0.3150847846218509,0.09973112243182115
1,0.6097662674616782,69.51077728714591,22,-0.1725603745871627,0.3077485033756359,0.10286718023091504
1,0.6097662674616782,69.51077728714591,23,-0.16540585535700816,0.3017000064289718,0.1002187900054818
1,0.6097662674616782,69.51077728714591,24,-0.15954951670802603,0.29809512943389793,0.09985291280105209
1,0.6097662674616782,69.51077728714591,25,-0.15678711291254355,0.29544781095601086,0.09940567029655953
1,0.6097662674616782,69.51077728714591,26,-0.15609079962563624,0.29520415894514984,0.09971419924984422
1,0.6097662674616782,69.51077728714591,27,-0.15617504092921827,0.29540200349677986,0.0998599765097267
1,0.6097662674616782,69.51077728714591,28,-0.15618297885538243,0.2954700758046993,0.09992862970503658
1,0.6097662674616782,69.51077728714591,29,-0.15618671175798046,0.29550222888714994,0.09996102821004733
1,0.6097662674616782,69.51077728714591,30,-0.15618847233700203,0.29551741275502663,0.0999763217526758
2,0.6097662674616782,69.51074951164875,1,-0.38592525375686865,0.07501096524172612,0.5519946225920721
2,0.6097662674616782,69.51074951164875,2,-0.24745279974610102,-0.0989277706584169,0.5754548942301575
2,0.6097662674616782,69.51074951164875,3,-0.11041128773165909,-0.27106906428915395,0.5846746304763987
2,0.6097662674616782,69.51074951164875,4,0.03266273483729269,-0.367673065970268,0.5844691835927501
2,0.6097662674616782,69.51074951164875,5,0.168794514472085,-0.3113464895188275,0.577020506344388
2,0.6097662674616782,69.51074951164875,6,0.2996270344696771,-0.23830760477588242,0.5558841912094188
2,0.6097662674616782,69.51074951164875,7,0.3409874043400782,-0.17736216432468727,0.5339413017169511
2,0.6097662674616782,69.51074951164875,8,0.2973307769695407,-0.1294545230211559,0.5081765183146301
2,0.6097662674616782,69.51074951164875,9,0.25386557269778653,-0.08175694442072545,0.4684901770854379
2,0.6097662674616782,69.51074951164875,10,0.2106028195759841,-0.03428153041837661,0.41495603908402146
2,0.6097662674616782,69.51074951164875,11,0.16755616824812383,0.012956739126124758,0.3476589007054099
2,0.6097662674616782,69.51074951164875,12,0.12474103083881516,0.05994095135024254,0.26669577891375784
2,0.6097662674616782,69.51074951164875,13,0.0821739203184069,0.10665298535211197,0.1721764106283636
2,0.6097662674616782,69.51074951164875,14,0.029560679080287103,0.16449556179945538,0.14823249461687923
2,0.6097662674616782,69.51074951164875,15,-0.024712994066928427,0.22445774888565553,0.13963987148933946
2,0.6097662674616782,69.51074951164875,16,-0.07060775037114736,0.2773604734469323,0.15939719038607517
2,0.6097662674616782,69.51074951164875,17,-0.11630296133657257,0.3300331827963247,0.16503302991442806
2,0.6097662674616782,69.51074951164875,18,-0.15352254434173604,0.34928879820157366,0.15624001395642087
2,0.6097662674616782,69.51074951164875,19,-0.18379314209661926,0.34136929242857333,0.13357420940673553
2,0.6097662674616782,69.51074951164875,20,-0.18679433711158777,0.3289212495820663,0.11843283476876511
2,0.6097662674616782,69.51074951164875,21,-0.18027444563971415,0.315084176074183,0.09973210729366408
2,0.6097662674616782,69.51074951164875,22,-0.1725602716642058,0.3077476905420608,0.1028671923763551
2,0.6097662674616782,69.51074951164875,23,-0.16540591197835244,0.30169897197926765,0.10021862925903091
2,0.6097662674616782,69.51074951164875,24,-0.1595495689095257,0.29809411425075427,0.09985311011458377
2,0.6097662674616782,69.51074951164875,25,-0.15678710335588605,0.2954468846151674,0.09940583264755097
2,0.6097662674616782,69.51074951164875,26,-0.15609092059699348,0.2952032849622971,0.09971427430146072
2,0.6097662674616782,69.51074951164875,27,-0.15617519023070459,0.295401079056342,0.09986000630298567
2,0.6097662674616782,69.51074951164875,28,-0.15618312822006408,0.29546913083820653,0.09992864326979432
2,0.6097662674616782,69.51074951164875,29,-0.15618686057193434,0.295501276619744,0.09996103468432929
2,0.6097662674616782,69.51074951164875,30,-0.1561886204621038,0.29551645720430253,0.0999763248133348
3,0.6108603839019743,72.8079298591662,1,-0.38592525375686865,0.07501096524172612,0.5519946225920721
3,0.6108603839019743,72.8079298591662,2,-0.24725795164646475,-0.09888053343804998,0.5754417975164268
3,0.6108603839019743,72.8079298591662,3,-0.11002405833471261,-0.2709745095553702,0.5846485162175619
3,0.6108603839019743,72.8079298591662,4,0.03320951063672402,-0.3676025167122905,0.5844370897927604
3,0.6108603839019743,72.8079298591662,5,0.16942550756387192,-0.3112458391716348,0.5769952801845901
3,0.6108603839019743,72.8079298591662,6,0.30033098822217486,-0.23813671178366186,0.555867020053118
3,0.6108603839019743,72.8079298591662,7,0.3411542360645405,-0.1771449531275121,0.5339457355797236
3,0.6108603839019743,72.8079298591662,8,0.29634378912149417,-0.12924098038699688,0.508178208923
3,0.6108603839019743,72.8079298591662,9,0.2517310710387884,-0.08154838688016357,0.4684900215531162
3,0.6108603839019743,72.8079298591662,10,0.20732727084362587,-0.03407913407784492,0.41495519512506646
3,0.6108603839019743,72.8079298591662,11,0.1631462687044661,0.013151939622735209,0.3476587077676751
3,0.6108603839019743,72.8079298591662,12,0.11920376242603584,0.0601280527060818,0.26669769511645325
3,0.6108603839019743,72.8079298591662,13,0.07551659301726045,0.10683120153046566,0.17218196558878585
3,0.6108603839019743,72.8079298591662,14,0.0253031299927848,0.1660399716579363,0.15256657406186006
3,0.6108603839019743,72.8079298591662,15,-0.026601419980053206,0.22860616866979275,0.1442091941186717
3,0.6108603839019743,72.8079298591662,16,-0.07022838042709839,0.2847322584768861,0.16232801279554235
3,0.6108603839019743,72.8079298591662,17,-0.11266223618130596,0.3398459869292959,0.17138030710375077
3,0.6108603839019743,72.8079298591662,18,-0.14224387327851937,0.342915500985464,0.16873744693528295
3,0.6108603839019743,72.8079298591662,19,-0.16838577401804972,0.3319653282757288,0.1529900303036277
3,0.6108603839019743,72.8079298591662,20,-0.18846041628027915,0.32186853397011744,0.13940577068364077
3,0.6108603839019743,72.8079298591662,21,-0.18533969688388038,0.3166045378723646,0.14163958836797944
3,0.6108603839019743,72.8079298591662,22,-0.18491080616063224,0.311844362033062,0.14138606211616037
3,0.6108603839019743,72.8079298591662,23,-0.18539588301248056,0.30716854129646814,0.14129910758971123
3,0.6108603839019743,72.8079298591662,24,-0.1859084898912311,0.30210217271659145,0.14101920919916272
3,0.6108603839019743,72.8079298591662,25,-0.18648570707380788,0.296278300886243,0.1404608448251525
3,0.6108603839019743,72.8079298591662,26,-0.18717740629808896,0.2892884991838922,0.1394637596582766
3,0.6108603839019743,72.8079298591662,27,-0.1880302999753395,0.2806697913953526,0.13773355549500502
3,0.6108603839019743,72.8079298591662,28,-0.1890950261695446,0.26991045966405486,0.1347671853551464
3,0.6108603839019743,72.8079298591662,29,-0.190420271168013,0.256530879610097,0.12970352263403767
3,0.6108603839019743,72.8079298591662,30,-0.1920036335609826,0.24066335506731001,0.12075537837263535
4,0.5588822459087937,60.63575209289156,1,-0.38592525375686865,0.07501096524172612,0.5519946225920721
4,0.5588822459087937,60.63575209289156,2,-0.25651573379003834,-0.10112407417506823,0.576064729406555
4,0.5588822459087937,60.63575209289156,3,-0.12842467696030627,-0.27546459679988383,0.5858905888323841
4,0.5588822459087937,60.63575209289156,4,0.007177857853768207,-0.3710014662881538,0.5859622207675163
4,0.5588822459087937,60.63575209289156,5,0.1392721592717643,-0.3161322393815266,0.5782248564342436
4,0.5588822459087937,60.63575209289156,6,0.26658832599989873,-0.24640174503497797,0.5567539371765764
4,0.5588822459087937,60.63575209289156,7,0.3523322008735199,-0.18459617741337478,0.528311294769855
4,0.5588822459087937,60.63575209289156,8,0.2956397760897469,-0.14902120235387034,0.5100482700851969
4,0.5588822459087937,60.63575209289156,9,0.23919369588738273,-0.11360081059845087,0.4778296990440349
4,0.5588822459087937,60.63575209289156,10,0.18300550037280902,-0.07834224366127411,0.43172501770854016
4,0.5588822459087937,60.63575209289156,11,0.12709078559676978,-0.043255288195819135,0.3718134508440223
4,0.5588822459087937,60.63575209289156,12,0.07146801264175624,-0.008351528687168397,0.29818573145029104
4,0.5588822459087937,60.63575209289156,13,0.01615753406659592,0.026356263462229763,0.21094497153910208
4,0.5588822459087937,60.63575209289156,14,-0.03992383513729821,0.0620070207584421,0.11659249521508538
4,0.5588822459087937,60.63575209289156,15,-0.09088344374518098,0.10872923953967334,0.12434255874760172
4,0.5588822459087937,60.63575209289156,16,-0.13698908749677827,0.15332723795405373,0.1383858495240761
4,0.5588822459087937,60.63575209289156,17,-0.18202243491701567,0.19756785775714705,0.1419419186173045
4,0.5588822459087937,60.63575209289156,18,-0.21051604847121666,0.22873233447745833,0.1379304864583599
4,0.5588822459087937,60.63575209289156,19,-0.19527854547126047,0.2226443177605774,0.14134210392869118
4,0.5588822459087937,60.63575209289156,20,-0.18172378439115075,0.2172799534321039,0.1379037263185539
4,0.5588822459087937,60.63575209289156,21,-0.16992375662061213,0.21229824738560651,0.12777443896104526
4,0.5588822459087937,60.63575209289156,22,-0.16107985896262716,0.20649167541319144,0.11649102737183231
4,0.5588822459087937,60.63575209289156,23,-0.15398302804293734,0.20009482988781907,0.10021006991121949
4,0.5588822459087937,60.63575209289156,24,-0.15042017193358756,0.1915989565225401,0.10434978107309444
4,0.5588822459087937,60.63575209289156,25,-0.1476348259370023,0.18459499757746578,0.10146286809417544
4,0.5588822459087937,60.63575209289156,26,-0.14449638409019633,0.18024228219601765,0.09977758387166
4,0.5588822459087937,60.63575209289156,27,-0.14245239921300473,0.17792161477262639,0.09892380284060259
4,0.5588822459087937,60.63575209289156,28,-0.14229304417234406,0.17767583400129386,0.09948668624640603
4,0.5588822459087937,60.63575209289156,29,-0.14225791838433516,0.17760178820483816,0.0997524211113356
4,0.5588822459087937,60.63575209289156,30,-0.14224139479887468,0.1775669989485332,0.09987786356378511
5,0.6108603839019743,72.80787452129776,1,-0.38592525375686865,0.07501096524172612,0.5519946225920721
5,0.6108603839019743,72.80787452129776,2,-0.24725795164646475,-0.09888053343804998,0.5754417975164268
5,0.6108603839019743,72.80787452129776,3,-0.11002405833471261,-0.2709745095553702,0.5846485162175619
5,0.6108603839019743,72.80787452129776,4,0.03320951063672402,-0.3676025167122905,0.5844370897927604
5,0.6108603839019743,72.80787452129776,5,0.16942550756387192,-0.3112458391716348,0.5769952801845901
5,0.6108603839019743,72.80787452129776,6,0.30033098822217486,-0.23813671178366186,0.555867020053118
5,0.6108603839019743,72.80787452129776,7,0.3411542360645405,-0.1771449531275121,0.5339457355797236
5,0.6108603839019743,72.80787452129776,8,0.29634378912149417,-0.12924098038699688,0.508178208923
5,0.6108603839019743,72.80787452129776,9,0.2517310710387884,-0.08154838688016357,0.4684900215531162
5,0.6108603839019743,72.80787452129776,10,0.20732727084362587,-0.03407913407784492,0.41495519512506646
5,0.6108603839019743,72.80787452129776,11,0.1631462687044661,0.013151939622735209,0.3476587077676751
5,0.6108603839019743,72.80787452129776,12,0.11920376242603584,0.0601280527060818,0.26669769511645325
5,0.6108603839019743,72.80787452129776,13,0.07551659301726045,0.10683120153046566,0.17218196558878585
5,0.6108603839019743,72.80787452129776,14,0.0253031299927848,0.1660399716579363,0.15256657406186006
5,0.6108603839019743,72.80787452129776,15,-0.026601419980053206,0.22860616866979275,0.1442091941186717
5,0.6108603839019743,72.80787452129776,16,-0.07022838042709839,0.2847322584768861,0.16232801279554235
5,0.6108603839019743,72.80787452129776,17,-0.11266223618130596,0.3398459869292959,0.17138030710375077
5,0.6108603839019743,72.80787452129776,18,-0.14224387327851937,0.342915500985464,0.16873744693528295
5,0.6108603839019743,72.80787452129776,19,-0.16838577401804972,0.3319653282757288,0.1529900303036277
5,0.6108603839019743,72.80787452129776,20,-0.18846775934204832,0.3218684958622512,0.13940923073656292
5,0.6108603839019743,72.80787452129776,21,-0.18539996100311493,0.3165942132149509,0.1416298287375085
5,0.6108603839019743,72.80787452129776,22,-0.18500855267296365,0.31183292765903087,0.14138707347128274
5,0.6108603839019743,72.80787452129776,23,-0.1854921220494888,0.3071540049621324,0.14130028728324573
5,0.6108603839019743,72.80787452129776,24,-0.18600329927704426,0.3020858904454161,0.14102070970078764
5,0.6108603839019743,72.80787452129776,25,-0.186578709360802,0.2962614522911906,0.1404627260566162
5,0.6108603839019743,72.80787452129776,26,-0.18726860994684652,0.28927222076364556,0.13946659103482767
5,0.6108603839019743,72.80787452129776,27,-0.18811925862817705,0.28065515712343114,0.13773792367546112
5,0.6108603839019743,72.80787452129776,28,-0.1891812313739714,0.2698985098506253,0.1347741076594981
5,0.6108603839019743,72.80787452129776,29,-0.19050189148001634,0.2565231807439284,0.1297140458858468
5,0.6108603839019743,72.80787452129776,30,-0.19208026997841757,0.24066009107578404,0.12077196024443718
6,0.5604963515365684,52.83800898281809,1,-0.38592525375686865,0.07501096524172612,0.5519946225920721
6,0.5604963515365684,52.83800898281809,2,-0.2562282245919909,-0.10105441624665251,0.5760453947330708
6,0.5604963515365684,52.83800898281809,3,-0.12785316018881962,-0.27532521360629103,0.5858520379908492
6,0.5604963515365684,52.83800898281809,4,0.00798793378807369,-0.3708944888157101,0.585914439902909
6,0.5604963515365684,52.83800898281809,5,0.14021413967283197,-0.31597790143634524,0.5781847530818035
6,0.5604963515365684,52.83800898281809,6,0.26764579902815006,-0.24614194466727687,0.556722845114473
6,0.5604963515365684,52.83800898281809,7,0.35314802469956735,-0.1841898420847767,0.5284612047278439
6,0.5604963515365684,52.83800898281809,8,0.2949745206716489,-0.14832272872929503,0.5109792404088414
6,0.5604963515365684,52.83800898281809,9,0.23705626185594636,-0.11261298786001583,0.4795393206404743
6,0.5604963515365684,52.83800898281809,10,0.17940454354775684,-0.07706758363774713,0.43421096887009186
6,0.5604963515365684,52.83800898281809,11,0.12203486707293137,-0.0416960734687471,0.3750732213804184
6,0.5604963515365684,52.83800898281809,12,0.06496574324115709,-0.006509870268920392,0.3022164217963556
6,0.5604963515365684,52.83800898281809,13,0.00821769676585435,0.02847837136519218,0.21574315898047455
6,0.5604963515365684,52.83800898281809,14,-0.048837441408181664,0.06455178809541669,0.12157000390240709
6,0.5604963515365684,52.83800898281809,15,-0.09821395571264244,0.11209494658969159,0.11941517717659561
6,0.5604963515365684,52.83800898281809,16,-0.14168939193139193,0.1577543016118251,0.12890367665126953
6,0.5604963515365684,52.83800898281809,17,-0.18385575868911966,0.20236493960610089,0.13045888661626037
6,0.5604963515365684,52.83800898281809,18,-0.20450397343700785,0.22665490286463474,0.13013651316205282
6,0.5604963515365684,52.83800898281809,19,-0.18694256054719258,0.21467726732600795,0.12689692674335143
6,0.5604963515365684,52.83800898281809,20,-0.17168428919012924,0.20288872990807355,0.1187556622133169
6,0.5604963515365684,52.83800898281809,21,-0.1582009814475955,0.19084025044746883,0.10367003033369453
6,0.5604963515365684,52.83800898281809,22,-0.14860342583147162,0.1790205203381512,0.10528403090174104
6,0.5604963515365684,52.83800898281809,23,-0.14046968079210065,0.16841722958078587,0.10581106576873678
6,0.5604963515365684,52.83800898281809,24,-0.13363969838582354,0.15906878821629744,0.0996855810857393
6,0.5604963515365684,52.83800898281809,25,-0.1304973745008116,0.15293183085682546,0.09970366141852773
6,0.5604963515365684,52.83800898281809,26,-0.12835035779823745,0.14988994835427924,0.09944348124955023
6,0.5604963515365684,52.83800898281809,27,-0.1279785744029024,0.1495251282238985,0.09973206466403524
6,0.5604963515365684,52.83800898281809,28,-0.12809321031766313,0.14951314344813516,0.09986825390793154
6,0.5604963515365684,52.83800898281809,29,-0.1281198938731693,0.14951713715004603,0.09993254365179208
6,0.5604963515365684,52.83800898281809,30,-0.12811152559658043,0.14952648676581573,0.09996290607915474
7,0.6097662674616782,69.44562503106688,1,-0.38592525375686865,0.07501096524172612,0.5519946225920721
7,0.6097662674616782,69.44562503106688,2,-0.24745279974610102,-0.0989277706584169,0.5754548942301575
7,0.6097662674616782,69.44562503106688,3,-0.11041128773165909,-0.27106906428915395,0.5846746304763987
7,0.6097662674616782,69.44562503106688,4,0.03266273483729269,-0.367673065970268,0.5844691835927501
7,0.6097662674616782,69.44562503106688,5,0.168794514472085,-0.3113464895188275,0.577020506344388
7,0.6097662674616782,69.44562503106688,6,0.2996270344696771,-0.23830760477588242,0.5558841912094188
7,0.6097662674616782,69.44562503106688,7,0.3409874043400782,-0.17736216432468727,0.5339413017169511
7,0.6097662674616782,69.44562503106688,8,0.2973307769695407,-0.1294545230211559,0.5081765183146301
7,0.6097662674616782,69.44562503106688,9,0.25386557269778653,-0.08175694442072545,0.4684901770854379
7,0.6097662674616782,69.44562503106688,10,0.2106028195759841,-0.03428153041837661,0.41495603908402146
7,0.6097662674616782,69.44562503106688,11,0.16755616824812383,0.012956739126124758,0.3476589007054099
7,0.6097662674616782,69.44562503106688,12,0.12474103083881516,0.05994095135024254,0.26669577891375784
7,0.6097662674616782,69.44562503106688,13,0.0821739203184069,0.10665298535211197,0.1721764106283636
7,0.6097662674616782,69.44562503106688,14,0.029560679080287103,0.16449556179945538,0.14823249461687923
7,0.6097662674616782,69.44562503106688,15,-0.024712994066928427,0.22445774888565553,0.13963987148933946
7,0.6097662674616782,69.44562503106688,16,-0.07060775037114736,0.2773604734469323,0.15939719038607517
7,0.6097662674616782,69.44562503106688,17,-0.11630296133657257,0.3300331827963247,0.16503302991442806
7,0.6097662674616782,69.44562503106688,18,-0.15352256396241457,0.3492888761145612,0.15624002206736676
7,0.6097662674616782,69.44562503106688,19,-0.1837932619977567,0.341369724474673,0.13357420263698694
7,0.6097662674616782,69.44562503106688,20,-0.18686809779129757,0.3289354403947398,0.11625194634422137
7,0.6097662674616782,69.44562503106688,21,-0.18052464238661825,0.31551422369703236,0.099215452691799
7,0.6097662674616782,69.44562503106688,22,-0.17305113206546585,0.30801372566676694,0.10294676278027995
7,0.6097662674616782,69.44562503106688,23,-0.16625163578199537,0.30161614851547974,0.10042442167619772
7,0.6097662674616782,69.44562503106688,24,-0.16072301040911086,0.29755282525521143,0.0997122011584922
7,0.6097662674616782,69.44562503106688,25,-0.15810364471398694,0.29524889101717106,0.09971869865784015
7,0.6097662674616782,69.44562503106688,26,-0.1577899661137147,0.2948641432006288,0.09986192279274327
7,0.6097662674616782,69.44562503106688,27,-0.1577837796094551,0.29491450152941856,0.09992954070701796
7,0.6097662674616782,69.44562503106688,28,-0.15778085689262858,0.294938275964327,0.09996145711349533
7,0.6097662674616782,69.44562503106688,29,-0.15777947782339222,0.2949495003386705,0.0999765246245529
7,0.6097662674616782,69.44562503106688,30,-0.15777882786009328,0.2949547986304389,0.0999836384361494
8,0.6108603839019743,72.80566678507448,1,-0.38592525375686865,0.07501096524172612,0.5519946225920721
8,0.6108603839019743,72.80566678507448,2,-0.24725795164646475,-0.09888053343804998,0.5754417975164268
8,0.6108603839019743,72.80566678507448,3,-0.11002405833471261,-0.2709745095553702,0.5846485162175619
8,0.6108603839019743,72.80566678507448,4,0.03320951063672402,-0.3676025167122905,0.5844370897927604
8,0.6108603839019743,72.80566678507448,5,0.16942550756387192,-0.3112458391716348,0.5769952801845901
8,0.6108603839019743,72.80566678507448,6,0.30033098822217486,-0.23813671178366186,0.555867020053118
8,0.6108603839019743,72.80566678507448,7,0.3411542360645405,-0.1771449531275121,0.5339457355797236
8,0.6108603839019743,72.80566678507448,8,0.29634378912149417,-0.12924098038699688,0.508178208923
8,0.6108603839019743,72.80566678507448,9,0.2517310710387884,-0.08154838688016357,0.4684900215531162
8,0.6108603839019743,72.80566678507448,10,0.20732727084362587,-0.03407913407784492,0.41495519512506646
8,0.6108603839019743,72.80566678507448,11,0.1631462687044661,0.013151939622735209,0.3476587077676751
8,0.6108603839019743,72.80566678507448,12,0.11920376242603584,0.0601280527060818,0.26669769511645325
8,0.6108603839019743,72.80566678507448,13,0.07551659301726045,0.10683120153046566,0.17218196558878585
8,0.6108603839019743,72.80566678507448,14,0.0253031299927848,0.1660399716579363,0.15256657406186006
8,0.6108603839019743,72.80566678507448,15,-0.026601419980053206,0.22860616866979275,0.1442091941186717
8,0.6108603839019743,72.80566678507448,16,-0.07022838042709839,0.2847322584768861,0.16232801279554235
8,0.6108603839019743,72.80566678507448,17,-0.11266223618130596,0.3398459869292959,0.17138030710375077
8,0.6108603839019743,72.80566678507448,18,-0.14224387327851937,0.342915500985464,0.16873744693528295
8,0.6108603839019743,72.80566678507448,19,-0.16838577401804972,0.3319653282757288,0.1529900303036277
8,0.6108603839019743,72.80566678507448,20,-0.1884596154050918,0.3218685806805587,0.1394057252178976
8,0.6108603839019743,72.80566678507448,21,-0.18535375400823173,0.31660280974722255,0.1416418056386517
8,0.6108603839019743,72.80566678507448,22,-0.18493330947912326,0.31183994902221746,0.14138689249897873
8,0.6108603839019743,72.80566678507448,23,-0.18541834043632685,0.30715942749360464,0.14129903493157278
8,0.6108603839019743,72.80566678507448,24,-0.1859313038416522,0.30208735859391167,0.14101797247145656
8,0.6108603839019743,72.80566678507448,25,-0.18650898246530356,0.2962563824673976,0.14045767886819363
8,0.6108603839019743,72.80566678507448,26,-0.18720174583891475,0.2892576874867281,0.13945770411201872
8,0.6108603839019743,72.80566678507448,27,-0.18805603620105418,0.2806278570089528,0.13772256501149702
8,0.6108603839019743,72.80566678507448,28,-0.1891225217203496,0.26985490400702483,0.13474784129025574
8,0.6108603839019743,72.80566678507448,29,-0.1904487491181874,0.2564611396881826,0.1296687660556483
8,0.6108603839019743,72.80566678507448,30,-0.19203299877213337,0.24058332841623795,0.12069136979336316
9,0.6097662674616782,69.44584441151689,1,-0.38592525375686865,0.07501096524172612,0.5519946225920721
9,0.6097662674616782,69.44584441151689,2,-0.24745279974610102,-0.0989277706584169,0.5754548942301575
9,0.6097662674616782,69.44584441151689,3,-0.11041128773165909,-0.27106906428915395,0.5846746304763987
9,0.6097662674616782,69.44584441151689,4,0.03266273483729269,-0.367673065970268,0.5844691835927501
9,0.6097662674616782,69.44584441151689,5,0.168794514472085,-0.3113464895188275,0.577020506344388
9,0.6097662674616782,69.44584441151689,6,0.2996270344696771,-0.23830760477588242,0.5558841912094188
9,0.6097662674616782,69.44584441151689,7,0.3409874043400782,-0.17736216432468727,0.5339413017169511
9,0.6097662674616782,69.44584441151689,8,0.2973307769695407,-0.1294545230211559,0.5081765183146301
9,0.6097662674616782,69.44584441151689,9,0.25386557269778653,-0.08175694442072545,0.4684901770854379
9,0.6097662674616782,69.44584441151689,10,0.2106028195759841,-0.03428153041837661,0.41495603908402146
9,0.6097662674616782,69.44584441151689,11,0.16755616824812383,0.012956739126124758,0.3476589007054099
9,0.6097662674616782,69.44584441151689,12,0.12474103083881516,0.05994095135024254,0.26669577891375784
9,0.6097662674616782,69.44584441151689,13,0.0821739203184069,0.10665298535211197,0.1721764106283636
9,0.6097662674616782,69.44584441151689,14,0.029560679080287103,0.16449556179945538,0.14823249461687923
9,0.6097662674616782,69.44584441151689,15,-0.024712994066928427,0.22445774888565553,0.13963987148933946
9,0.6097662674616782,69.44584441151689,16,-0.07060775037114736,0.2773604734469323,0.15939719038607517
9,0.6097662674616782,69.44584441151689,17,-0.11630296133657257,0.3300331827963247,0.16503302991442806
9,0.6097662674616782,69.44584441151689,18,-0.15352254435580234,0.3492887982574306,0.15624001396223586
9,0.6097662674616782,69.44584441151689,19,-0.18379314218253992,0.3413692927382925,0.13357420940205336
9,0.6097662674616782,69.44584441151689,20,-0.18686124985746388,0.328932227033207,0.11626566085237301
9,0.6097662674616782,69.44584441151689,21,-0.18052290427841844,0.31550467932799364,0.0992423361962354
9,0.6097662674616782,69.44584441151689,22,-0.1730397846133059,0.30799633255273,0.10295302699756335
9,0.6097662674616782,69.44584441151689,23,-0.16623121003278643,0.30159293659175834,0.10041725484674137
9,0.6097662674616782,69.44584441151689,24,-0.16069074631087069,0.2975360836320351,0.09972345269918527
9,0.6097662674616782,69.44584441151689,25,-0.1580639810969395,0.29523245338100795,0.09972375657834472
9,0.6097662674616782,69.44584441151689,26,-0.15774360380199726,0.29486313716014645,0.09986432340174693
9,0.6097662674616782,69.44584441151689,27,-0.15774483913163675,0.29489763222025045,0.09993067022552336
9,0.6097662674616782,69.44584441151689,28,-0.15774542201558445,0.2949138872823754,0.09996199173311031
9,0.6097662674616782,69.44584441151689,29,-0.1577457001073765,0.29492155087353433,0.09997677945886209
9,0.6097662674616782,69.44584441151689,30,-0.15774583444839713,0.2949251563999454,0.09998376133011866
10,0.6108603839019743,72.80714772696145,1,-0.38592525375686865,0.07501096524172612,0.5519946225920721
10,0.6108603839019743,72.80714772696145,2,-0.24725795164646475,-0.09888053343804998,0.5754417975164268
10,0.6108603839019743,72.80714772696145,3,-0.11002405833471261,-0.2709745095553702,0.5846485162175619
10,0.6108603839019743,72.80714772696145,4,0.03320951063672402,-0.3676025167122905,0.5844370897927604
10,0.6108603839019743,72.80714772696145,5,0.16942550756387192,-0.3112458391716348,0.5769952801845901
10,0.6108603839019743,72.80714772696145,6,0.30033098822217486,-0.23813671178366186,0.555867020053118
10,0.6108603839019743,72.80714772696145,7,0.3411542360645405,-0.1771449531275121,0.5339457355797236
10,0.6108603839019743,72.80714772696145,8,0.29634378912149417,-0.12924098038699688,0.508178208923
10,0.6108603839019743,72.80714772696145,9,0.2517310710387884,-0.08154838688016357,0.4684900215531162
10,0.6108603839019743,72.80714772696145,10,0.20732727084362587,-0.03407913407784492,0.41495519512506646
10,0.6108603839019743,72.80714772696145,11,0.1631462687044661,0.013151939622735209,0.3476587077676751
10,0.6108603839019743,72.80714772696145,12,0.11920376242603584,0.0601280527060818,0.26669769511645325
10,0.6108603839019743,72.80714772696145,13,0.07551659301726045,0.10683120153046566,0.17218196558878585
10,0.6108603839019743,72.80714772696145,14,0.0253031299927848,0.1660399716579363,0.15256657406186006
10,0.6108603839019743,72.80714772696145,15,-0.026601419980053206,0.22860616866979275,0.1442091941186717
10,0.6108603839019743,72.80714772696145,16,-0.07022838042709839,0.2847322584768861,0.16232801279554235
10,0.6108603839019743,72.80714772696145,17,-0.11266223618130596,0.3398459869292959,0.17138030710375077
10,0.6108603839019743,72.80714772696145,18,-0.14224387327851937,0.342915500985464,0.16873744693528295
10,0.6108603839019743,72.80714772696145,19,-0.16838577401804972,0.3319653282757288,0.1529900303036277
10,0.6108603839019743,72.80714772696145,20,-0.18845831168163216,0.32186849783393573,0.13940529068540514
10,0.6108603839019743,72.80714772696145,21,-0.1853475540536518,0.3166050605283915,0.14164261615406057
10,0.6108603839019743,72.80714772696145,22,-0.18492342217056668,0.31184437210427374,0.14138676861148133
10,0.6108603839019743,72.80714772696145,23,-0.1854082781038208,0.307166803280019,0.14129925045019834
10,0.6108603839019743,72.80714772696145,24,-0.18592095565990793,0.3020982254831512,0.14101875657516613
10,0.6108603839019743,72.80714772696145,25,-0.18649829972541715,0.29627151734476287,0.14045947739921757
10,0.6108603839019743,72.80714772696145,26,-0.18719053979784847,0.2892781122572119,0.13946118281333936
10,0.6108603839019743,72.80714772696145,27,-0.18804416490691764,0.2806548496802101,0.13772891994093328
10,0.6108603839019743,72.80714772696145,28,-0.18910989944962825,0.2698899110522834,0.13475907134679016
10,0.6108603839019743,72.80714772696145,29,-0.19043524394388128,0.2565050202140943,0.12968851427257436
10,0.6108603839019743,72.80714772696145,30,-0.1920187863719751,0.24063444344355694,0.12072687760295843
11,0.6097662674616782,69.44602824374574,1,-0.38592525375686865,0.07501096524172612,0.5519946225920721
11,0.6097662674616782,69.44602824374574,2,-0.24745279974610102,-0.0989277706584169,0.5754548942301575
11,0.6097662674616782,69.44602824374574,3,-0.11041128773165909,-0.27106906428915395,0.5846746304763987
11,0.6097662674616782,69.44602824374574,4,0.03266273483729269,-0.367673065970268,0.5844691835927501
11,0.6097662674616782,69.44602824374574,5,0.168794514472085,-0.3113464895188275,0.577020506344388
11,0.6097662674616782,69.44602824374574,6,0.2996270344696771,-0.23830760477588242,0.5558841912094188
11,0.6097662674616782,69.44602824374574,7,0.3409874043400782,-0.17736216432468727,0.5339413017169511
11,0.6097662674616782,69.44602824374574,8,0.2973307769695407,-0.1294545230211559,0.5081765183146301
11,0.6097662674616782,69.44602824374574,9,0.25386557269778653,-0.08175694442072545,0.4684901770854379
11,0.6097662674616782,69.44602824374574,10,0.2106028195759841,-0.03428153041837661,0.41495603908402146
11,0.6097662674616782,69.44602824374574,11,0.16755616824812383,0.012956739126124758,0.3476589007054099
11,0.6097662674616782,69.44602824374574,12,0.12474103083881516,0.05994095135024254,0.26669577891375784
11,0.6097662674616782,69.44602824374574,13,0.0821739203184069,0.10665298535211197,0.1721764106283636
11,0.6097662674616782,69.44602824374574,14,0.029560679080287103,0.16449556179945538,0.14823249461687923
11,0.6097662674616782,69.44602824374574,15,-0.024712994066928427,0.22445774888565553,0.13963987148933946
11,0.6097662674616782,69.44602824374574,16,-0.07060775037114736,0.2773604734469323,0.15939719038607517
11,0.6097662674616782,69.44602824374574,17,-0.11630296133657257,0.3300331827963247,0.16503302991442806
11,0.6097662674616782,69.44602824374574,18,-0.15352254425358683,0.3492887978515357,0.15624001391998035
11,0.6097662674616782,69.44602824374574,19,-0.1837931415581632,0.3413692904876504,0.13357420943615753
11,0.6097662674616782,69.44602824374574,20,-0.1868599352570275,0.32893216019442617,0.11626638906293565
11,0.6097662674616782,69.44602824374574,21,-0.18051431963091302,0.31550613405339656,0.09924506148598349
11,0.6097662674616782,69.44602824374574,22,-0.17302565821919624,0.3080002769246036,0.10295548652979768
11,0.6097662674616782,69.44602824374574,23,-0.16621248394915755,0.3015979962939685,0.10041896388328746
11,0.6097662674616782,69.44602824374574,24,-0.1606693129763294,0.2975404489840326,0.09972386533093626
11,0.6097662674616782,69.44602824374574,25,-0.15804027930388045,0.2952360188347828,0.0997239599197102
11,0.6097662674616782,69.44602824374574,26,-0.15771908223592115,0.294865800511245,0.09986442439777189
11,0.6097662674616782,69.44602824374574,27,-0.15772045374892496,0.29490047951224724,0.09993072130750372
11,0.6097662674616782,69.44602824374574,28,-0.15772109537518225,0.29491675077802154,0.09996201812110726
11,0.6097662674616782,69.44602824374574,29,-0.15772139612333475,0.2949243547282108,0.09997679310724793
11,0.6097662674616782,69.44602824374574,30,-0.15772154113652326,0.2949279154085433,0.09998376870273795
12,0.6108603839019743,72.80769199631374,1,-0.38592525375686865,0.07501096524172612,0.5519946225920721
12,0.6108603839019743,72.80769199631374,2,-0.24725795164646475,-0.09888053343804998,0.5754417975164268
12,0.6108603839019743,72.80769199631374,3,-0.11002405833471261,-0.2709745095553702,0.5846485162175619
12,0.6108603839019743,72.80769199631374,4,0.03320951063672402,-0.3676025167122905,0.5844370897927604
12,0.6108603839019743,72.80769199631374,5,0.16942550756387192,-0.3112458391716348,0.5769952801845901
12,0.6108603839019743,72.80769199631374,6,0.30033098822217486,-0.23813671178366186,0.555867020053118
12,0.6108603839019743,72.80769199631374,7,0.3411542360645405,-0.1771449531275121,0.5339457355797236
12,0.6108603839019743,72.80769199631374,8,0.29634378912149417,-0.12924098038699688,0.508178208923
12,0.6108603839019743,72.80769199631374,9,0.2517310710387884,-0.08154838688016357,0.4684900215531162
12,0.6108603839019743,72.80769199631374,10,0.20732727084362587,-0.03407913407784492,0.41495519512506646
12,0.6108603839019743,72.80769199631374,11,0.1631462687044661,0.013151939622735209,0.3476587077676751
12,0.6108603839019743,72.80769199631374,12,0.11920376242603584,0.0601280527060818,0.26669769511645325
12,0.6108603839019743,72.80769199631374,13,0.07551659301726045,0.10683120153046566,0.17218196558878585
12,0.6108603839019743,72.80769199631374,14,0.0253031299927848,0.1660399716579363,0.15256657406186006
12,0.6108603839019743,72.80769199631374,15,-0.026601419980053206,0.22860616866979275,0.1442091941186717
12,0.6108603839019743,72.80769199631374,16,-0.07022838042709839,0.2847322584768861,0.16232801279554235
12,0.6108603839019743,72.80769199631374,17,-0.11266223618130596,0.3398459869292959,0.17138030710375077
12,0.6108603839019743,72.80769199631374,18,-0.14224387327851937,0.342915500985464,0.16873744693528295
12,0.6108603839019743,72.80769199631374,19,-0.16838577401804972,0.3319653282757288,0.1529900303036277
12,0.6108603839019743,72.80769199631374,20,-0.1884596921732078,0.321868658091736,0.13940577989691658
12,0.6108603839019743,72.80769199631374,21,-0.18534440560916368,0.31660509498836353,0.14164038642903087
12,0.6108603839019743,72.80769199631374,22,-0.18491833561945997,0.311844776100955,0.14138610123765033
12,0.6108603839019743,72.80769199631374,23,-0.18540335201133823,0.3071682401523431,0.14129907501339684
12,0.6108603839019743,72.80769199631374,24,-0.18591590498361177,0.3021009627332757,0.1410189963891387
12,0.6108603839019743,72.80769199631374,25,-0.18649302974828255,0.29627593468308827,0.14046029046850567
12,0.6108603839019743,72.80769199631374,26,-0.18718474314181363,0.289284652373174,0.13946271555936687
12,0.6108603839019743,72.80769199631374,27,-0.18803770818336057,0.2806640707549807,0.13773168130743327
12,0.6108603839019743,72.80769199631374,28,-0.18910255830804798,0.26990243092588745,0.13476391018522857
12,0.6108603839019743,72.80769199631374,29,-0.19042700986623942,0.25652117698305144,0.12969701787194052
12,0.6108603839019743,72.80769199631374,30,-0.19200955376380496,0.24065344563479704,0.12074222630292807
13,0.6268432859119915,66.4776873049048,1,-0.38592525375686865,0.07501096524172612,0.5519946225920721
13,0.6268432859119915,66.4776873049048,2,-0.24441170594834208,-0.0981904453628448,0.5752505029443065
13,0.6268432859119915,66.4776873049048,3,-0.10436783987959596,-0.26959308154325834,0.5842670818246765
13,0.6268432859119915,66.4776873049048,4,0.04119115756518294,-0.36657653746505436,0.5839676861907603
13,0.6268432859119915,66.4776873049048,5,0.17862612575985742,-0.3097892006681261,0.5766285311196112
13,0.6268432859119915,66.4776873049048,6,0.3105861812533738,-0.2356624600469148,0.5556213076260855
13,0.6268432859119915,66.4776873049048,7,0.33368367335293947,-0.17655546805213032,0.536286782085055
13,0.6268432859119915,66.4776873049048,8,0.29101193285879356,-0.12788421837618186,0.5104835748494858
13,0.6268432859119915,66.4776873049048,9,0.24852719359398304,-0.07942626169970539,0.4707589017858267
13,0.6268432859119915,66.4776873049048,10,0.20624025721721037,-0.031193918359803226,0.41718652342078844
13,0.6268432859119915,66.4776873049048,11,0.16416448630322206,0.016797570333836602,0.3498512488931043
13,0.6268432859119915,66.4776873049048,12,0.12231496208417994,0.06453100277641736,0.26885011705811573
13,0.6268432859119915,66.4776873049048,13,0.0807078388623732,0.11198795342281359,0.17429289260560543
13,0.6268432859119915,66.4776873049048,14,0.022557415683082675,0.16431119247694237,0.14627263627689444
13,0.6268432859119915,66.4776873049048,15,-0.037604736766826484,0.21555556080283123,0.1406978502509256
13,0.6268432859119915,66.4776873049048,16,-0.09252485676368548,0.2619979180391196,0.14811607879074104
13,0.6268432859119915,66.4776873049048,17,-0.14678954627228732,0.30783103991293836,0.14379111293734106
13,0.6268432859119915,66.4776873049048,18,-0.18087205896689618,0.3496480890361283,0.13467403378267404
13,0.6268432859119915,66.4776873049048,19,-0.16695363904339378,0.37236239324042586,0.11442364323279725
13,0.6268432859119915,66.4776873049048,20,-0.14664149935081797,0.3836942585465733,0.10178018075001699
13,0.6268432859119915,66.4776873049048,21,-0.12940915904715908,0.3867514528549255,0.09989035595929724
13,0.6268432859119915,66.4776873049048,22,-0.11563224324870064,0.38720523109341076,0.09864999650086544
13,0.6268432859119915,66.4776873049048,23,-0.1059805720231068,0.3860975257036157,0.09885095562020295
13,0.6268432859119915,66.4776873049048,24,-0.0998563037843636,0.3853303692163187,0.09918200273665481
13,0.6268432859119915,66.4776873049048,25,-0.09717028976488841,0.38497701964717107,0.09940201061907514
13,0.6268432859119915,66.4776873049048,26,-0.09703123094491359,0.3849580956071602,0.09971239216996367
13,0.6268432859119915,66.4776873049048,27,-0.09701227735254649,0.38495867454193405,0.09985896992982601
13,0.6268432859119915,66.4776873049048,28,-0.097003591230358,0.3849588850003416,0.0999281651498342
13,0.6268432859119915,66.4776873049048,29,-0.09699971294127317,0.3849589200588795,0.09996083064316867
13,0.6268432859119915,66.4776873049048,30,-0.09699808508130929,0.3849588715496714,0.09997625137889724
14,0.6108603839019743,72.80703356464618,1,-0.38592525375686865,0.07501096524172612,0.5519946225920721
14,0.6108603839019743,72.80703356464618,2,-0.24725795164646475,-0.09888053343804998,0.5754417975164268
14,0.6108603839019743,72.80703356464618,3,-0.11002405833471261,-0.2709745095553702,0.5846485162175619
14,0.6108603839019743,72.80703356464618,4,0.03320951063672402,-0.3676025167122905,0.5844370897927604
14,0.6108603839019743,72.80703356464618,5,0.16942550756387192,-0.3112458391716348,0.5769952801845901
14,0.6108603839019743,72.80703356464618,6,0.30033098822217486,-0.23813671178366186,0.555867020053118
14,0.6108603839019743,72.80703356464618,7,0.3411542360645405,-0.1771449531275121,0.5339457355797236
14,0.6108603839019743,72.80703356464618,8,0.29634378912149417,-0.12924098038699688,0.508178208923
14,0.6108603839019743,72.80703356464618,9,0.2517310710387884,-0.08154838688016357,0.4684900215531162
14,0.6108603839019743,72.80703356464618,10,0.20732727084362587,-0.03407913407784492,0.41495519512506646
14,0.6108603839019743,72.80703356464618,11,0.1631462687044661,0.013151939622735209,0.3476587077676751
14,0.6108603839019743,72.80703356464618,12,0.11920376242603584,0.0601280527060818,0.26669769511645325
14,0.6108603839019743,72.80703356464618,13,0.07551659301726045,0.10683120153046566,0.17218196558878585
14,0.6108603839019743,72.80703356464618,14,0.0253031299927848,0.1660399716579363,0.15256657406186006
14,0.6108603839019743,72.80703356464618,15,-0.026601419980053206,0.22860616866979275,0.1442091941186717
14,0.6108603839019743,72.80703356464618,16,-0.07022838042709839,0.2847322584768861,0.16232801279554235
14,0.6108603839019743,72.80703356464618,17,-0.11266223618130596,0.3398459869292959,0.17138030710375077
14,0.6108603839019743,72.80703356464618,18,-0.14224387327851937,0.342915500985464,0.16873744693528295
14,0.6108603839019743,72.80703356464618,19,-0.16838577401804972,0.3319653282757288,0.1529900303036277
14,0.6108603839019743,72.80703356464618,20,-0.1884611985229811,0.3218685679786366,0.1394063984742448
14,0.6108603839019743,72.80703356464618,21,-0.18535643773505484,0.31660200191773824,0.14163862000163677
14,0.6108603839019743,72.80703356464618,22,-0.18493789037641567,0.31184045431300184,0.1413864251856713
14,0.6108603839019743,72.80703356464618,23,-0.1854226862574287,0.3071621351738366,0.1412992386197791
14,0.6108603839019743,72.80703356464618,24,-0.185935107032086,0.3020931190661055,0.1410189697782639
14,0.6108603839019743,72.80703356464618,25,-0.18651208374392308,0.29626625879945656,0.14045992923717082
14,0.6108603839019743,72.80703356464618,26,-0.18720371886653647,0.28927295949851056,0.13946186051549025
14,0.6108603839019743,72.80703356464618,27,-0.1880566078186204,0.2806500582069568,0.13772996205830754
14,0.6108603839019743,72.80703356464618,28,-0.18912129928013532,0.26988571375307396,0.13476071610620766
14,0.6108603839019743,72.80703356464618,29,-0.1904454895843183,0.256501562602635,0.12969121322804217
14,0.6108603839019743,72.80703356464618,30,-0.1920276289462075,0.24063148099718196,0.12073156970552805
15,0.6097662674616782,69.44570585697805,1,-0.38592525375686865,0.07501096524172612,0.5519946225920721
15,0.6097662674616782,69.44570585697805,2,-0.24745279974610102,-0.0989277706584169,0.5754548942301575
15,0.6097662674616782,69.44570585697805,3,-0.11041128773165909,-0.27106906428915395,0.5846746304763987
15,0.6097662674616782,69.44570585697805,4,0.03266273483729269,-0.367673065970268,0.5844691835927501
15,0.6097662674616782,69.44570585697805,5,0.168794514472085,-0.3113464895188275,0.577020506344388
15,0.6097662674616782,69.44570585697805,6,0.2996270344696771,-0.23830760477588242,0.5558841912094188
15,0.6097662674616782,69.44570585697805,7,0.3409874043400782,-0.17736216432468727,0.5339413017169511
15,0.6097662674616782,69.44570585697805,8,0.2973307769695407,-0.1294545230211559,0.5081765183146301
15,0.6097662674616782,69.44570585697805,9,0.25386557269778653,-0.08175694442072545,0.4684901770854379
15,0.6097662674616782,69.44570585697805,10,0.2106028195759841,-0.03428153041837661,0.41495603908402146
15,0.6097662674616782,69.44570585697805,11,0.16755616824812383,0.012956739126124758,0.3476589007054099
15,0.6097662674616782,69.44570585697805,12,0.12474103083881516,0.05994095135024254,0.26669577891375784
15,0.6097662674616782,69.44570585697805,13,0.0821739203184069,0.10665298535211197,0.1721764106283636
15,0.6097662674616782,69.44570585697805,14,0.029560679080287103,0.16449556179945538,0.14823249461687923
15,0.6097662674616782,69.44570585697805,15,-0.024712994066928427,0.22445774888565553,0.13963987148933946
15,0.6097662674616782,69.44570585697805,16,-0.07060775037114736,0.2773604734469323,0.15939719038607517
15,0.6097662674616782,69.44570585697805,17,-0.11630296133657257,0.3300331827963247,0.16503302991442806
15,0.6097662674616782,69.44570585697805,18,-0.15352254434134355,0.3492887982000151,0.15624001395625864
15,0.6097662674616782,69.44570585697805,19,-0.18379314209416867,0.34136929241990205,0.1335742094071044
15,0.6097662674616782,69.44570585697805,20,-0.18685864194294083,0.3289310794115411,0.11626612165909268
15,0.6097662674616782,69.44570585697805,21,-0.18051618148312054,0.31550288784498226,0.09924578117149553
15,0.6097662674616782,69.44570585697805,22,-0.17302649218760013,0.3079953625907718,0.10295640203243604
15,0.6097662674616782,69.44570585697805,23,-0.16621232530676933,0.30159158321708557,0.1004190320645782
15,0.6097662674616782,69.44570585697805,24,-0.1606682534602947,0.29753311983497593,0.09972403799345848
15,0.6097662674616782,69.44570585697805,25,-0.15803862358761347,0.29522785784444494,0.09972403058974728
15,0.6097662674616782,69.44570585697805,26,-0.15771701148163034,0.29485734034972483,0.09986444942864976
15,0.6097662674616782,69.44570585697805,27,-0.157718028948316,0.29489152657501194,0.0999307280842678
15,0.6097662674616782,69.44570585697805,28,-0.15771851090688435,0.2949076608587912,0.09996201784331693
15,0.6097662674616782,69.44570585697805,29,-0.15771874107844258,0.2949152732116763,0.09997679065951832
15,0.6097662674616782,69.44570585697805,30,-0.15771885259779342,0.29491886257043426,0.099983765585548
16,0.6108603839019743,72.80595121058228,1,-0.38592525375686865,0.07501096524172612,0.5519946225920721
16,0.6108603839019743,72.80595121058228,2,-0.24725795164646475,-0.09888053343804998,0.5754417975164268
16,0.6108603839019743,72.80595121058228,3,-0.11002405833471261,-0.2709745095553702,0.5846485162175619
16,0.6108603839019743,72.80595121058228,4,0.03320951063672402,-0.3676025167122905,0.5844370897927604
16,0.6108603839019743,72.80595121058228,5,0.16942550756387192,-0.3112458391716348,0.5769952801845901
16,0.6108603839019743,72.80595121058228,6,0.30033098822217486,-0.23813671178366186,0.555867020053118
16,0.6108603839019743,72.80595121058228,7,0.3411542360645405,-0.1771449531275121,0.5339457355797236
16,0.6108603839019743,72.80595121058228,8,0.29634378912149417,-0.12924098038699688,0.508178208923
16,0.6108603839019743,72.80595121058228,9,0.2517310710387884,-0.08154838688016357,0.4684900215531162
16,0.6108603839019743,72.80595121058228,10,0.20732727084362587,-0.03407913407784492,0.41495519512506646
16,0.6108603839019743,72.80595121058228,11,0.1631462687044661,0.013151939622735209,0.3476587077676751
16,0.6108603839019743,72.80595121058228,12,0.11920376242603584,0.0601280527060818,0.26669769511645325
16,0.6108603839019743,72.80595121058228,13,0.07551659301726045,0.10683120153046566,0.17218196558878585
16,0.6108603839019743,72.80595121058228,14,0.0253031299927848,0.1660399716579363,0.15256657406186006
16,0.6108603839019743,72.80595121058228,15,-0.026601419980053206,0.22860616866979275,0.1442091941186717
16,0.6108603839019743,72.80595121058228,16,-0.07022838042709839,0.2847322584768861,0.16232801279554235
16,0.6108603839019743,72.80595121058228,17,-0.11266223618130596,0.3398459869292959,0.17138030710375077
16,0.6108603839019743,72.80595121058228,18,-0.14224387327851937,0.342915500985464,0.16873744693528295
16,0.6108603839019743,72.80595121058228,19,-0.16838577401804972,0.3319653282757288,0.1529900303036277
16,0.6108603839019743,72.80595121058228,20,-0.18845894701841456,0.32186855613975807,0.13940540304623866
16,0.6108603839019743,72.80595121058228,21,-0.18534862506137015,0.3166039033032065,0.14164258970911042
16,0.6108603839019743,72.80595121058228,22,-0.18492496049451518,0.31184157418828745,0.14138680332661321
16,0.6108603839019743,72.80595121058228,23,-0.185410065078805,0.30716185317902167,0.1412989866220316
16,0.6108603839019743,72.80595121058228,24,-0.18592310682270138,0.30209060279583777,0.14101801700035183
16,0.6108603839019743,72.80595121058228,25,-0.18650089353803428,0.29626052119111707,0.1404579098933834
16,0.6108603839019743,72.80595121058228,26,-0.18719370194415733,0.2892628463240021,0.13945820555908997
16,0.6108603839019743,72.80595121058228,27,-0.18804801402882038,0.28063422253455317,0.1377235310366224
16,0.6108603839019743,72.80595121058228,28,-0.1891145293036531,0.26986269365077276,0.13474959750008345
16,0.6108603839019743,72.80595121058228,29,-0.19044128709095684,0.2564701917107631,0.12967217211435067
16,0.6108603839019743,72.80595121058228,30,-0.1920261266957007,0.24059301733751262,0.12069806781219959
17,0.6097662674616782,69.4465353234002,1,-0.38592525375686865,0.07501096524172612,0.5519946225920721
17,0.6097662674616782,69.4465353234002,2,-0.24745279974610102,-0.0989277706584169,0.5754548942301575
17,0.6097662674616782,69.4465353234002,3,-0.11041128773165909,-0.27106906428915395,0.5846746304763987
17,0.6097662674616782,69.4465353234002,4,0.03266273483729269,-0.367673065970268,0.5844691835927501
17,0.6097662674616782,69.4465353234002,5,0.168794514472085,-0.3113464895188275,0.577020506344388
17,0.6097662674616782,69.4465353234002,6,0.2996270344696771,-0.23830760477588242,0.5558841912094188
17,0.6097662674616782,69.4465353234002,7,0.3409874043400782,-0.17736216432468727,0.5339413017169511
17,0.6097662674616782,69.4465353234002,8,0.2973307769695407,-0.1294545230211559,0.5081765183146301
17,0.6097662674616782,69.4465353234002,9,0.25386557269778653,-0.08175694442072545,0.4684901770854379
17,0.6097662674616782,69.4465353234002,10,0.2106028195759841,-0.03428153041837661,0.41495603908402146
17,0.6097662674616782,69.4465353234002,11,0.16755616824812383,0.012956739126124758,0.3476589007054099
17,0.6097662674616782,69.4465353234002,12,0.12474103083881516,0.05994095135024254,0.26669577891375784
17,0.6097662674616782,69.4465353234002,13,0.0821739203184069,0.10665298535211197,0.1721764106283636
17,0.6097662674616782,69.4465353234002,14,0.029560679080287103,0.16449556179945538,0.14823249461687923
17,0.6097662674616782,69.4465353234002,15,-0.024712994066928427,0.22445774888565553,0.13963987148933946
17,0.6097662674616782,69.4465353234002,16,-0.07060775037114736,0.2773604734469323,0.15939719038607517
17,0.6097662674616782,69.4465353234002,17,-0.11630296133657257,0.3300331827963247,0.16503302991442806
17,0.6097662674616782,69.4465353234002,18,-0.15352254425358683,0.3492887978515357,0.15624001391998035
17,0.6097662674616782,69.4465353234002,19,-0.18379314155877788,0.341369290487988,0.1335742094333985
17,0.6097662674616782,69.4465353234002,20,-0.18685948096478308,0.32893254803844724,0.11626825010707113
17,0.6097662674616782,69.4465353234002,21,-0.18051869111847585,0.31550530014366707,0.09925278076473634
17,0.6097662674616782,69.4465353234002,22,-0.17302819384886373,0.3079987909204497,0.10295831232679747
17,0.6097662674616782,69.4465353234002,23,-0.16621330713068425,0.3015955433240028,0.10041763789547782
17,0.6097662674616782,69.4465353234002,24,-0.1606679830002845,0.2975397884347667,0.09972675281375336
17,0.6097662674616782,69.4465353234002,25,-0.158037949466691,0.29523571232831153,0.09972524449108065
17,0.6097662674616782,69.4465353234002,26,-0.1577164118914058,0.2948656265402396,0.09986502466804312
17,0.6097662674616782,69.4465353234002,27,-0.1577167273311094,0.294899131071052,0.099931001960141
17,0.6097662674616782,69.4465353234002,28,-0.15771687707185877,0.2949149125856594,0.09996214919013242
17,0.6097662674616782,69.4465353234002,29,-0.15771695497085422,0.29492237249493125,0.09997685507093831
17,0.6097662674616782,69.4465353234002,30,-0.15771699489502228,0.29492586531701265,0.0999837980472306
18,0.6097662674616782,69.51032090678738,1,-0.38592525375686865,0.07501096524172612,0.5519946225920721
18,0.6097662674616782,69.51032090678738,2,-0.24745279974610102,-0.0989277706584169,0.5754548942301575
18,0.6097662674616782,69.51032090678738,3,-0.11041128773165909,-0.27106906428915395,0.5846746304763987
18,0.6097662674616782,69.51032090678738,4,0.03266273483729269,-0.367673065970268,0.5844691835927501
18,0.6097662674616782,69.51032090678738,5,0.168794514472085,-0.3113464895188275,0.577020506344388
18,0.6097662674616782,69.51032090678738,6,0.2996270344696771,-0.23830760477588242,0.5558841912094188
18,0.6097662674616782,69.51032090678738,7,0.3409874043400782,-0.17736216432468727,0.5339413017169511
18,0.6097662674616782,69.51032090678738,8,0.2973307769695407,-0.1294545230211559,0.5081765183146301
18,0.6097662674616782,69.51032090678738,9,0.25386557269778653,-0.08175694442072545,0.4684901770854379
18,0.6097662674616782,69.51032090678738,10,0.2106028195759841,-0.03428153041837661,0.41495603908402146
18,0.6097662674616782,69.51032090678738,11,0.16755616824812383,0.012956739126124758,0.3476589007054099
18,0.6097662674616782,69.51032090678738,12,0.12474103083881516,0.05994095135024254,0.26669577891375784
18,0.6097662674616782,69.51032090678738,13,0.0821739203184069,0.10665298535211197,0.1721764106283636
18,0.6097662674616782,69.51032090678738,14,0.029560679080287103,0.16449556179945538,0.14823249461687923
18,0.6097662674616782,69.51032090678738,15,-0.024712994066928427,0.22445774888565553,0.13963987148933946
18,0.6097662674616782,69.51032090678738,16,-0.07060775037114736,0.2773604734469323,0.15939719038607517
18,0.6097662674616782,69.51032090678738,17,-0.11630296133657257,0.3300331827963247,0.16503302991442806
18,0.6097662674616782,69.51032090678738,18,-0.15352254435580234,0.3492887982574306,0.15624001396223586
18,0.6097662674616782,69.51032090678738,19,-0.1837931421830957,0.34136929273859773,0.13357420939955866
18,0.6097662674616782,69.51032090678738,20,-0.1867840329879645,0.32892239178457605,0.11843562758797999
18,0.6097662674616782,69.51032090678738,21,-0.18024002203887923,0.31508594391219,0.09975113503170965
18,0.6097662674616782,69.51032090678738,22,-0.17250426051791662,0.30774853801344915,0.1028675498550349
18,0.6097662674616782,69.51032090678738,23,-0.16533600679914595,0.3016954620259218,0.10021320044511764
18,0.6097662674616782,69.51032090678738,24,-0.159467661084342,0.29809121564326513,0.09986013081076195
18,0.6097662674616782,69.51032090678738,25,-0.15669169134722843,0.29544542635077,0.09941151364263229
18,0.6097662674616782,69.51032090678738,26,-0.1559930282974138,0.29520033170522963,0.09971694902975087
18,0.6097662674616782,69.51032090678738,27,-0.15608216720155751,0.2954006599091196,0.09986127374988264
18,0.6097662674616782,69.51032090678738,28,-0.1560900425249382,0.2954680520828292,0.09992924260077579
18,0.6097662674616782,69.51032090678738,29,-0.15609374179896776,0.2954998824704997,0.09996131772357199
18,0.6097662674616782,69.51032090678738,30,-0.15609548592489048,0.29551491515947553,0.09997645847949013
19,0.6108603839019743,72.80531934402536,1,-0.38592525375686865,0.07501096524172612,0.5519946225920721
19,0.6108603839019743,72.80531934402536,2,-0.24725795164646475,-0.09888053343804998,0.5754417975164268
19,0.6108603839019743,72.80531934402536,3,-0.11002405833471261,-0.2709745095553702,0.5846485162175619
19,0.6108603839019743,72.80531934402536,4,0.03320951063672402,-0.3676025167122905,0.5844370897927604
19,0.6108603839019743,72.80531934402536,5,0.16942550756387192,-0.3112458391716348,0.5769952801845901
19,0.6108603839019743,72.80531934402536,6,0.30033098822217486,-0.23813671178366186,0.555867020053118
19,0.6108603839019743,72.80531934402536,7,0.3411542360645405,-0.1771449531275121,0.5339457355797236
19,0.6108603839019743,72.80531934402536,8,0.29634378912149417,-0.12924098038699688,0.508178208923
19,0.6108603839019743,72.80531934402536,9,0.2517310710387884,-0.08154838688016357,0.4684900215531162
19,0.6108603839019743,72.80531934402536,10,0.20732727084362587,-0.03407913407784492,0.41495519512506646
19,0.6108603839019743,72.80531934402536,11,0.1631462687044661,0.013151939622735209,0.3476587077676751
19,0.6108603839019743,72.80531934402536,12,0.11920376242603584,0.0601280527060818,0.26669769511645325
19,0.6108603839019743,72.80531934402536,13,0.07551659301726045,0.10683120153046566,0.17218196558878585
19,0.6108603839019743,72.80531934402536,14,0.0253031299927848,0.1660399716579363,0.15256657406186006
19,0.6108603839019743,72.80531934402536,15,-0.026601419980053206,0.22860616866979275,0.1442091941186717
19,0.6108603839019743,72.80531934402536,16,-0.07022838042709839,0.2847322584768861,0.16232801279554235
19,0.6108603839019743,72.80531934402536,17,-0.11266223618130596,0.3398459869292959,0.17138030710375077
19,0.6108603839019743,72.80531934402536,18,-0.14224387327851937,0.342915500985464,0.16873744693528295
19,0.6108603839019743,72.80531934402536,19,-0.16838577401804972,0.3319653282757288,0.1529900303036277
19,0.6108603839019743,72.80531934402536,20,-0.1884613772480029,0.321868494835863,0.13940641250377167
19,0.6108603839019743,72.80531934402536,21,-0.18536778072947885,0.31659998791765176,0.14164007779676846
19,0.6108603839019743,72.80531934402536,22,-0.1849559601600346,0.31183648218817933,0.1413873851716069
19,0.6108603839019743,72.80531934402536,23,-0.18544062726119317,0.3071547108968144,0.14129933464299335
19,0.6108603839019743,72.80531934402536,24,-0.1859534071184235,0.30208158397818363,0.14101816303594628
19,0.6108603839019743,72.80531934402536,25,-0.18653090699869732,0.29624965000194753,0.14045772043244506
19,0.6108603839019743,72.80531934402536,26,-0.18722358901813357,0.28925003920375725,0.1394576121190163
19,0.6108603839019743,72.80531934402536,27,-0.1880777614180714,0.2806192717145147,0.13772222351496546
19,0.6108603839019743,72.80531934402536,28,-0.1891440809886652,0.26984532017670615,0.13474706443387616
19,0.6108603839019743,72.80531934402536,29,-0.19047008164091478,0.2564505178719998,0.12966722797700395
19,0.6108603839019743,72.80531934402536,30,-0.19205402716577497,0.24057180659561608,0.12068845212333956
20,0.6097662674616782,69.44665380873882,1,-0.38592525375686865,0.07501096524172612,0.5519946225920721
20,0.6097662674616782,69.44665380873882,2,-0.24745279974610102,-0.0989277706584169,0.5754548942301575
20,0.6097662674616782,69.44665380873882,3,-0.11041128773165909,-0.27106906428915395,0.5846746304763987
20,0.6097662674616782,69.44665380873882,4,0.03266273483729269,-0.367673065970268,0.5844691835927501
20,0.6097662674616782,69.44665380873882,5,0.168794514472085,-0.3113464895188275,0.577020506344388
20,0.6097662674616782,69.44665380873882,6,0.2996270344696771,-0.23830760477588242,0.5558841912094188
20,0.6097662674616782,69.44665380873882,7,0.3409874043400782,-0.17736216432468727,0.5339413017169511
20,0.6097662674616782,69.44665380873882,8,0.2973307769695407,-0.1294545230211559,0.5081765183146301
20,0.6097662674616782,69.44665380873882,9,0.25386557269778653,-0.08175694442072545,0.4684901770854379
20,0.6097662674616782,69.44665380873882,10,0.2106028195759841,-0.03428153041837661,0.41495603908402146
20,0.6097662674616782,69.44665380873882,11,0.16755616824812383,0.012956739126124758,0.3476589007054099
20,0.6097662674616782,69.44665380873882,12,0.12474103083881516,0.05994095135024254,0.26669577891375784
20,0.6097662674616782,69.44665380873882,13,0.0821739203184069,0.10665298535211197,0.1721764106283636
20,0.6097662674616782,69.44665380873882,14,0.029560679080287103,0.16449556179945538,0.14823249461687923
20,0.6097662674616782,69.44665380873882,15,-0.024712994066928427,0.22445774888565553,0.13963987148933946
20,0.6097662674616782,69.44665380873882,16,-0.07060775037114736,0.2773604734469323,0.15939719038607517
20,0.6097662674616782,69.44665380873882,17,-0.11630296133657257,0.3300331827963247,0.16503302991442806
20,0.6097662674616782,69.44665380873882,18,-0.1535225443389613,0.3492887981905553,0.15624001395527382
20,0.6097662674616782,69.44665380873882,19,-0.1837931420796772,0.34136929236748165,0.1335742094076288
20,0.6097662674616782,69.44665380873882,20,-0.18685985401355984,0.32893261608403923,0.11627035422927472
20,0.6097662674616782,69.44665380873882,21,-0.18051765285011293,0.31550584085959626,0.0992552580377536
20,0.6097662674616782,69.44665380873882,22,-0.1730277900173835,0.3079985257090181,0.10295888815513907
20,0.6097662674616782,69.44665380873882,23,-0.16621331106753215,0.30159483863553266,0.10041718108955133
20,0.6097662674616782,69.44665380873882,24,-0.16066758187121669,0.29753988819606275,0.09972750912935487
20,0.6097662674616782,69.44665380873882,25,-0.1580373350560175,0.2952359830715789,0.09972558421441624
20,0.6097662674616782,69.44665380873882,26,-0.1577158779885284,0.2948659262965149,0.09986517980532844
20,0.6097662674616782,69.44665380873882,27,-0.15771612498432636,0.294899153989354,0.09993107157665722
20,0.6097662674616782,69.44665380873882,28,-0.1577162424651176,0.2949148396488312,0.09996217892648744
20,0.6097662674616782,69.44665380873882,29,-0.15771629681770924,0.29492222617472824,0.09997686539445605
20,0.6097662674616782,69.44665380873882,30,-0.15771632195443197,0.29492570022007925,0.09998379937466335
