particle,elasticity,weight,frame,x,y,z
1,0.3323821940971562,-173.79482300615282,1,0.34989622333701365,-0.37718963792630966,0.48128436608863556
1,0.3323821940971562,-173.79482300615282,2,0.3433017666315894,-0.31413347245934164,0.44995424418838975
1,0.3323821940971562,-173.79482300615282,3,0.3367365896662967,-0.25135727973630617,0.40472913229302554
1,0.3323821940971562,-173.79482300615282,4,0.3302025702577963,-0.1888790154316993,0.34568662451482546
1,0.3323821940971562,-173.79482300615282,5,0.3237019261954638,-0.12671988603759188,0.27291604885386994
1,0.3323821940971562,-173.79482300615282,6,0.317237095266971,-0.06490320166877875,0.1865193127151227
1,0.3323821940971562,-173.79482300615282,7,0.3087844203859726,-0.011729988980243952,0.12646739303874935
1,0.3323821940971562,-173.79482300615282,8,0.29910960815968973,0.028205881576429392,0.1142824391318764
1,0.3323821940971562,-173.79482300615282,9,0.2898494137570952,0.06338462819680961,0.10685080802934417
1,0.3323821940971562,-173.79482300615282,10,0.28175955803426006,0.09545172785949971,0.09959608923212897
1,0.3323821940971562,-173.79482300615282,11,0.2756704525535182,0.1231910624762942,0.09834867882450159
1,0.3323821940971562,-173.79482300615282,12,0.2704857507984163,0.1474488728738292,0.09738362274162658
1,0.3323821940971562,-173.79482300615282,13,0.2662194819545177,0.16804163431469313,0.09749337860548866
1,0.3323821940971562,-173.79482300615282,14,0.2627970705223381,0.1850677555785363,0.0981804539836742
1,0.3323821940971562,-173.79482300615282,15,0.2601166580125486,0.19876829402997928,0.09842309318339762
1,0.3323821940971562,-173.79482300615282,16,0.2583345188288684,0.20915498834491716,0.09845775230455922
1,0.3323821940971562,-173.79482300615282,17,0.25724521506009096,0.21601802939353035,0.09894378503972456
1,0.3323821940971562,-173.79482300615282,18,0.2569743117279052,0.21960778602155795,0.09927885519493329
1,0.3323821940971562,-173.79482300615282,19,0.25685872696854467,0.22006334919832177,0.09965426351941059
1,0.3323821940971562,-173.79482300615282,20,0.25689284338918894,0.2199952782325788,0.09983151016922412
1,0.3323821940971562,-173.79482300615282,21,0.25690877253716504,0.21996341828631374,0.099915179801282
1,0.3323821940971562,-173.79482300615282,22,0.2569162130632791,0.21994850844886996,0.09995468165538925
1,0.3323821940971562,-173.79482300615282,23,0.2569196907305937,0.21994153134203015,0.09997333234093868
1,0.3323821940971562,-173.79482300615282,24,0.2569213179886845,0.21993826654574172,0.09998213846729162
1,0.3323821940971562,-173.79482300615282,25,0.2569218627109348,0.21993676602574044,0.0999860504507659
1,0.3323821940971562,-173.79482300615282,26,0.2569211098053921,0.21993613834453174,0.09998673849552352
1,0.3323821940971562,-173.79482300615282,27,0.25692074526119935,0.21993584178186135,0.09998704303892196
1,0.3323821940971562,-173.79482300615282,28,0.2569205819508306,0.2199356995347686,0.09998718606808135
1,0.3323821940971562,-173.79482300615282,29,0.2569205129523718,0.21993562934778169,0.09998725324288926
1,0.3323821940971562,-173.79482300615282,30,0.2569204881543882,0.2199355928103325,0.0999872847921389
2,0.538730345623551,-148.13174295723113,1,0.32817218128611236,-0.37985379844026596,0.48656208638039333
2,0.538730345623551,-148.13174295723113,2,0.3080657809945413,-0.277203380846464,0.46901691688572256
2,0.538730345623551,-148.13174295723113,3,0.2880754125398971,-0.17514534758511308,0.437546835713481
2,0.538730345623551,-148.13174295723113,4,0.2682030508862208,-0.07368978155919957,0.3922373452564977
2,0.538730345623551,-148.13174295723113,5,0.24845184286410088,0.027147251527355473,0.33318024872707225
2,0.538730345623551,-148.13174295723113,6,0.2288259024754079,0.12734474821277433,0.26047551914400185
2,0.538730345623551,-148.13174295723113,7,0.20933010514815867,0.22687781768047144,0.17423261808004997
2,0.538730345623551,-148.13174295723113,8,0.1975647628971877,0.3151377794240019,0.1269367714387415
2,0.538730345623551,-148.13174295723113,9,0.19036627938501144,0.39007120009019663,0.12299594756523065
2,0.538730345623551,-148.13174295723113,10,0.18797855494510926,0.37857535909210666,0.11474887788036933
2,0.538730345623551,-148.13174295723113,11,0.1853305719484254,0.3627337155257284,0.10397925313170779
2,0.538730345623551,-148.13174295723113,12,0.1822091289012148,0.3515039021449287,0.10093738706162313
2,0.538730345623551,-148.13174295723113,13,0.17930747110734838,0.34337867222154933,0.09882902353568677
2,0.538730345623551,-148.13174295723113,14,0.17800257430092106,0.33856778522192205,0.09918279943258142
2,0.538730345623551,-148.13174295723113,15,0.17750960281595207,0.3370217800725449,0.09942381121614358
2,0.538730345623551,-148.13174295723113,16,0.17760640899477922,0.33700733755064793,0.09972268047745413
2,0.538730345623551,-148.13174295723113,17,0.1776680087034435,0.33701896237152457,0.09986383816776613
2,0.538730345623551,-148.13174295723113,18,0.1776766118418257,0.33699722105749463,0.09993045754825605
2,0.538730345623551,-148.13174295723113,19,0.17767838197356317,0.336983759241944,0.09996189806998412
2,0.538730345623551,-148.13174295723113,20,0.17767941137559617,0.3369776246242261,0.0999767430403849
2,0.538730345623551,-148.13174295723113,21,0.17768009266762166,0.3369749312270621,0.09998375242833264
2,0.538730345623551,-148.13174295723113,22,0.17767931234101036,0.3369744129289685,0.09998629814757322
2,0.538730345623551,-148.13174295723113,23,0.17767840921159794,0.33697435465764236,0.09998716642179496
2,0.538730345623551,-148.13174295723113,24,0.1776779948535507,0.3369744127710695,0.09998756877768103
2,0.538730345623551,-148.13174295723113,25,0.17767781725788415,0.33697452727857413,0.09998775797419368
2,0.538730345623551,-148.13174295723113,26,0.17767775114916057,0.33697466838194073,0.09998784696981786
2,0.538730345623551,-148.13174295723113,27,0.17767773750293944,0.3369748220201679,0.09998788883258934
2,0.538730345623551,-148.13174295723113,28,0.17767774854368817,0.336974981566107,0.09998790852447632
2,0.538730345623551,-148.13174295723113,29,0.17767777120124237,0.33697514389638294,0.09998791778736549
2,0.538730345623551,-148.13174295723113,30,0.17767779932525454,0.33697530753895566,0.09998792214454191
3,0.3323821940971562,-173.79482300615282,1,0.34989622333701365,-0.37718963792630966,0.48128436608863556
3,0.3323821940971562,-173.79482300615282,2,0.3433017666315894,-0.31413347245934164,0.44995424418838975
3,0.3323821940971562,-173.79482300615282,3,0.3367365896662967,-0.25135727973630617,0.40472913229302554
3,0.3323821940971562,-173.79482300615282,4,0.3302025702577963,-0.1888790154316993,0.34568662451482546
3,0.3323821940971562,-173.79482300615282,5,0.3237019261954638,-0.12671988603759188,0.27291604885386994
3,0.3323821940971562,-173.79482300615282,6,0.317237095266971,-0.06490320166877875,0.1865193127151227
3,0.3323821940971562,-173.79482300615282,7,0.3087844203859726,-0.011729988980243952,0.12646739303874935
3,0.3323821940971562,-173.79482300615282,8,0.29910960815968973,0.028205881576429392,0.1142824391318764
3,0.3323821940971562,-173.79482300615282,9,0.2898494137570952,0.06338462819680961,0.10685080802934417
3,0.3323821940971562,-173.79482300615282,10,0.28175955803426006,0.09545172785949971,0.09959608923212897
3,0.3323821940971562,-173.79482300615282,11,0.2756704525535182,0.1231910624762942,0.09834867882450159
3,0.3323821940971562,-173.79482300615282,12,0.2704857507984163,0.1474488728738292,0.09738362274162658
3,0.3323821940971562,-173.79482300615282,13,0.2662194819545177,0.16804163431469313,0.09749337860548866
3,0.3323821940971562,-173.79482300615282,14,0.2627970705223381,0.1850677555785363,0.0981804539836742
3,0.3323821940971562,-173.79482300615282,15,0.2601166580125486,0.19876829402997928,0.09842309318339762
3,0.3323821940971562,-173.79482300615282,16,0.2583345188288684,0.20915498834491716,0.09845775230455922
3,0.3323821940971562,-173.79482300615282,17,0.25724521506009096,0.21601802939353035,0.09894378503972456
3,0.3323821940971562,-173.79482300615282,18,0.2569743117279052,0.21960778602155795,0.09927885519493329
3,0.3323821940971562,-173.79482300615282,19,0.25685872696854467,0.22006334919832177,0.09965426351941059
3,0.3323821940971562,-173.79482300615282,20,0.25689284338918894,0.2199952782325788,0.09983151016922412
3,0.3323821940971562,-173.79482300615282,21,0.25690877253716504,0.21996341828631374,0.099915179801282
3,0.3323821940971562,-173.79482300615282,22,0.2569162130632791,0.21994850844886996,0.09995468165538925
3,0.3323821940971562,-173.79482300615282,23,0.2569196907305937,0.21994153134203015,0.09997333234093868
3,0.3323821940971562,-173.79482300615282,24,0.2569213179886845,0.21993826654574172,0.09998213846729162
3,0.3323821940971562,-173.79482300615282,25,0.2569218627109348,0.21993676602574044,0.0999860504507659
3,0.3323821940971562,-173.79482300615282,26,0.2569211098053921,0.21993613834453174,0.09998673849552352
3,0.3323821940971562,-173.79482300615282,27,0.25692074526119935,0.21993584178186135,0.09998704303892196
3,0.3323821940971562,-173.79482300615282,28,0.2569205819508306,0.2199356995347686,0.09998718606808135
3,0.3323821940971562,-173.79482300615282,29,0.2569205129523718,0.21993562934778169,0.09998725324288926
3,0.3323821940971562,-173.79482300615282,30,0.2569204881543882,0.2199355928103325,0.0999872847921389
4,0.596235790388981,-69.8938370301008,1,0.3236266743852202,-0.3583249207958063,0.48265425039707033
4,0.596235790388981,-69.8938370301008,2,0.3041402995068385,-0.27427295111407224,0.3705386048490215
4,0.596235790388981,-69.8938370301008,3,0.2847965213176552,-0.19083605389563768,0.24522764355975799
4,0.596235790388981,-69.8938370301008,4,0.26538743618742217,-0.10794460318011319,0.13853140052173596
4,0.596235790388981,-69.8938370301008,5,0.23694934878783785,-0.040909860086008804,0.20015154335037594
4,0.596235790388981,-69.8938370301008,6,0.20865752925729159,0.02578009790049964,0.24742359916318377
4,0.596235790388981,-69.8938370301008,7,0.18050203187043845,0.09214871501228246,0.2804348450557678
4,0.596235790388981,-69.8938370301008,8,0.15247514518227287,0.158214168798609,0.2992608909696387
4,0.596235790388981,-69.8938370301008,9,0.1245718175673083,0.22398836703695882,0.30396876438824194
4,0.596235790388981,-69.8938370301008,10,0.09678997285671297,0.2894762037077991,0.2946208730312512
4,0.596235790388981,-69.8938370301008,11,0.07098640465046817,0.339981727811391,0.2744490003559459
4,0.596235790388981,-69.8938370301008,12,0.05246379808731266,0.3343487671642715,0.25228633482531443
4,0.596235790388981,-69.8938370301008,13,0.03540629824762197,0.31954961242142893,0.21795484466439535
4,0.596235790388981,-69.8938370301008,14,0.018405998247279898,0.30480008448683743,0.16969806879176452
4,0.596235790388981,-69.8938370301008,15,0.0031904721999545375,0.28271163356398377,0.137943337635638
4,0.596235790388981,-69.8938370301008,16,-0.011993997471876022,0.25372618424335236,0.12389394359400634
4,0.596235790388981,-69.8938370301008,17,-0.026803060535036,0.22942097132480174,0.1189967110429291
4,0.596235790388981,-69.8938370301008,18,-0.041077210043704675,0.20762455327324603,0.11009351679416014
4,0.596235790388981,-69.8938370301008,19,-0.05388731120105735,0.18793108430998962,0.10040966919434278
4,0.596235790388981,-69.8938370301008,20,-0.0632156122991904,0.17389428688977193,0.10014276508536031
4,0.596235790388981,-69.8938370301008,21,-0.07028803683587652,0.1623982516430859,0.09991411526245056
4,0.596235790388981,-69.8938370301008,22,-0.07512048966448225,0.15345275542320114,0.09942767021321913
4,0.596235790388981,-69.8938370301008,23,-0.07806111273824765,0.14742604559347366,0.09932895839334908
4,0.596235790388981,-69.8938370301008,24,-0.07940809212355687,0.14446102543099568,0.09959704953548722
4,0.596235790388981,-69.8938370301008,25,-0.07956087391390222,0.14418686407669493,0.09980436351193998
4,0.596235790388981,-69.8938370301008,26,-0.07958542166454191,0.14425807197157056,0.09990248932567806
4,0.596235790388981,-69.8938370301008,27,-0.07960130144473739,0.14427235198082192,0.09994871281366938
4,0.596235790388981,-69.8938370301008,28,-0.07961268730072564,0.14426486753785409,0.09997051175813747
4,0.596235790388981,-69.8938370301008,29,-0.07961839420856497,0.14426045366948384,0.09998080676110105
4,0.596235790388981,-69.8938370301008,30,-0.07962106502056053,0.14425839066633958,0.09998566766046833
5,0.47782208185196606,-184.1418968596845,1,0.33459734088194637,-0.3790443313565559,0.48501302811306574
5,0.47782208185196606,-184.1418968596845,2,0.32263270815539813,-0.2879603310537468,0.46675383709007784
5,0.47782208185196606,-184.1418968596845,3,0.3107313470035705,-0.1973580027138574,0.4345620758947843
5,0.47782208185196606,-184.1418968596845,4,0.2988948280683345,-0.10724930327262742,0.3885177440864933
5,0.47782208185196606,-184.1418968596845,5,0.2871254694224402,-0.01765187968536926,0.3287082588377925
5,0.47782208185196606,-184.1418968596845,6,0.2754261827338736,0.07141210218843799,0.2552303211457358
5,0.47782208185196606,-184.1418968596845,7,0.2638003265324115,0.15991707463316165,0.1681911327894485
5,0.47782208185196606,-184.1418968596845,8,0.2561928462978309,0.2331610304403588,0.12864460766689
5,0.47782208185196606,-184.1418968596845,9,0.24981406646265705,0.29545625852877927,0.11844979662311576
5,0.47782208185196606,-184.1418968596845,10,0.24375918704816044,0.35206466118113855,0.11624253065196849
5,0.47782208185196606,-184.1418968596845,11,0.2425630229054198,0.37020440427644735,0.10715646570808073
5,0.47782208185196606,-184.1418968596845,12,0.24091820582001808,0.3825159146722797,0.10122219958106328
5,0.47782208185196606,-184.1418968596845,13,0.23850845555264694,0.3882659445713266,0.1007134420959858
5,0.47782208185196606,-184.1418968596845,14,0.23560420763699524,0.3870514135496377,0.09978131359236879
5,0.47782208185196606,-184.1418968596845,15,0.2348954926537596,0.38679890709671527,0.09989233495246014
5,0.47782208185196606,-184.1418968596845,16,0.2351029071046111,0.38703721941527935,0.09994449818804087
5,0.47782208185196606,-184.1418968596845,17,0.23514553763114288,0.3870963508849202,0.09996859236545552
5,0.47782208185196606,-184.1418968596845,18,0.23514781902270554,0.3871075957237938,0.09997997073390677
5,0.47782208185196606,-184.1418968596845,19,0.23514890170007555,0.3871126275592165,0.09998531443730896
5,0.47782208185196606,-184.1418968596845,20,0.2351498957608369,0.3871135467077354,0.09998649968669639
5,0.47782208185196606,-184.1418968596845,21,0.23514993897038655,0.3871131420831278,0.0999864069299201
5,0.47782208185196606,-184.1418968596845,22,0.23514998386284988,0.3871126871034836,0.09998636287883585
5,0.47782208185196606,-184.1418968596845,23,0.23515002820085748,0.3871122088371149,0.09998634217595742
5,0.47782208185196606,-184.1418968596845,24,0.235150072278276,0.387111719626513,0.09998633244614705
5,0.47782208185196606,-184.1418968596845,25,0.2351501162331715,0.38711122527227965,0.09998632787339505
5,0.47782208185196606,-184.1418968596845,26,0.2351501601304333,0.38711072850054734,0.09998632572432681
5,0.47782208185196606,-184.1418968596845,27,0.2351502040005583,0.38711023059252775,0.09998632471432702
5,0.47782208185196606,-184.1418968596845,28,0.2351502478578796,0.3871097321503569,0.09998632423965982
5,0.47782208185196606,-184.1418968596845,29,0.23515029170913346,0.3871092334570231,0.09998632401658503
5,0.47782208185196606,-184.1418968596845,30,0.23515033555748588,0.38710873464552337,0.09998632391175212
6,0.6588942757336844,-3.5615679891291445,1,0.3171065108603688,-0.3584525357885472,0.48407179811471873
6,0.6588942757336844,-3.5615679891291445,2,0.2908657002427514,-0.26340524276196553,0.37279063523354183
6,0.6588942757336844,-3.5615679891291445,3,0.2648241123329832,-0.16907955774385658,0.2483402339898762
6,0.6588942757336844,-3.5615679891291445,4,0.23769517493812758,-0.08388521101031782,0.1447947749742717
6,0.6588942757336844,-3.5615679891291445,5,0.20802931833198085,-0.03495335549531217,0.1733560129214098
6,0.6588942757336844,-3.5615679891291445,6,0.17848077828808837,0.013784994160417072,0.1877660464329303
6,0.6588942757336844,-3.5615679891291445,7,0.14904463428207385,0.06233795403425271,0.18808235547674118
6,0.6588942757336844,-3.5615679891291445,8,0.11971989324565908,0.11070716212620756,0.17435875140297655
6,0.6588942757336844,-3.5615679891291445,9,0.0901282366163644,0.15540154170033274,0.16074211932320545
6,0.6588942757336844,-3.5615679891291445,10,0.060283732012852594,0.19821194206800294,0.14018807945560674
6,0.6588942757336844,-3.5615679891291445,11,0.030227988765359273,0.23943633474473286,0.11155541732088414
6,0.6588942757336844,-3.5615679891291445,12,0.004923159397719591,0.2731226179198775,0.11033524582556851
6,0.6588942757336844,-3.5615679891291445,13,-0.01646862263059229,0.3031388125791749,0.11709584761733657
6,0.6588942757336844,-3.5615679891291445,14,-0.03750088128427056,0.3318843526161007,0.11468675260743548
6,0.6588942757336844,-3.5615679891291445,15,-0.05817575363711801,0.35880232539013607,0.10539774148143362
6,0.6588942757336844,-3.5615679891291445,16,-0.0760429551501321,0.3819483235494277,0.1013902212166865
6,0.6588942757336844,-3.5615679891291445,17,-0.08882607954925256,0.3881418132925014,0.1011531872465719
6,0.6588942757336844,-3.5615679891291445,18,-0.0982087218293218,0.38889069214531,0.09948832842021695
6,0.6588942757336844,-3.5615679891291445,19,-0.10350338558798729,0.38727678586497327,0.0993671024516602
6,0.6588942757336844,-3.5615679891291445,20,-0.10544717025462574,0.38652313914621084,0.09941079421393453
6,0.6588942757336844,-3.5615679891291445,21,-0.10544376121522937,0.38643685282396373,0.09971639660883917
6,0.6588942757336844,-3.5615679891291445,22,-0.10542226049766952,0.38638282139821556,0.09986096658090332
6,0.6588942757336844,-3.5615679891291445,23,-0.10543690319425433,0.38638585483839166,0.09992908423145892
6,0.6588942757336844,-3.5615679891291445,24,-0.10544376637089162,0.3863872819344965,0.09996124638649763
6,0.6588942757336844,-3.5615679891291445,25,-0.10544698526157441,0.3863879512273959,0.09997643211225432
6,0.6588942757336844,-3.5615679891291445,26,-0.10544849888078106,0.3863882671408889,0.09998360227009043
6,0.6588942757336844,-3.5615679891291445,27,-0.10544891148973956,0.38638763744980065,0.09998603031650656
6,0.6588942757336844,-3.5615679891291445,28,-0.10544898198479441,0.3863869537144856,0.09998671207681167
6,0.6588942757336844,-3.5615679891291445,29,-0.10544904113005313,0.3863866332557872,0.09998703207001673
6,0.6588942757336844,-3.5615679891291445,30,-0.10544909535274284,0.38638648329768116,0.09998718235488727
7,0.47782208185196606,-184.1418968596845,1,0.33459734088194637,-0.3790443313565559,0.48501302811306574
7,0.47782208185196606,-184.1418968596845,2,0.32263270815539813,-0.2879603310537468,0.46675383709007784
7,0.47782208185196606,-184.1418968596845,3,0.3107313470035705,-0.1973580027138574,0.4345620758947843
7,0.47782208185196606,-184.1418968596845,4,0.2988948280683345,-0.10724930327262742,0.3885177440864933
7,0.47782208185196606,-184.1418968596845,5,0.2871254694224402,-0.01765187968536926,0.3287082588377925
7,0.47782208185196606,-184.1418968596845,6,0.2754261827338736,0.07141210218843799,0.2552303211457358
7,0.47782208185196606,-184.1418968596845,7,0.2638003265324115,0.15991707463316165,0.1681911327894485
7,0.47782208185196606,-184.1418968596845,8,0.2561928462978309,0.2331610304403588,0.12864460766689
7,0.47782208185196606,-184.1418968596845,9,0.24981406646265705,0.29545625852877927,0.11844979662311576
7,0.47782208185196606,-184.1418968596845,10,0.24375918704816044,0.35206466118113855,0.11624253065196849
7,0.47782208185196606,-184.1418968596845,11,0.2425630229054198,0.37020440427644735,0.10715646570808073
7,0.47782208185196606,-184.1418968596845,12,0.24091820582001808,0.3825159146722797,0.10122219958106328
7,0.47782208185196606,-184.1418968596845,13,0.23850845555264694,0.3882659445713266,0.1007134420959858
7,0.47782208185196606,-184.1418968596845,14,0.23560420763699524,0.3870514135496377,0.09978131359236879
7,0.47782208185196606,-184.1418968596845,15,0.2348954926537596,0.38679890709671527,0.09989233495246014
7,0.47782208185196606,-184.1418968596845,16,0.2351029071046111,0.38703721941527935,0.09994449818804087
7,0.47782208185196606,-184.1418968596845,17,0.23514553763114288,0.3870963508849202,0.09996859236545552
7,0.47782208185196606,-184.1418968596845,18,0.23514781902270554,0.3871075957237938,0.09997997073390677
7,0.47782208185196606,-184.1418968596845,19,0.23514890170007555,0.3871126275592165,0.09998531443730896
7,0.47782208185196606,-184.1418968596845,20,0.2351498957608369,0.3871135467077354,0.09998649968669639
7,0.47782208185196606,-184.1418968596845,21,0.23514993897038655,0.3871131420831278,0.0999864069299201
7,0.47782208185196606,-184.1418968596845,22,0.23514998386284988,0.3871126871034836,0.09998636287883585
7,0.47782208185196606,-184.1418968596845,23,0.23515002820085748,0.3871122088371149,0.09998634217595742
7,0.47782208185196606,-184.1418968596845,24,0.235150072278276,0.387111719626513,0.09998633244614705
7,0.47782208185196606,-184.1418968596845,25,0.2351501162331715,0.38711122527227965,0.09998632787339505
7,0.47782208185196606,-184.1418968596845,26,0.2351501601304333,0.38711072850054734,0.09998632572432681
7,0.47782208185196606,-184.1418968596845,27,0.2351502040005583,0.38711023059252775,0.09998632471432702
7,0.47782208185196606,-184.1418968596845,28,0.2351502478578796,0.3871097321503569,0.09998632423965982
7,0.47782208185196606,-184.1418968596845,29,0.23515029170913346,0.3871092334570231,0.09998632401658503
7,0.47782208185196606,-184.1418968596845,30,0.23515033555748588,0.38710873464552337,0.09998632391175212
8,0.47782208185196606,-184.1418968596845,1,0.33459734088194637,-0.3790443313565559,0.48501302811306574
8,0.47782208185196606,-184.1418968596845,2,0.32263270815539813,-0.2879603310537468,0.46675383709007784
8,0.47782208185196606,-184.1418968596845,3,0.3107313470035705,-0.1973580027138574,0.4345620758947843
8,0.47782208185196606,-184.1418968596845,4,0.2988948280683345,-0.10724930327262742,0.3885177440864933
8,0.47782208185196606,-184.1418968596845,5,0.2871254694224402,-0.01765187968536926,0.3287082588377925
8,0.47782208185196606,-184.1418968596845,6,0.2754261827338736,0.07141210218843799,0.2552303211457358
8,0.47782208185196606,-184.1418968596845,7,0.2638003265324115,0.15991707463316165,0.1681911327894485
8,0.47782208185196606,-184.1418968596845,8,0.2561928462978309,0.2331610304403588,0.12864460766689
8,0.47782208185196606,-184.1418968596845,9,0.24981406646265705,0.29545625852877927,0.11844979662311576
8,0.47782208185196606,-184.1418968596845,10,0.24375918704816044,0.35206466118113855,0.11624253065196849
8,0.47782208185196606,-184.1418968596845,11,0.2425630229054198,0.37020440427644735,0.10715646570808073
8,0.47782208185196606,-184.1418968596845,12,0.24091820582001808,0.3825159146722797,0.10122219958106328
8,0.47782208185196606,-184.1418968596845,13,0.23850845555264694,0.3882659445713266,0.1007134420959858
8,0.47782208185196606,-184.1418968596845,14,0.23560420763699524,0.3870514135496377,0.09978131359236879
8,0.47782208185196606,-184.1418968596845,15,0.2348954926537596,0.38679890709671527,0.09989233495246014
8,0.47782208185196606,-184.1418968596845,16,0.2351029071046111,0.38703721941527935,0.09994449818804087
8,0.47782208185196606,-184.1418968596845,17,0.23514553763114288,0.3870963508849202,0.09996859236545552
8,0.47782208185196606,-184.1418968596845,18,0.23514781902270554,0.3871075957237938,0.09997997073390677
8,0.47782208185196606,-184.1418968596845,19,0.23514890170007555,0.3871126275592165,0.09998531443730896
8,0.47782208185196606,-184.1418968596845,20,0.2351498957608369,0.3871135467077354,0.09998649968669639
8,0.47782208185196606,-184.1418968596845,21,0.23514993897038655,0.3871131420831278,0.0999864069299201
8,0.47782208185196606,-184.1418968596845,22,0.23514998386284988,0.3871126871034836,0.09998636287883585
8,0.47782208185196606,-184.1418968596845,23,0.23515002820085748,0.3871122088371149,0.09998634217595742
8,0.47782208185196606,-184.1418968596845,24,0.235150072278276,0.387111719626513,0.09998633244614705
8,0.47782208185196606,-184.1418968596845,25,0.2351501162331715,0.38711122527227965,0.09998632787339505
8,0.47782208185196606,-184.1418968596845,26,0.2351501601304333,0.38711072850054734,0.09998632572432681
8,0.47782208185196606,-184.1418968596845,27,0.2351502040005583,0.38711023059252775,0.09998632471432702
8,0.47782208185196606,-184.1418968596845,28,0.2351502478578796,0.3871097321503569,0.09998632423965982
8,0.47782208185196606,-184.1418968596845,29,0.23515029170913346,0.3871092334570231,0.09998632401658503
8,0.47782208185196606,-184.1418968596845,30,0.23515033555748588,0.38710873464552337,0.09998632391175212
9,0.6843770593157806,-8.265809782275038,1,0.3144501176490504,-0.35851151980171236,0.4846460911750981
9,0.6843770593157806,-8.265809782275038,2,0.28544294473630916,-0.25903759861064546,0.37365976145309
9,0.6843770593157806,-8.265809782275038,3,0.2566594907120878,-0.16033087369728938,0.2495160516137207
9,0.6843770593157806,-8.265809782275038,4,0.22741453846296927,-0.07168418200606916,0.1495278751032037
9,0.6843770593157806,-8.265809782275038,5,0.1962943842331693,-0.017680993533667134,0.17316896753071487
9,0.6843770593157806,-8.265809782275038,6,0.16549175866208685,0.035219618688509265,0.18628406579535373
9,0.6843770593157806,-8.265809782275038,7,0.13481120418504167,0.08791058528829225,0.18530930994511893
9,0.6843770593157806,-8.265809782275038,8,0.10425199471757468,0.14039315324744708,0.17030077619168757
9,0.6843770593157806,-8.265809782275038,9,0.07344979635909821,0.18948846293280086,0.15410500090340148
9,0.6843770593157806,-8.265809782275038,10,0.044461807040158854,0.23397454466471937,0.14510511482653587
9,0.6843770593157806,-8.265809782275038,11,0.019546507060192675,0.27453982011070155,0.14397920784564294
9,0.6843770593157806,-8.265809782275038,12,-0.0047490299660328675,0.3147396349515135,0.13113922052766472
9,0.6843770593157806,-8.265809782275038,13,-0.02537194160615644,0.3371265504468704,0.12183060376982456
9,0.6843770593157806,-8.265809782275038,14,-0.044311259920085624,0.34063258775599886,0.11455239648251235
9,0.6843770593157806,-8.265809782275038,15,-0.06197357460154512,0.3373698532139821,0.10794383592525554
9,0.6843770593157806,-8.265809782275038,16,-0.07613612977557083,0.3357708588391087,0.10270458243653431
9,0.6843770593157806,-8.265809782275038,17,-0.0880439384512962,0.33447625788300045,0.0998263836862483
9,0.6843770593157806,-8.265809782275038,18,-0.09665135524331868,0.33382789788964545,0.0995849653549847
9,0.6843770593157806,-8.265809782275038,19,-0.10195453027771176,0.33335875713464697,0.09969426102871042
9,0.6843770593157806,-8.265809782275038,20,-0.10405614330408301,0.3332494864162444,0.09939367475813364
9,0.6843770593157806,-8.265809782275038,21,-0.10429960103790487,0.3330292711438495,0.09970867169104747
9,0.6843770593157806,-8.265809782275038,22,-0.10431548542086393,0.33312640016258527,0.09985721698115971
9,0.6843770593157806,-8.265809782275038,23,-0.10432296702511455,0.33317198987228547,0.09992732555315786
9,0.6843770593157806,-8.265809782275038,24,-0.10432649158423073,0.3331933716243865,0.09996042285629152
9,0.6843770593157806,-8.265809782275038,25,-0.10432813924457476,0.33320340208536925,0.09997604957466132
9,0.6843770593157806,-8.265809782275038,26,-0.10432890573182622,0.33320810282382407,0.0999834281018095
9,0.6843770593157806,-8.265809782275038,27,-0.10432827972381693,0.3332100120588963,0.09998632116894814
9,0.6843770593157806,-8.265809782275038,28,-0.10432723764053255,0.333210790557948,0.09998719174759402
9,0.6843770593157806,-8.265809782275038,29,-0.10432673810089492,0.33321113474364145,0.09998758545583139
9,0.6843770593157806,-8.265809782275038,30,-0.1043265064179922,0.33321127094490594,0.09998777036693494
10,0.6689838100730493,-8.546513620272258,1,0.31605506743916945,-0.35847540467900824,0.48429933053751334
10,0.6689838100730493,-8.546513620272258,2,0.28872025140416646,-0.2616721026591669,0.3731380925024416
10,0.6689838100730493,-8.546513620272258,3,0.2615942518502587,-0.16560830167932852,0.24881222852176194
10,0.6689838100730493,-8.546513620272258,4,0.233601671555765,-0.07904240069658698,0.1466610205974761
10,0.6689838100730493,-8.546513620272258,5,0.2027091608566469,-0.027055862907104922,0.16866474633792602
10,0.6689838100730493,-8.546513620272258,6,0.17197800640887473,0.024541205792076252,0.17728483891740537
10,0.6689838100730493,-8.546513620272258,7,0.14136682342556683,0.07593684450904105,0.1718331243157991
10,0.6689838100730493,-8.546513620272258,8,0.11087616589821607,0.12713012310180064,0.15236522605832634
10,0.6689838100730493,-8.546513620272258,9,0.08133017601075442,0.1742042780542389,0.1349386409785173
10,0.6689838100730493,-8.546513620272258,10,0.05352461573798876,0.21835236600055846,0.11734497871013518
10,0.6689838100730493,-8.546513620272258,11,0.02882452949707844,0.255424592530259,0.11884837752128138
10,0.6689838100730493,-8.546513620272258,12,0.004539691396923426,0.29146068431031374,0.11043240621474769
10,0.6689838100730493,-8.546513620272258,13,-0.017861196187318375,0.3257585513539968,0.09857876001647264
10,0.6689838100730493,-8.546513620272258,14,-0.03690594516029291,0.3508034157536665,0.10295925937474312
10,0.6689838100730493,-8.546513620272258,15,-0.05688642112302925,0.3437614341078275,0.09920099699526243
10,0.6689838100730493,-8.546513620272258,16,-0.07303027601524813,0.33851180610629567,0.10029055495652661
10,0.6689838100730493,-8.546513620272258,17,-0.08690539851425148,0.33403773167058065,0.09910040893013906
10,0.6689838100730493,-8.546513620272258,18,-0.09785738460361063,0.33099791003848505,0.09904647934688489
10,0.6689838100730493,-8.546513620272258,19,-0.10571690860627607,0.32851096272510594,0.09882007337621336
10,0.6689838100730493,-8.546513620272258,20,-0.11035509482383614,0.32703630411879286,0.0990651432926431
10,0.6689838100730493,-8.546513620272258,21,-0.11163707667643413,0.32655775518105756,0.09955345513822253
10,0.6689838100730493,-8.546513620272258,22,-0.11165324391800276,0.3266289938371265,0.09978371054313809
10,0.6689838100730493,-8.546513620272258,23,-0.11165601825315423,0.32667119163531544,0.09989262861388128
10,0.6689838100730493,-8.546513620272258,24,-0.11167578543501686,0.3266659172202569,0.09994412996736507
10,0.6689838100730493,-8.546513620272258,25,-0.11168480336234833,0.32666345551726744,0.09996840581079718
10,0.6689838100730493,-8.546513620272258,26,-0.11168876928210651,0.3266623189450767,0.09997984691233203
10,0.6689838100730493,-8.546513620272258,27,-0.1116901568348062,0.32666167732004064,0.09998500802251037
10,0.6689838100730493,-8.546513620272258,28,-0.11168889013309652,0.32666177166666266,0.09998570096476626
10,0.6689838100730493,-8.546513620272258,29,-0.11168802112232927,0.32666185987678664,0.09998603463217126
10,0.6689838100730493,-8.546513620272258,30,-0.11168732505926515,0.32666191566665,0.09998619130445116
11,0.4992697148211088,-174.6315886878333,1,0.3323360158434979,-0.3793272556234107,0.4855593442362522
11,0.4992697148211088,-174.6315886878333,2,0.317523540311352,-0.2841486832673081,0.46755471003469734
11,0.4992697148211088,-174.6315886878333,3,0.30279188960222064,-0.18948945632708633,0.43562022301049713
11,0.4992697148211088,-174.6315886878333,4,0.2881428297470484,-0.09536092255509583,0.38983777471375763
11,0.4992697148211088,-174.6315886878333,5,0.27357903034363673,-0.0017802356341861472,0.33029626818398067
11,0.4992697148211088,-174.6315886878333,6,0.25910388933188006,0.09123077074097037,0.2570934914364702
11,0.4992697148211088,-174.6315886878333,7,0.24472136242638612,0.18364667885621785,0.17033737712938107
11,0.4992697148211088,-174.6315886878333,8,0.2354684957341596,0.26279543938180094,0.1247311899677079
11,0.4992697148211088,-174.6315886878333,9,0.22723527788978548,0.33018041886409827,0.11227063837648626
11,0.4992697148211088,-174.6315886878333,10,0.22204726040647682,0.3733774964983041,0.10631513622829704
11,0.4992697148211088,-174.6315886878333,11,0.22110863746874565,0.38333862872877494,0.10182849306448125
11,0.4992697148211088,-174.6315886878333,12,0.22069296305915323,0.37927135817627083,0.09981457882379632
11,0.4992697148211088,-174.6315886878333,13,0.22065808216055513,0.37871389038991554,0.09990699177623803
11,0.4992697148211088,-174.6315886878333,14,0.2205999144032141,0.37873811437164157,0.09995082562009981
11,0.4992697148211088,-174.6315886878333,15,0.22058072331385176,0.37874152321192595,0.09997162495320581
11,0.4992697148211088,-174.6315886878333,16,0.22057190538922447,0.3787431233661914,0.09998139382261342
11,0.4992697148211088,-174.6315886878333,17,0.22056797989163307,0.3787439869266068,0.09998591204896598
11,0.4992697148211088,-174.6315886878333,18,0.2205677629066108,0.37874483224923305,0.09998642331140466
11,0.4992697148211088,-174.6315886878333,19,0.22056805656585624,0.3787448153159566,0.09998641019987384
11,0.4992697148211088,-174.6315886878333,20,0.22056835737177824,0.37874479866211497,0.09998640399469372
11,0.4992697148211088,-174.6315886878333,21,0.22056866144291973,0.37874478218438135,0.0999864010827293
11,0.4992697148211088,-174.6315886878333,22,0.22056896704543355,0.3787447657887771,0.09998639971645881
11,0.4992697148211088,-174.6315886878333,23,0.2205692733655233,0.37874474943118963,0.09998639907567158
11,0.4992697148211088,-174.6315886878333,24,0.22056958002122737,0.378744733090914,0.0999863987753955
11,0.4992697148211088,-174.6315886878333,25,0.22056988683326925,0.37874471675823185,0.09998639863494095
11,0.4992697148211088,-174.6315886878333,26,0.22057019371750408,0.3787447004285818,0.09998639856949985
11,0.4992697148211088,-174.6315886878333,27,0.22057050063443778,0.37874468409982304,0.0999863985392669
11,0.4992697148211088,-174.6315886878333,28,0.22057080756553346,0.37874466777095056,0.09998639852555916
11,0.4992697148211088,-174.6315886878333,29,0.22057111450209074,0.3787446514414926,0.09998639851960764
11,0.4992697148211088,-174.6315886878333,30,0.22057142144002603,0.37874463511122786,0.0999863985172966
12,0.47782208185196606,-184.1418968596845,1,0.33459734088194637,-0.3790443313565559,0.48501302811306574
12,0.47782208185196606,-184.1418968596845,2,0.32263270815539813,-0.2879603310537468,0.46675383709007784
12,0.47782208185196606,-184.1418968596845,3,0.3107313470035705,-0.1973580027138574,0.4345620758947843
12,0.47782208185196606,-184.1418968596845,4,0.2988948280683345,-0.10724930327262742,0.3885177440864933
12,0.47782208185196606,-184.1418968596845,5,0.2871254694224402,-0.01765187968536926,0.3287082588377925
12,0.47782208185196606,-184.1418968596845,6,0.2754261827338736,0.07141210218843799,0.2552303211457358
12,0.47782208185196606,-184.1418968596845,7,0.2638003265324115,0.15991707463316165,0.1681911327894485
12,0.47782208185196606,-184.1418968596845,8,0.2561928462978309,0.2331610304403588,0.12864460766689
12,0.47782208185196606,-184.1418968596845,9,0.24981406646265705,0.29545625852877927,0.11844979662311576
12,0.47782208185196606,-184.1418968596845,10,0.24375918704816044,0.35206466118113855,0.11624253065196849
12,0.47782208185196606,-184.1418968596845,11,0.2425630229054198,0.37020440427644735,0.10715646570808073
12,0.47782208185196606,-184.1418968596845,12,0.24091820582001808,0.3825159146722797,0.10122219958106328
12,0.47782208185196606,-184.1418968596845,13,0.23850845555264694,0.3882659445713266,0.1007134420959858
12,0.47782208185196606,-184.1418968596845,14,0.23560420763699524,0.3870514135496377,0.09978131359236879
12,0.47782208185196606,-184.1418968596845,15,0.2348954926537596,0.38679890709671527,0.09989233495246014
12,0.47782208185196606,-184.1418968596845,16,0.2351029071046111,0.38703721941527935,0.09994449818804087
12,0.47782208185196606,-184.1418968596845,17,0.23514553763114288,0.3870963508849202,0.09996859236545552
12,0.47782208185196606,-184.1418968596845,18,0.23514781902270554,0.3871075957237938,0.09997997073390677
12,0.47782208185196606,-184.1418968596845,19,0.23514890170007555,0.3871126275592165,0.09998531443730896
12,0.47782208185196606,-184.1418968596845,20,0.2351498957608369,0.3871135467077354,0.09998649968669639
12,0.47782208185196606,-184.1418968596845,21,0.23514993897038655,0.3871131420831278,0.0999864069299201
12,0.47782208185196606,-184.1418968596845,22,0.23514998386284988,0.3871126871034836,0.09998636287883585
12,0.47782208185196606,-184.1418968596845,23,0.23515002820085748,0.3871122088371149,0.09998634217595742
12,0.47782208185196606,-184.1418968596845,24,0.235150072278276,0.387111719626513,0.09998633244614705
12,0.47782208185196606,-184.1418968596845,25,0.2351501162331715,0.38711122527227965,0.09998632787339505
12,0.47782208185196606,-184.1418968596845,26,0.2351501601304333,0.38711072850054734,0.09998632572432681
12,0.47782208185196606,-184.1418968596845,27,0.2351502040005583,0.38711023059252775,0.09998632471432702
12,0.47782208185196606,-184.1418968596845,28,0.2351502478578796,0.3871097321503569,0.09998632423965982
12,0.47782208185196606,-184.1418968596845,29,0.23515029170913346,0.3871092334570231,0.09998632401658503
12,0.47782208185196606,-184.1418968596845,30,0.23515033555748588,0.38710873464552337,0.09998632391175212
13,0.5529598878902245,-116.3587246522393,1,0.32666966699805516,-0.38004554315597927,0.4869229103078576
13,0.5529598878902245,-116.3587246522393,2,0.30463662936284913,-0.27472119026014796,0.4695438730880587
13,0.5529598878902245,-116.3587246522393,3,0.2827332655394842,-0.17001671604586008,0.4382416611916345
13,0.5529598878902245,-116.3587246522393,4,0.2609615798358245,-0.06594170168990435,0.3931031132551329
13,0.5529598878902245,-116.3587246522393,5,0.23932483945948752,0.037488234601378546,0.3342211233153821
13,0.5529598878902245,-116.3587246522393,6,0.21782736173832934,0.14025245474030362,0.2616965037561243
13,0.5529598878902245,-116.3587246522393,7,0.19647429809701583,0.2423263334129035,0.17563931996273105
13,0.5529598878902245,-116.3587246522393,8,0.18343648886351765,0.33399391668089246,0.1272545183743233
13,0.5529598878902245,-116.3587246522393,9,0.17204390152629626,0.385324279648514,0.12632161189416952
13,0.5529598878902245,-116.3587246522393,10,0.1590300187073605,0.3662839655377299,0.12068048428996819
13,0.5529598878902245,-116.3587246522393,11,0.148940810227578,0.34760966111126096,0.1157071631554131
13,0.5529598878902245,-116.3587246522393,12,0.14016441518870504,0.3307777615377287,0.10594705197855955
13,0.5529598878902245,-116.3587246522393,13,0.13231608276984486,0.3181919379901075,0.09997765127413154
13,0.5529598878902245,-116.3587246522393,14,0.1258593329325402,0.31000139706485963,0.09949851220814454
13,0.5529598878902245,-116.3587246522393,15,0.12079918449947882,0.3046111587585656,0.09868742391967116
13,0.5529598878902245,-116.3587246522393,16,0.11748365925620016,0.3018436942907351,0.09861624834920536
13,0.5529598878902245,-116.3587246522393,17,0.1168281411315984,0.30116686680993876,0.09934164531695508
13,0.5529598878902245,-116.3587246522393,18,0.11674188833356311,0.30119573986047293,0.099684087184546
13,0.5529598878902245,-116.3587246522393,19,0.11670147349322865,0.301209294009703,0.09984573777662682
13,0.5529598878902245,-116.3587246522393,20,0.11668272177665165,0.30121564557954494,0.0999220085724676
13,0.5529598878902245,-116.3587246522393,21,0.11667415480789996,0.3012186263804185,0.09995796761414377
13,0.5529598878902245,-116.3587246522393,22,0.11667038202189246,0.3012200296673983,0.09997492153809537
13,0.5529598878902245,-116.3587246522393,23,0.11666886578211413,0.3012206949295194,0.09998291508225363
13,0.5529598878902245,-116.3587246522393,24,0.11666978343198241,0.30122124089476326,0.0999851736823477
13,0.5529598878902245,-116.3587246522393,25,0.11667090983131567,0.3012212233507428,0.09998578558026527
13,0.5529598878902245,-116.3587246522393,26,0.11667171393618524,0.30122123034932136,0.09998607311305861
13,0.5529598878902245,-116.3587246522393,27,0.11667236644111444,0.3012212488902696,0.09998620825092176
13,0.5529598878902245,-116.3587246522393,28,0.1166729476955181,0.3012212728558546,0.09998627176462131
13,0.5529598878902245,-116.3587246522393,29,0.11667349546288273,0.3012212993708254,0.09998630161558547
13,0.5529598878902245,-116.3587246522393,30,0.11667402749172784,0.3012213270838452,0.09998631564534119
14,0.5640195942323276,-54.67610365966851,1,0.32697206479618657,-0.35826930340140045,0.48192253494718795
14,0.5640195942323276,-54.67610365966851,2,0.3109313285490895,-0.2799286513716174,0.3693183525153536
14,0.5640195942323276,-54.67610365966851,3,0.2950059293883241,-0.2021512891065464,0.24350730496143244
14,0.5640195942323276,-54.67610365966851,4,0.28001025389279544,-0.12147535219274999,0.14491715901037838
14,0.5640195942323276,-54.67610365966851,5,0.25537368275093697,-0.050560899015087694,0.19249644038989
14,0.5640195942323276,-54.67610365966851,6,0.2308582095582777,0.020004983137858694,0.22580943759321373
14,0.5640195942323276,-54.67610365966851,7,0.20645720034425039,0.09024138963420966,0.2449331269392506
14,0.5640195942323276,-54.67610365966851,8,0.1821662797766286,0.1601609145273552,0.24993600672017957
14,0.5640195942323276,-54.67610365966851,9,0.15798358121957365,0.22976893078332297,0.24088195719774735
14,0.5640195942323276,-54.67610365966851,10,0.13390979446118334,0.2990634529007426,0.21783458769149894
14,0.5640195942323276,-54.67610365966851,11,0.11280192633737103,0.3269634125736893,0.19071758434439653
14,0.5640195942323276,-54.67610365966851,12,0.0940442128142931,0.3219437274614475,0.15752251662099817
14,0.5640195942323276,-54.67610365966851,13,0.0760737542473068,0.3136174446563994,0.13900350789893262
14,0.5640195942323276,-54.67610365966851,14,0.05974612574662604,0.2994828386212865,0.13495139754320473
14,0.5640195942323276,-54.67610365966851,15,0.04345704016602493,0.28536589880977653,0.11693251761540352
14,0.5640195942323276,-54.67610365966851,16,0.026813963936542014,0.27495506659434765,0.104567644960182
14,0.5640195942323276,-54.67610365966851,17,0.01329470596181572,0.26802350217755794,0.10075818587874462
14,0.5640195942323276,-54.67610365966851,18,0.003217423693868619,0.26306126290337917,0.09951439114618624
14,0.5640195942323276,-54.67610365966851,19,-0.0038322193204415175,0.2597334292079644,0.09895129354977752
14,0.5640195942323276,-54.67610365966851,20,-0.007946188762972478,0.25843806540762343,0.09925400248777189
14,0.5640195942323276,-54.67610365966851,21,-0.008954508506352004,0.2583082721398678,0.099642247761119
14,0.5640195942323276,-54.67610365966851,22,-0.008890362263967338,0.25835277050768823,0.0998258264748776
14,0.5640195942323276,-54.67610365966851,23,-0.008860371984725201,0.25839679210300953,0.09991268121877357
14,0.5640195942323276,-54.67610365966851,24,-0.008843944436000001,0.25837469209966574,0.09995350441045472
14,0.5640195942323276,-54.67610365966851,25,-0.008836191770909047,0.2583638541063708,0.09997277856494682
14,0.5640195942323276,-54.67610365966851,26,-0.00883257568132291,0.25835878822996056,0.09998187784695584
14,0.5640195942323276,-54.67610365966851,27,-0.008830889076508521,0.25835642024854544,0.09998617376562947
14,0.5640195942323276,-54.67610365966851,28,-0.00883058916510867,0.2583561109400931,0.099986824091651
14,0.5640195942323276,-54.67610365966851,29,-0.008830535515287452,0.2583562056331543,0.09998687003551847
14,0.5640195942323276,-54.67610365966851,30,-0.00883050127653154,0.25835626539400375,0.09998690838330294
15,0.47782208185196606,-184.1418968596845,1,0.33459734088194637,-0.3790443313565559,0.48501302811306574
15,0.47782208185196606,-184.1418968596845,2,0.32263270815539813,-0.2879603310537468,0.46675383709007784
15,0.47782208185196606,-184.1418968596845,3,0.3107313470035705,-0.1973580027138574,0.4345620758947843
15,0.47782208185196606,-184.1418968596845,4,0.2988948280683345,-0.10724930327262742,0.3885177440864933
15,0.47782208185196606,-184.1418968596845,5,0.2871254694224402,-0.01765187968536926,0.3287082588377925
15,0.47782208185196606,-184.1418968596845,6,0.2754261827338736,0.07141210218843799,0.2552303211457358
15,0.47782208185196606,-184.1418968596845,7,0.2638003265324115,0.15991707463316165,0.1681911327894485
15,0.47782208185196606,-184.1418968596845,8,0.2561928462978309,0.2331610304403588,0.12864460766689
15,0.47782208185196606,-184.1418968596845,9,0.24981406646265705,0.29545625852877927,0.11844979662311576
15,0.47782208185196606,-184.1418968596845,10,0.24375918704816044,0.35206466118113855,0.11624253065196849
15,0.47782208185196606,-184.1418968596845,11,0.2425630229054198,0.37020440427644735,0.10715646570808073
15,0.47782208185196606,-184.1418968596845,12,0.24091820582001808,0.3825159146722797,0.10122219958106328
15,0.47782208185196606,-184.1418968596845,13,0.23850845555264694,0.3882659445713266,0.1007134420959858
15,0.47782208185196606,-184.1418968596845,14,0.23560420763699524,0.3870514135496377,0.09978131359236879
15,0.47782208185196606,-184.1418968596845,15,0.2348954926537596,0.38679890709671527,0.09989233495246014
15,0.47782208185196606,-184.1418968596845,16,0.2351029071046111,0.38703721941527935,0.09994449818804087
15,0.47782208185196606,-184.1418968596845,17,0.23514553763114288,0.3870963508849202,0.09996859236545552
15,0.47782208185196606,-184.1418968596845,18,0.23514781902270554,0.3871075957237938,0.09997997073390677
15,0.47782208185196606,-184.1418968596845,19,0.23514890170007555,0.3871126275592165,0.09998531443730896
15,0.47782208185196606,-184.1418968596845,20,0.2351498957608369,0.3871135467077354,0.09998649968669639
15,0.47782208185196606,-184.1418968596845,21,0.23514993897038655,0.3871131420831278,0.0999864069299201
15,0.47782208185196606,-184.1418968596845,22,0.23514998386284988,0.3871126871034836,0.09998636287883585
15,0.47782208185196606,-184.1418968596845,23,0.23515002820085748,0.3871122088371149,0.09998634217595742
15,0.47782208185196606,-184.1418968596845,24,0.235150072278276,0.387111719626513,0.09998633244614705
15,0.47782208185196606,-184.1418968596845,25,0.2351501162331715,0.38711122527227965,0.09998632787339505
15,0.47782208185196606,-184.1418968596845,26,0.2351501601304333,0.38711072850054734,0.09998632572432681
15,0.47782208185196606,-184.1418968596845,27,0.2351502040005583,0.38711023059252775,0.09998632471432702
15,0.47782208185196606,-184.1418968596845,28,0.2351502478578796,0.3871097321503569,0.09998632423965982
15,0.47782208185196606,-184.1418968596845,29,0.23515029170913346,0.3871092334570231,0.09998632401658503
15,0.47782208185196606,-184.1418968596845,30,0.23515033555748588,0.38710873464552337,0.09998632391175212
16,0.4826005043071186,-181.60397977913908,1,0.33409364087087107,-0.379107163744179,0.48513482398179125
16,0.4826005043071186,-181.60397977913908,2,0.32149709684837835,-0.2871086464063996,0.4669368510515396
16,0.4826005043071186,-181.60397977913908,3,0.30896763576366126,-0.1956000674837116,0.43480689137999995
16,0.4826005043071186,-181.60397977913908,4,0.29650687661008224,-0.10459325125019132,0.3888253594048566
16,0.4826005043071186,-181.60397977913908,5,0.28411722123474176,-0.014105739530939587,0.3290799948079295
16,0.4826005043071186,-181.60397977913908,6,0.27180169536973564,0.07584036932181448,0.2556677312418316
16,0.4826005043071186,-181.60397977913908,7,0.2595637962808893,0.16521953312204785,0.16869592367713684
16,0.4826005043071186,-181.60397977913908,8,0.25169106937534885,0.2395702712659706,0.12866494259762543
16,0.4826005043071186,-181.60397977913908,9,0.24507737457660694,0.30275113684508537,0.11902859283097368
16,0.4826005043071186,-181.60397977913908,10,0.23980255158858962,0.3527291329328297,0.11653397318140876
16,0.4826005043071186,-181.60397977913908,11,0.2380606985375724,0.3734092612142789,0.10927910779452903
16,0.4826005043071186,-181.60397977913908,12,0.23472216696849577,0.388775015978431,0.1013926621209539
16,0.4826005043071186,-181.60397977913908,13,0.23201540885076702,0.3869041358721692,0.09985072820245283
16,0.4826005043071186,-181.60397977913908,14,0.23149877580794376,0.3864615465148289,0.09992374725836167
16,0.4826005043071186,-181.60397977913908,15,0.23149971456896326,0.3864972597904318,0.0999586930271436
16,0.4826005043071186,-181.60397977913908,16,0.23149389804251252,0.3865103507066153,0.09997496871539185
16,0.4826005043071186,-181.60397977913908,17,0.23148547174154172,0.38651199114793444,0.09998290605556752
16,0.4826005043071186,-181.60397977913908,18,0.2314817045391224,0.3865129674388792,0.09998664881508323
16,0.4826005043071186,-181.60397977913908,19,0.23148095977010713,0.3865120257678085,0.09998745857065021
16,0.4826005043071186,-181.60397977913908,20,0.23148070153989433,0.38651139792312394,0.09998772096445015
16,0.4826005043071186,-181.60397977913908,21,0.2314806807731547,0.3865111198426207,0.0999878419723067
16,0.4826005043071186,-181.60397977913908,22,0.23148077210931958,0.38651100869430194,0.09998789878561037
16,0.4826005043071186,-181.60397977913908,23,0.2314809161608788,0.3865109760384533,0.09998792547216681
16,0.4826005043071186,-181.60397977913908,24,0.23148108499887352,0.3865109802760231,0.09998793800766599
16,0.4826005043071186,-181.60397977913908,25,0.231481265491269,0.38651100185424897,0.09998794389601173
16,0.4826005043071186,-181.60397977913908,26,0.23148145146348922,0.3865110315829309,0.09998794666200032
16,0.4826005043071186,-181.60397977913908,27,0.23148164001230032,0.3865110651424883,0.09998794796133019
16,0.4826005043071186,-181.60397977913908,28,0.2314818297726266,0.38651110050263127,0.09998794857173007
16,0.4826005043071186,-181.60397977913908,29,0.23148202010262178,0.3865111367090834,0.09998794885852097
16,0.4826005043071186,-181.60397977913908,30,0.23148221070049557,0.3865111733133158,0.0999879489933042
17,0.6411438509882499,-5.321691829253657,1,0.31895536007715813,-0.35841376729449265,0.4836709031185005
17,0.6411438509882499,-5.321691829253657,2,0.29463454688151036,-0.2664636004561116,0.37216986849017686
17,0.6411438509882499,-5.321691829253657,3,0.27049641026710636,-0.17520408248657024,0.2474917466744153
17,0.6411438509882499,-5.321691829253657,4,0.24520488716764927,-0.09333116594034675,0.14524127611557738
17,0.6411438509882499,-5.321691829253657,5,0.21647714105085725,-0.0461787393609989,0.16996518392383383
17,0.6411438509882499,-5.321691829253657,6,0.1878593774143824,0.0007931669364204543,0.18055545353962205
17,0.6411438509882499,-5.321691829253657,7,0.1593477532228045,0.04759086073689246,0.17706702186573334
17,0.6411438509882499,-5.321691829253657,8,0.13094241307576973,0.09421410470108081,0.15955261455413514
17,0.6411438509882499,-5.321691829253657,9,0.10337100466068397,0.13799576258574067,0.13913541896335585
17,0.6411438509882499,-5.321691829253657,10,0.08035301154897125,0.17300619997050817,0.1436090802507859
17,0.6411438509882499,-5.321691829253657,11,0.05823038610476574,0.20717726211952567,0.1384235884132623
17,0.6411438509882499,-5.321691829253657,12,0.03812627013344574,0.23892783377574894,0.13142139476940223
17,0.6411438509882499,-5.321691829253657,13,0.019654000270172552,0.26876628469375363,0.12006014834962159
17,0.6411438509882499,-5.321691829253657,14,0.0023773645909823033,0.2973449903129087,0.10124302467223759
17,0.6411438509882499,-5.321691829253657,15,-0.012329760088234519,0.3183542156161836,0.10271922158123685
17,0.6411438509882499,-5.321691829253657,16,-0.025832131901251425,0.3365519176589913,0.10272875189171808
17,0.6411438509882499,-5.321691829253657,17,-0.03849640597191301,0.3522118686872292,0.0996229104688907
17,0.6411438509882499,-5.321691829253657,18,-0.049425384381134335,0.3646018174318879,0.09849137341846366
17,0.6411438509882499,-5.321691829253657,19,-0.0553147986813105,0.36326206832632607,0.09898493057874554
17,0.6411438509882499,-5.321691829253657,20,-0.058170045707965155,0.3617619567327497,0.09951509617622813
17,0.6411438509882499,-5.321691829253657,21,-0.05859129729007678,0.3614710439751783,0.09976578256916813
17,0.6411438509882499,-5.321691829253657,22,-0.058523762593868524,0.3614827081865885,0.09988429965951433
17,0.6411438509882499,-5.321691829253657,23,-0.058513515089311456,0.3614774235887419,0.09994012897645423
17,0.6411438509882499,-5.321691829253657,24,-0.058516392357819226,0.36147097702862885,0.09996646113518151
17,0.6411438509882499,-5.321691829253657,25,-0.058517740153669985,0.3614679589569578,0.0999788941630982
17,0.6411438509882499,-5.321691829253657,26,-0.0585183736607851,0.3614665454303016,0.09998476460467573
17,0.6411438509882499,-5.321691829253657,27,-0.05851769965886332,0.3614659113377739,0.0999861661541929
17,0.6411438509882499,-5.321691829253657,28,-0.058517372448501526,0.36146547401702045,0.09998660343674975
17,0.6411438509882499,-5.321691829253657,29,-0.05851697373866764,0.3614654447731558,0.09998674138705094
17,0.6411438509882499,-5.321691829253657,30,-0.058517019643648444,0.36146525922354583,0.09998687114168532
18,0.524380934626757,-154.86020403702912,1,0.32968680288917424,-0.3796614376037471,0.4861978114414677
18,0.524380934626757,-154.86020403702912,2,0.31151404148745343,-0.2797183421979069,0.4684857991195268
18,0.524380934626757,-154.86020403702912,3,0.29344406489565283,-0.1803405231326873,0.43684709566414176
18,0.524380934626757,-154.86020403702912,4,0.2754787940476228,-0.0815385447945798,0.3913658732757705
18,0.524380934626757,-154.86020403702912,5,0.2576212269222593,0.016671105102512643,0.3321328581359585
18,0.524380934626757,-154.86020403702912,6,0.2398752432695514,0.11426708944780466,0.2592472033190687
18,0.524380934626757,-154.86020403702912,7,0.22224541046301508,0.21122428946947103,0.17281778874140516
18,0.524380934626757,-154.86020403702912,8,0.21161615472058454,0.2962125908292918,0.12602110052802926
18,0.524380934626757,-154.86020403702912,9,0.2051237200863398,0.3685221384405308,0.11907123711408181
18,0.524380934626757,-154.86020403702912,10,0.2003795075656634,0.3849873434480731,0.1145975139053548
18,0.524380934626757,-154.86020403702912,11,0.1943175246285013,0.37307664393218726,0.10296975241731107
18,0.524380934626757,-154.86020403702912,12,0.19079539799596307,0.3658498083757202,0.10060598315236688
18,0.524380934626757,-154.86020403702912,13,0.1895197234266022,0.361484099718645,0.09977099941954427
18,0.524380934626757,-154.86020403702912,14,0.18909154844785528,0.3602208431325005,0.09956585473753643
18,0.524380934626757,-154.86020403702912,15,0.18919826917215965,0.3602557248106337,0.09978984098047908
18,0.524380934626757,-154.86020403702912,16,0.18925769337782722,0.3602803970937238,0.0998956313185096
18,0.524380934626757,-154.86020403702912,17,0.18925378089581021,0.3602672362295978,0.09994545153254661
18,0.524380934626757,-154.86020403702912,18,0.1892519514394001,0.36026107285603937,0.09996897435524404
18,0.524380934626757,-154.86020403702912,19,0.18925109374037208,0.360258182660974,0.09998008092645091
18,0.524380934626757,-154.86020403702912,20,0.18925071402267388,0.36025683806529085,0.09998529626755355
18,0.524380934626757,-154.86020403702912,21,0.18925143646961856,0.3602562267986609,0.09998630145786966
18,0.524380934626757,-154.86020403702912,22,0.18925198560296594,0.36025603774160947,0.09998659480559866
18,0.524380934626757,-154.86020403702912,23,0.18925225360230463,0.36025595769458046,0.09998676573011109
18,0.524380934626757,-154.86020403702912,24,0.18925237920783713,0.3602559137250121,0.09998686386768046
18,0.524380934626757,-154.86020403702912,25,0.18925227890166485,0.36025570330746354,0.09998693264932242
18,0.524380934626757,-154.86020403702912,26,0.18925245007861832,0.3602558029209783,0.09998689756251974
18,0.524380934626757,-154.86020403702912,27,0.18925233434731245,0.36025562669206135,0.09998694604139773
18,0.524380934626757,-154.86020403702912,28,0.18925247467690123,0.36025572852472826,0.0999869146680997
18,0.524380934626757,-154.86020403702912,29,0.18925234069852842,0.3602555515606299,0.0999869651071259
18,0.524380934626757,-154.86020403702912,30,0.18925236399668172,0.3602555374474174,0.09998693416385236
19,0.47782208185196606,-184.1418968596845,1,0.33459734088194637,-0.3790443313565559,0.48501302811306574
19,0.47782208185196606,-184.1418968596845,2,0.32263270815539813,-0.2879603310537468,0.46675383709007784
19,0.47782208185196606,-184.1418968596845,3,0.3107313470035705,-0.1973580027138574,0.4345620758947843
19,0.47782208185196606,-184.1418968596845,4,0.2988948280683345,-0.10724930327262742,0.3885177440864933
19,0.47782208185196606,-184.1418968596845,5,0.2871254694224402,-0.01765187968536926,0.3287082588377925
19,0.47782208185196606,-184.1418968596845,6,0.2754261827338736,0.07141210218843799,0.2552303211457358
19,0.47782208185196606,-184.1418968596845,7,0.2638003265324115,0.15991707463316165,0.1681911327894485
19,0.47782208185196606,-184.1418968596845,8,0.2561928462978309,0.2331610304403588,0.12864460766689
19,0.47782208185196606,-184.1418968596845,9,0.24981406646265705,0.29545625852877927,0.11844979662311576
19,0.47782208185196606,-184.1418968596845,10,0.24375918704816044,0.35206466118113855,0.11624253065196849
19,0.47782208185196606,-184.1418968596845,11,0.2425630229054198,0.37020440427644735,0.10715646570808073
19,0.47782208185196606,-184.1418968596845,12,0.24091820582001808,0.3825159146722797,0.10122219958106328
19,0.47782208185196606,-184.1418968596845,13,0.23850845555264694,0.3882659445713266,0.1007134420959858
19,0.47782208185196606,-184.1418968596845,14,0.23560420763699524,0.3870514135496377,0.09978131359236879
19,0.47782208185196606,-184.1418968596845,15,0.2348954926537596,0.38679890709671527,0.09989233495246014
19,0.47782208185196606,-184.1418968596845,16,0.2351029071046111,0.38703721941527935,0.09994449818804087
19,0.47782208185196606,-184.1418968596845,17,0.23514553763114288,0.3870963508849202,0.09996859236545552
19,0.47782208185196606,-184.1418968596845,18,0.23514781902270554,0.3871075957237938,0.09997997073390677
19,0.47782208185196606,-184.1418968596845,19,0.23514890170007555,0.3871126275592165,0.09998531443730896
19,0.47782208185196606,-184.1418968596845,20,0.2351498957608369,0.3871135467077354,0.09998649968669639
19,0.47782208185196606,-184.1418968596845,21,0.23514993897038655,0.3871131420831278,0.0999864069299201
19,0.47782208185196606,-184.1418968596845,22,0.23514998386284988,0.3871126871034836,0.09998636287883585
19,0.47782208185196606,-184.1418968596845,23,0.23515002820085748,0.3871122088371149,0.09998634217595742
19,0.47782208185196606,-184.1418968596845,24,0.235150072278276,0.387111719626513,0.09998633244614705
19,0.47782208185196606,-184.1418968596845,25,0.2351501162331715,0.38711122527227965,0.09998632787339505
19,0.47782208185196606,-184.1418968596845,26,0.2351501601304333,0.38711072850054734,0.09998632572432681
19,0.47782208185196606,-184.1418968596845,27,0.2351502040005583,0.38711023059252775,0.09998632471432702
19,0.47782208185196606,-184.1418968596845,28,0.2351502478578796,0.3871097321503569,0.09998632423965982
19,0.47782208185196606,-184.1418968596845,29,0.23515029170913346,0.3871092334570231,0.09998632401658503
19,0.47782208185196606,-184.1418968596845,30,0.23515033555748588,0.38710873464552337,0.09998632391175212
20,0.5273233225840598,-151.18075484203143,1,0.32937627069532815,-0.37970079946027513,0.4862725407122368
20,0.5273233225840598,-151.18075484203143,2,0.3108078795819451,-0.27920161787723585,0.4685950282971753
20,0.5273233225840598,-151.18075484203143,3,0.29234494747620116,-0.1792732204775736,0.4369911897992005
20,0.5273233225840598,-151.18075484203143,4,0.2739894083734381,-0.07992607477825707,0.39154546856808625
20,0.5273233225840598,-151.18075484203143,5,0.25574429300763185,0.01882341573791873,0.33234880949692613
20,0.5273233225840598,-151.18075484203143,6,0.23761353153532933,0.11695397957176788,0.2595005313356222
20,0.5273233225840598,-151.18075484203143,7,0.21960175690496023,0.21444054144764194,0.1731096307438644
20,0.5273233225840598,-151.18075484203143,8,0.2087532463056499,0.3000987279861815,0.12620895408546323
20,0.5273233225840598,-151.18075484203143,9,0.20207506040168105,0.37308641701270057,0.11924328203302996
20,0.5273233225840598,-151.18075484203143,10,0.19942438891058617,0.3823940358105727,0.11357452067183275
20,0.5273233225840598,-151.18075484203143,11,0.19700737468602164,0.36213402859644,0.10334416840030462
20,0.5273233225840598,-151.18075484203143,12,0.19290677939696396,0.34716205715623244,0.10288930899505709
20,0.5273233225840598,-151.18075484203143,13,0.18877814809075136,0.3353419465121697,0.10274669947811618
20,0.5273233225840598,-151.18075484203143,14,0.1850696658822824,0.32607189295241973,0.09893154963677896
20,0.5273233225840598,-151.18075484203143,15,0.18225683333435935,0.3208091641852224,0.09820703834106045
20,0.5273233225840598,-151.18075484203143,16,0.18081340772170013,0.3188472459335146,0.09915066962337503
20,0.5273233225840598,-151.18075484203143,17,0.18082325894857668,0.31862265689076913,0.09959395269740301
20,0.5273233225840598,-151.18075484203143,18,0.18093384067756366,0.318626229506005,0.09980306178087295
20,0.5273233225840598,-151.18075484203143,19,0.1809856057233089,0.31862784885328327,0.09990175312013294
20,0.5273233225840598,-151.18075484203143,20,0.18100982768363025,0.31862858998035987,0.09994834310249258
20,0.5273233225840598,-151.18075484203143,21,0.18102116493562276,0.31862893200383985,0.09997033971164695
20,0.5273233225840598,-151.18075484203143,22,0.18102647529099458,0.31862909196061334,0.09998072555790163
20,0.5273233225840598,-151.18075484203143,23,0.18102896665380996,0.3186291687229214,0.09998562942406936
20,0.5273233225840598,-151.18075484203143,24,0.18102989044668175,0.3186282235886304,0.09998654329887183
20,0.5273233225840598,-151.18075484203143,25,0.18103047785015733,0.3186277224612289,0.09998675648784641
20,0.5273233225840598,-151.18075484203143,26,0.1810305974068315,0.31862735184319274,0.09998682266606874
20,0.5273233225840598,-151.18075484203143,27,0.18103087447002092,0.3186273127269145,0.09998688754606462
20,0.5273233225840598,-151.18075484203143,28,0.18103084956643398,0.3186271576568273,0.09998688414738165
20,0.5273233225840598,-151.18075484203143,29,0.18103105921345722,0.31862721935073,0.09998691639330412
20,0.5273233225840598,-151.18075484203143,30,0.18103100292649155,0.3186271113072059,0.09998689768016314
