particle,elasticity,weight,frame,x,y,z
1,0.3418097277693283,79.9117359705336,1,0.3298774795736529,-0.07724698631670643,0.7721608104550449
1,0.3418097277693283,79.9117359705336,2,0.26203791215894706,0.0633175952066625,0.7851519880764076
1,0.3418097277693283,79.9117359705336,3,0.19472106193238123,0.20279909902765147,0.7840286255611552
1,0.3418097277693283,79.9117359705336,4,0.12791978810845156,0.3412123209588568,0.7688992555458827
1,0.3418097277693283,79.9117359705336,5,0.05078928518320059,0.3751495928034227,0.7541472587759329
1,0.3418097277693283,79.9117359705336,6,-0.01708685295094346,0.3385353004564632,0.7264635110333657
1,0.3418097277693283,79.9117359705336,7,-0.08403491246956107,0.29864048557031664,0.6855101161288227
1,0.3418097277693283,79.9117359705336,8,-0.15063953871302938,0.2589503249644636,0.6307370260453506
1,0.3418097277693283,79.9117359705336,9,-0.21688261947651769,0.219475611827894,0.5622334703097285
1,0.3418097277693283,79.9117359705336,10,-0.28274325772675457,0.18022879884825901,0.4800998753452336
1,0.3418097277693283,79.9117359705336,11,-0.3421098878122593,0.14145587878557248,0.3859529045491818
1,0.3418097277693283,79.9117359705336,12,-0.3525477266099218,0.10476555916132568,0.29033530306133243
1,0.3418097277693283,79.9117359705336,13,-0.360870070952759,0.06849087040237736,0.18172181019836803
1,0.3418097277693283,79.9117359705336,14,-0.3262868993351941,0.036559702795282444,0.16179941458211594
1,0.3418097277693283,79.9117359705336,15,-0.2856578072102378,0.005840879419702524,0.15863293673106338
1,0.3418097277693283,79.9117359705336,16,-0.25065642718283637,-0.022418968956380046,0.16532809742306048
1,0.3418097277693283,79.9117359705336,17,-0.21781997155180546,-0.05019328658423614,0.16633650442874742
1,0.3418097277693283,79.9117359705336,18,-0.18674149466708312,-0.07796605960118048,0.15996253936440796
1,0.3418097277693283,79.9117359705336,19,-0.1567626131516869,-0.10596180814376129,0.14377199953435155
1,0.3418097277693283,79.9117359705336,20,-0.12704309551898682,-0.12786613522035106,0.13979267199288425
1,0.3418097277693283,79.9117359705336,21,-0.09752308470925707,-0.14806592183902526,0.12865453903695498
1,0.3418097277693283,79.9117359705336,22,-0.06778255892215408,-0.16691027989803384,0.10931755496045877
1,0.3418097277693283,79.9117359705336,23,-0.04407688762979103,-0.1852109030090247,0.10460829616435004
1,0.3418097277693283,79.9117359705336,24,-0.02579591685575676,-0.20271892502067987,0.11075377500277589
1,0.3418097277693283,79.9117359705336,25,-0.008238584141034642,-0.2192838413980904,0.10735317840183187
1,0.3418097277693283,79.9117359705336,26,0.008156644555376607,-0.23417116788091505,0.09811895520604262
1,0.3418097277693283,79.9117359705336,27,0.02010405659208336,-0.2459106684544856,0.09785855722805989
1,0.3418097277693283,79.9117359705336,28,0.02947772662654378,-0.25522700692995653,0.09833347779897193
1,0.3418097277693283,79.9117359705336,29,0.03637181447730656,-0.2623097614979447,0.09858572432547269
1,0.3418097277693283,79.9117359705336,30,0.04080989407163225,-0.2670129839698699,0.0990208756042129
2,0.3353494944610931,76.93626310488773,1,0.3304778192295774,-0.07710348628775182,0.7722055165805883
2,0.3353494944610931,76.93626310488773,2,0.26353250326904876,0.06367581228145808,0.7852634361990578
2,0.3353494944610931,76.93626310488773,3,0.19710251319001246,0.20337143210346748,0.7842063518472373
2,0.3353494944610931,76.93626310488773,4,0.13118080122627931,0.34199819392512554,0.7691426963614271
2,0.3353494944610931,76.93626310488773,5,0.05465679082758868,0.3753892189223181,0.7543570509465742
2,0.3353494944610931,76.93626310488773,6,-0.013123875710393026,0.34021273348896214,0.7265790155537014
2,0.3353494944610931,76.93626310488773,7,-0.07968623586890566,0.2998810784959725,0.6858973963196773
2,0.3353494944610931,76.93626310488773,8,-0.14590774938659165,0.2597559502711233,0.6313942569068025
2,0.3353494944610931,76.93626310488773,9,-0.21177044901861214,0.21984823557862027,0.5631585869044377
2,0.3353494944610931,76.93626310488773,10,-0.2772535806424754,0.18017050981551988,0.4812905628609015
2,0.3353494944610931,76.93626310488773,11,-0.33691037889035574,0.14082852288448272,0.3872551528749341
2,0.3353494944610931,76.93626310488773,12,-0.35293912411657696,0.10245425317210231,0.29054460267062304
2,0.3353494944610931,76.93626310488773,13,-0.352856004692818,0.06616807693980839,0.18391778084564192
2,0.3353494944610931,76.93626310488773,14,-0.3269822891956212,0.03116398570049653,0.1595121910975434
2,0.3353494944610931,76.93626310488773,15,-0.2950387533542046,-0.0039860483128557195,0.15180412765765197
2,0.3353494944610931,76.93626310488773,16,-0.26550248477914706,-0.040680074802166635,0.14192712829968898
2,0.3353494944610931,76.93626310488773,17,-0.23808368278041617,-0.07565282896719301,0.1287755229992882
2,0.3353494944610931,76.93626310488773,18,-0.2146795563547863,-0.106911745495523,0.12301243990414512
2,0.3353494944610931,76.93626310488773,19,-0.19264606739770757,-0.13710204388830957,0.10985150208329209
2,0.3353494944610931,76.93626310488773,20,-0.1728643430121477,-0.1642227655631834,0.09835462719658208
2,0.3353494944610931,76.93626310488773,21,-0.15635024982507295,-0.18622077039926865,0.09769394504403606
2,0.3353494944610931,76.93626310488773,22,-0.14175276156030428,-0.20494132110794838,0.09811413348053918
2,0.3353494944610931,76.93626310488773,23,-0.12911889086951808,-0.22110717458800852,0.09745895181369618
2,0.3353494944610931,76.93626310488773,24,-0.11877506417303806,-0.23456331735661726,0.09715087058285639
2,0.3353494944610931,76.93626310488773,25,-0.11070450089716546,-0.2451902467045926,0.0975877579563824
2,0.3353494944610931,76.93626310488773,26,-0.10473488847315428,-0.25303313614746803,0.09818063647178517
2,0.3353494944610931,76.93626310488773,27,-0.10070466159656176,-0.258009687080868,0.09874541370271021
2,0.3353494944610931,76.93626310488773,28,-0.09871341664024677,-0.26021888884601885,0.0992527836628378
2,0.3353494944610931,76.93626310488773,29,-0.09856973506654446,-0.2603979704444161,0.099642032276477
2,0.3353494944610931,76.93626310488773,30,-0.09862040998593187,-0.26040762525148553,0.09982588794310103
3,0.3418097277693283,79.9117359705336,1,0.3298774795736529,-0.07724698631670643,0.7721608104550449
3,0.3418097277693283,79.9117359705336,2,0.26203791215894706,0.0633175952066625,0.7851519880764076
3,0.3418097277693283,79.9117359705336,3,0.19472106193238123,0.20279909902765147,0.7840286255611552
3,0.3418097277693283,79.9117359705336,4,0.12791978810845156,0.3412123209588568,0.7688992555458827
3,0.3418097277693283,79.9117359705336,5,0.05078928518320059,0.3751495928034227,0.7541472587759329
3,0.3418097277693283,79.9117359705336,6,-0.01708685295094346,0.3385353004564632,0.7264635110333657
3,0.3418097277693283,79.9117359705336,7,-0.08403491246956107,0.29864048557031664,0.6855101161288227
3,0.3418097277693283,79.9117359705336,8,-0.15063953871302938,0.2589503249644636,0.6307370260453506
3,0.3418097277693283,79.9117359705336,9,-0.21688261947651769,0.219475611827894,0.5622334703097285
3,0.3418097277693283,79.9117359705336,10,-0.28274325772675457,0.18022879884825901,0.4800998753452336
3,0.3418097277693283,79.9117359705336,11,-0.3421098878122593,0.14145587878557248,0.3859529045491818
3,0.3418097277693283,79.9117359705336,12,-0.3525477266099218,0.10476555916132568,0.29033530306133243
3,0.3418097277693283,79.9117359705336,13,-0.360870070952759,0.06849087040237736,0.18172181019836803
3,0.3418097277693283,79.9117359705336,14,-0.3262868993351941,0.036559702795282444,0.16179941458211594
3,0.3418097277693283,79.9117359705336,15,-0.2856578072102378,0.005840879419702524,0.15863293673106338
3,0.3418097277693283,79.9117359705336,16,-0.25065642718283637,-0.022418968956380046,0.16532809742306048
3,0.3418097277693283,79.9117359705336,17,-0.21781997155180546,-0.05019328658423614,0.16633650442874742
3,0.3418097277693283,79.9117359705336,18,-0.18674149466708312,-0.07796605960118048,0.15996253936440796
3,0.3418097277693283,79.9117359705336,19,-0.1567626131516869,-0.10596180814376129,0.14377199953435155
3,0.3418097277693283,79.9117359705336,20,-0.12704309551898682,-0.12786613522035106,0.13979267199288425
3,0.3418097277693283,79.9117359705336,21,-0.09752308470925707,-0.14806592183902526,0.12865453903695498
3,0.3418097277693283,79.9117359705336,22,-0.06778255892215408,-0.16691027989803384,0.10931755496045877
3,0.3418097277693283,79.9117359705336,23,-0.04407688762979103,-0.1852109030090247,0.10460829616435004
3,0.3418097277693283,79.9117359705336,24,-0.02579591685575676,-0.20271892502067987,0.11075377500277589
3,0.3418097277693283,79.9117359705336,25,-0.008238584141034642,-0.2192838413980904,0.10735317840183187
3,0.3418097277693283,79.9117359705336,26,0.008156644555376607,-0.23417116788091505,0.09811895520604262
3,0.3418097277693283,79.9117359705336,27,0.02010405659208336,-0.2459106684544856,0.09785855722805989
3,0.3418097277693283,79.9117359705336,28,0.02947772662654378,-0.25522700692995653,0.09833347779897193
3,0.3418097277693283,79.9117359705336,29,0.03637181447730656,-0.2623097614979447,0.09858572432547269
3,0.3418097277693283,79.9117359705336,30,0.04080989407163225,-0.2670129839698699,0.0990208756042129
4,0.4105446106952363,80.35868874484893,1,0.3234903413349765,-0.0787741796711551,0.7716854038269126
4,0.4105446106952363,80.35868874484893,2,0.2461381445618296,0.059503989006156166,0.7839666987996166
4,0.4105446106952363,80.35868874484893,3,0.16938908285301793,0.19670396707427332,0.7821383734523133
4,0.4105446106952363,80.35868874484893,4,0.0932349950397855,0.332840343795259,0.7663101966946811
4,0.4105446106952363,80.35868874484893,5,0.003559061269573521,0.3670388121122533,0.7562323816874674
4,0.4105446106952363,80.35868874484893,6,-0.08087679373355933,0.33523446052796224,0.7407429296609792
4,0.4105446106952363,80.35868874484893,7,-0.16236852145380357,0.2930436560976483,0.7121493762875895
4,0.4105446106952363,80.35868874484893,8,-0.24341940322947433,0.25108109133719697,0.6696822609983719
4,0.4105446106952363,80.35868874484893,9,-0.3240148702509219,0.20935430897291815,0.613426974478264
4,0.4105446106952363,80.35868874484893,10,-0.34505910925475475,0.17333801370072313,0.5571612116665181
4,0.4105446106952363,80.35868874484893,11,-0.31881999512980513,0.14185239959497287,0.49804749147377336
4,0.4105446106952363,80.35868874484893,12,-0.29270087114811977,0.11051076761184006,0.4251712674257899
4,0.4105446106952363,80.35868874484893,13,-0.2667134752156466,0.0793272026466961,0.3386327473898095
4,0.4105446106952363,80.35868874484893,14,-0.24086975755257584,0.04831604436129919,0.23854590734647105
4,0.4105446106952363,80.35868874484893,15,-0.21518167580132247,0.017491641323703084,0.12503814186812484
4,0.4105446106952363,80.35868874484893,16,-0.19069131187102953,-0.01850224513510716,0.10708355908576304
4,0.4105446106952363,80.35868874484893,17,-0.16661010035855547,-0.04830549878701694,0.13033013419325487
4,0.4105446106952363,80.35868874484893,18,-0.14271897972166614,-0.07783654439858588,0.1403033833766372
4,0.4105446106952363,80.35868874484893,19,-0.11993319201367152,-0.10607692520303383,0.14259040641595322
4,0.4105446106952363,80.35868874484893,20,-0.09869046894962666,-0.13330344913441544,0.13785575654849405
4,0.4105446106952363,80.35868874484893,21,-0.07948983575738622,-0.1586048709002143,0.13226223354178895
4,0.4105446106952363,80.35868874484893,22,-0.06201093196897846,-0.18304100327526798,0.12337856872577055
4,0.4105446106952363,80.35868874484893,23,-0.045283675581222434,-0.20714133752259434,0.10649714766878986
4,0.4105446106952363,80.35868874484893,24,-0.030420088873621055,-0.22596871012640043,0.10119290294121043
4,0.4105446106952363,80.35868874484893,25,-0.01714798711811444,-0.24084944507319436,0.10000827539246089
4,0.4105446106952363,80.35868874484893,26,-0.005470720336088202,-0.25266338457479876,0.10014080540260901
4,0.4105446106952363,80.35868874484893,27,0.00455191254199014,-0.262445434079968,0.09826838141620867
4,0.4105446106952363,80.35868874484893,28,0.012447932796819284,-0.2691142263213103,0.09855076367783772
4,0.4105446106952363,80.35868874484893,29,0.01796662146352013,-0.27377802462181156,0.09875420729711307
4,0.4105446106952363,80.35868874484893,30,0.021093058254419417,-0.27630208928819106,0.09913128315498637
5,0.3418097277693283,79.9117359705336,1,0.3298774795736529,-0.07724698631670643,0.7721608104550449
5,0.3418097277693283,79.9117359705336,2,0.26203791215894706,0.0633175952066625,0.7851519880764076
5,0.3418097277693283,79.9117359705336,3,0.19472106193238123,0.20279909902765147,0.7840286255611552
5,0.3418097277693283,79.9117359705336,4,0.12791978810845156,0.3412123209588568,0.7688992555458827
5,0.3418097277693283,79.9117359705336,5,0.05078928518320059,0.3751495928034227,0.7541472587759329
5,0.3418097277693283,79.9117359705336,6,-0.01708685295094346,0.3385353004564632,0.7264635110333657
5,0.3418097277693283,79.9117359705336,7,-0.08403491246956107,0.29864048557031664,0.6855101161288227
5,0.3418097277693283,79.9117359705336,8,-0.15063953871302938,0.2589503249644636,0.6307370260453506
5,0.3418097277693283,79.9117359705336,9,-0.21688261947651769,0.219475611827894,0.5622334703097285
5,0.3418097277693283,79.9117359705336,10,-0.28274325772675457,0.18022879884825901,0.4800998753452336
5,0.3418097277693283,79.9117359705336,11,-0.3421098878122593,0.14145587878557248,0.3859529045491818
5,0.3418097277693283,79.9117359705336,12,-0.3525477266099218,0.10476555916132568,0.29033530306133243
5,0.3418097277693283,79.9117359705336,13,-0.360870070952759,0.06849087040237736,0.18172181019836803
5,0.3418097277693283,79.9117359705336,14,-0.3262868993351941,0.036559702795282444,0.16179941458211594
5,0.3418097277693283,79.9117359705336,15,-0.2856578072102378,0.005840879419702524,0.15863293673106338
5,0.3418097277693283,79.9117359705336,16,-0.25065642718283637,-0.022418968956380046,0.16532809742306048
5,0.3418097277693283,79.9117359705336,17,-0.21781997155180546,-0.05019328658423614,0.16633650442874742
5,0.3418097277693283,79.9117359705336,18,-0.18674149466708312,-0.07796605960118048,0.15996253936440796
5,0.3418097277693283,79.9117359705336,19,-0.1567626131516869,-0.10596180814376129,0.14377199953435155
5,0.3418097277693283,79.9117359705336,20,-0.12704309551898682,-0.12786613522035106,0.13979267199288425
5,0.3418097277693283,79.9117359705336,21,-0.09752308470925707,-0.14806592183902526,0.12865453903695498
5,0.3418097277693283,79.9117359705336,22,-0.06778255892215408,-0.16691027989803384,0.10931755496045877
5,0.3418097277693283,79.9117359705336,23,-0.04407688762979103,-0.1852109030090247,0.10460829616435004
5,0.3418097277693283,79.9117359705336,24,-0.02579591685575676,-0.20271892502067987,0.11075377500277589
5,0.3418097277693283,79.9117359705336,25,-0.008238584141034642,-0.2192838413980904,0.10735317840183187
5,0.3418097277693283,79.9117359705336,26,0.008156644555376607,-0.23417116788091505,0.09811895520604262
5,0.3418097277693283,79.9117359705336,27,0.02010405659208336,-0.2459106684544856,0.09785855722805989
5,0.3418097277693283,79.9117359705336,28,0.02947772662654378,-0.25522700692995653,0.09833347779897193
5,0.3418097277693283,79.9117359705336,29,0.03637181447730656,-0.2623097614979447,0.09858572432547269
5,0.3418097277693283,79.9117359705336,30,0.04080989407163225,-0.2670129839698699,0.0990208756042129
6,0.4105446106952363,80.35868874484893,1,0.3234903413349765,-0.0787741796711551,0.7716854038269126
6,0.4105446106952363,80.35868874484893,2,0.2461381445618296,0.059503989006156166,0.7839666987996166
6,0.4105446106952363,80.35868874484893,3,0.16938908285301793,0.19670396707427332,0.7821383734523133
6,0.4105446106952363,80.35868874484893,4,0.0932349950397855,0.332840343795259,0.7663101966946811
6,0.4105446106952363,80.35868874484893,5,0.003559061269573521,0.3670388121122533,0.7562323816874674
6,0.4105446106952363,80.35868874484893,6,-0.08087679373355933,0.33523446052796224,0.7407429296609792
6,0.4105446106952363,80.35868874484893,7,-0.16236852145380357,0.2930436560976483,0.7121493762875895
6,0.4105446106952363,80.35868874484893,8,-0.24341940322947433,0.25108109133719697,0.6696822609983719
6,0.4105446106952363,80.35868874484893,9,-0.3240148702509219,0.20935430897291815,0.613426974478264
6,0.4105446106952363,80.35868874484893,10,-0.34505910925475475,0.17333801370072313,0.5571612116665181
6,0.4105446106952363,80.35868874484893,11,-0.31881999512980513,0.14185239959497287,0.49804749147377336
6,0.4105446106952363,80.35868874484893,12,-0.29270087114811977,0.11051076761184006,0.4251712674257899
6,0.4105446106952363,80.35868874484893,13,-0.2667134752156466,0.0793272026466961,0.3386327473898095
6,0.4105446106952363,80.35868874484893,14,-0.24086975755257584,0.04831604436129919,0.23854590734647105
6,0.4105446106952363,80.35868874484893,15,-0.21518167580132247,0.017491641323703084,0.12503814186812484
6,0.4105446106952363,80.35868874484893,16,-0.19069131187102953,-0.01850224513510716,0.10708355908576304
6,0.4105446106952363,80.35868874484893,17,-0.16661010035855547,-0.04830549878701694,0.13033013419325487
6,0.4105446106952363,80.35868874484893,18,-0.14271897972166614,-0.07783654439858588,0.1403033833766372
6,0.4105446106952363,80.35868874484893,19,-0.11993319201367152,-0.10607692520303383,0.14259040641595322
6,0.4105446106952363,80.35868874484893,20,-0.09869046894962666,-0.13330344913441544,0.13785575654849405
6,0.4105446106952363,80.35868874484893,21,-0.07948983575738622,-0.1586048709002143,0.13226223354178895
6,0.4105446106952363,80.35868874484893,22,-0.06201093196897846,-0.18304100327526798,0.12337856872577055
6,0.4105446106952363,80.35868874484893,23,-0.045283675581222434,-0.20714133752259434,0.10649714766878986
6,0.4105446106952363,80.35868874484893,24,-0.030420088873621055,-0.22596871012640043,0.10119290294121043
6,0.4105446106952363,80.35868874484893,25,-0.01714798711811444,-0.24084944507319436,0.10000827539246089
6,0.4105446106952363,80.35868874484893,26,-0.005470720336088202,-0.25266338457479876,0.10014080540260901
6,0.4105446106952363,80.35868874484893,27,0.00455191254199014,-0.262445434079968,0.09826838141620867
6,0.4105446106952363,80.35868874484893,28,0.012447932796819284,-0.2691142263213103,0.09855076367783772
6,0.4105446106952363,80.35868874484893,29,0.01796662146352013,-0.27377802462181156,0.09875420729711307
6,0.4105446106952363,80.35868874484893,30,0.021093058254419417,-0.27630208928819106,0.09913128315498637
7,0.3889206708555712,79.47104690398608,1,0.3254996695039881,-0.07829364929490806,0.7718349167869063
7,0.3889206708555712,79.47104690398608,2,0.2511397394351369,0.06070418601441629,0.7843394933967299
7,0.3889206708555712,79.47104690398608,3,0.17735727893932263,0.19862258216161635,0.7827329033976598
7,0.3889206708555712,79.47104690398608,4,0.10414445456112097,0.3354761818897121,0.7671244928380905
7,0.3889206708555712,79.47104690398608,5,0.016535214000936712,0.3681301684845885,0.757408973238677
7,0.3889206708555712,79.47104690398608,6,-0.06669648466255038,0.3368047627831,0.7420278722564865
7,0.3889206708555712,79.47104690398608,7,-0.1471669273796402,0.2958460011443917,0.7134575253530177
7,0.3889206708555712,79.47104690398608,8,-0.2272064543117325,0.25510657192549024,0.6710115914913215
7,0.3889206708555712,79.47104690398608,9,-0.30680035251197363,0.2145939638895096,0.6147748788417877
7,0.3889206708555712,79.47104690398608,10,-0.3511335753721967,0.17717531514459392,0.5530417686577883
7,0.3889206708555712,79.47104690398608,11,-0.3257872592826769,0.14564122834644527,0.49394135364685865
7,0.3889206708555712,79.47104690398608,12,-0.3005565574106778,0.11425098054870685,0.42107762200209525
7,0.3889206708555712,79.47104690398608,13,-0.27545285151824983,0.08301873213157528,0.3345507461219538
7,0.3889206708555712,79.47104690398608,14,-0.25048771998286157,0.05195888809019028,0.2344746819840777
7,0.3889206708555712,79.47104690398608,15,-0.2256727419828329,0.021085854416053765,0.12097681455485489
7,0.3889206708555712,79.47104690398608,16,-0.20255100674701076,-0.014146952267792398,0.11160532035211602
7,0.3889206708555712,79.47104690398608,17,-0.17994717206567842,-0.04598508087804392,0.12694111826129517
7,0.3889206708555712,79.47104690398608,18,-0.15797768797073303,-0.07711624224605493,0.13151006345881303
7,0.3889206708555712,79.47104690398608,19,-0.13740977225304785,-0.10671927645934129,0.13035033264206605
7,0.3889206708555712,79.47104690398608,20,-0.11848278058077596,-0.13463971664061775,0.12596784774085246
7,0.3889206708555712,79.47104690398608,21,-0.10092536869866081,-0.16174102556351982,0.11527551949136057
7,0.3889206708555712,79.47104690398608,22,-0.08454273174349371,-0.1881506083791875,0.09743958673561902
7,0.3889206708555712,79.47104690398608,23,-0.07318129781255953,-0.2093954504038845,0.09755388285216055
7,0.3889206708555712,79.47104690398608,24,-0.06366449986945925,-0.2278745720504994,0.09718601997022902
7,0.3889206708555712,79.47104690398608,25,-0.055935042330512504,-0.24311810320795388,0.09763450151859729
7,0.3889206708555712,79.47104690398608,26,-0.04987482840016902,-0.2552389715554269,0.09823348220990683
7,0.3889206708555712,79.47104690398608,27,-0.04534556192289125,-0.2642952098863803,0.09854139645654791
7,0.3889206708555712,79.47104690398608,28,-0.042488044555445616,-0.2702254887442953,0.09909155636675905
7,0.3889206708555712,79.47104690398608,29,-0.041098668351908715,-0.2730696935894848,0.0993244804275652
7,0.3889206708555712,79.47104690398608,30,-0.04094851557925189,-0.2733225769934822,0.09967532378690161
8,0.4105446106952363,80.35868874484893,1,0.3234903413349765,-0.0787741796711551,0.7716854038269126
8,0.4105446106952363,80.35868874484893,2,0.2461381445618296,0.059503989006156166,0.7839666987996166
8,0.4105446106952363,80.35868874484893,3,0.16938908285301793,0.19670396707427332,0.7821383734523133
8,0.4105446106952363,80.35868874484893,4,0.0932349950397855,0.332840343795259,0.7663101966946811
8,0.4105446106952363,80.35868874484893,5,0.003559061269573521,0.3670388121122533,0.7562323816874674
8,0.4105446106952363,80.35868874484893,6,-0.08087679373355933,0.33523446052796224,0.7407429296609792
8,0.4105446106952363,80.35868874484893,7,-0.16236852145380357,0.2930436560976483,0.7121493762875895
8,0.4105446106952363,80.35868874484893,8,-0.24341940322947433,0.25108109133719697,0.6696822609983719
8,0.4105446106952363,80.35868874484893,9,-0.3240148702509219,0.20935430897291815,0.613426974478264
8,0.4105446106952363,80.35868874484893,10,-0.34505910925475475,0.17333801370072313,0.5571612116665181
8,0.4105446106952363,80.35868874484893,11,-0.31881999512980513,0.14185239959497287,0.49804749147377336
8,0.4105446106952363,80.35868874484893,12,-0.29270087114811977,0.11051076761184006,0.4251712674257899
8,0.4105446106952363,80.35868874484893,13,-0.2667134752156466,0.0793272026466961,0.3386327473898095
8,0.4105446106952363,80.35868874484893,14,-0.24086975755257584,0.04831604436129919,0.23854590734647105
8,0.4105446106952363,80.35868874484893,15,-0.21518167580132247,0.017491641323703084,0.12503814186812484
8,0.4105446106952363,80.35868874484893,16,-0.19069131187102953,-0.01850224513510716,0.10708355908576304
8,0.4105446106952363,80.35868874484893,17,-0.16661010035855547,-0.04830549878701694,0.13033013419325487
8,0.4105446106952363,80.35868874484893,18,-0.14271897972166614,-0.07783654439858588,0.1403033833766372
8,0.4105446106952363,80.35868874484893,19,-0.11993319201367152,-0.10607692520303383,0.14259040641595322
8,0.4105446106952363,80.35868874484893,20,-0.09869046894962666,-0.13330344913441544,0.13785575654849405
8,0.4105446106952363,80.35868874484893,21,-0.07948983575738622,-0.1586048709002143,0.13226223354178895
8,0.4105446106952363,80.35868874484893,22,-0.06201093196897846,-0.18304100327526798,0.12337856872577055
8,0.4105446106952363,80.35868874484893,23,-0.045283675581222434,-0.20714133752259434,0.10649714766878986
8,0.4105446106952363,80.35868874484893,24,-0.030420088873621055,-0.22596871012640043,0.10119290294121043
8,0.4105446106952363,80.35868874484893,25,-0.01714798711811444,-0.24084944507319436,0.10000827539246089
8,0.4105446106952363,80.35868874484893,26,-0.005470720336088202,-0.25266338457479876,0.10014080540260901
8,0.4105446106952363,80.35868874484893,27,0.00455191254199014,-0.262445434079968,0.09826838141620867
8,0.4105446106952363,80.35868874484893,28,0.012447932796819284,-0.2691142263213103,0.09855076367783772
8,0.4105446106952363,80.35868874484893,29,0.01796662146352013,-0.27377802462181156,0.09875420729711307
8,0.4105446106952363,80.35868874484893,30,0.021093058254419417,-0.27630208928819106,0.09913128315498637
9,0.4105446106952363,80.35868874484893,1,0.3234903413349765,-0.0787741796711551,0.7716854038269126
9,0.4105446106952363,80.35868874484893,2,0.2461381445618296,0.059503989006156166,0.7839666987996166
9,0.4105446106952363,80.35868874484893,3,0.16938908285301793,0.19670396707427332,0.7821383734523133
9,0.4105446106952363,80.35868874484893,4,0.0932349950397855,0.332840343795259,0.7663101966946811
9,0.4105446106952363,80.35868874484893,5,0.003559061269573521,0.3670388121122533,0.7562323816874674
9,0.4105446106952363,80.35868874484893,6,-0.08087679373355933,0.33523446052796224,0.7407429296609792
9,0.4105446106952363,80.35868874484893,7,-0.16236852145380357,0.2930436560976483,0.7121493762875895
9,0.4105446106952363,80.35868874484893,8,-0.24341940322947433,0.25108109133719697,0.6696822609983719
9,0.4105446106952363,80.35868874484893,9,-0.3240148702509219,0.20935430897291815,0.613426974478264
9,0.4105446106952363,80.35868874484893,10,-0.34505910925475475,0.17333801370072313,0.5571612116665181
9,0.4105446106952363,80.35868874484893,11,-0.31881999512980513,0.14185239959497287,0.49804749147377336
9,0.4105446106952363,80.35868874484893,12,-0.29270087114811977,0.11051076761184006,0.4251712674257899
9,0.4105446106952363,80.35868874484893,13,-0.2667134752156466,0.0793272026466961,0.3386327473898095
9,0.4105446106952363,80.35868874484893,14,-0.24086975755257584,0.04831604436129919,0.23854590734647105
9,0.4105446106952363,80.35868874484893,15,-0.21518167580132247,0.017491641323703084,0.12503814186812484
9,0.4105446106952363,80.35868874484893,16,-0.19069131187102953,-0.01850224513510716,0.10708355908576304
9,0.4105446106952363,80.35868874484893,17,-0.16661010035855547,-0.04830549878701694,0.13033013419325487
9,0.4105446106952363,80.35868874484893,18,-0.14271897972166614,-0.07783654439858588,0.1403033833766372
9,0.4105446106952363,80.35868874484893,19,-0.11993319201367152,-0.10607692520303383,0.14259040641595322
9,0.4105446106952363,80.35868874484893,20,-0.09869046894962666,-0.13330344913441544,0.13785575654849405
9,0.4105446106952363,80.35868874484893,21,-0.07948983575738622,-0.1586048709002143,0.13226223354178895
9,0.4105446106952363,80.35868874484893,22,-0.06201093196897846,-0.18304100327526798,0.12337856872577055
9,0.4105446106952363,80.35868874484893,23,-0.045283675581222434,-0.20714133752259434,0.10649714766878986
9,0.4105446106952363,80.35868874484893,24,-0.030420088873621055,-0.22596871012640043,0.10119290294121043
9,0.4105446106952363,80.35868874484893,25,-0.01714798711811444,-0.24084944507319436,0.10000827539246089
9,0.4105446106952363,80.35868874484893,26,-0.005470720336088202,-0.25266338457479876,0.10014080540260901
9,0.4105446106952363,80.35868874484893,27,0.00455191254199014,-0.262445434079968,0.09826838141620867
9,0.4105446106952363,80.35868874484893,28,0.012447932796819284,-0.2691142263213103,0.09855076367783772
9,0.4105446106952363,80.35868874484893,29,0.01796662146352013,-0.27377802462181156,0.09875420729711307
9,0.4105446106952363,80.35868874484893,30,0.021093058254419417,-0.27630208928819106,0.09913128315498637
10,0.4105446106952363,80.35868874484893,1,0.3234903413349765,-0.0787741796711551,0.7716854038269126
10,0.4105446106952363,80.35868874484893,2,0.2461381445618296,0.059503989006156166,0.7839666987996166
10,0.4105446106952363,80.35868874484893,3,0.16938908285301793,0.19670396707427332,0.7821383734523133
10,0.4105446106952363,80.35868874484893,4,0.0932349950397855,0.332840343795259,0.7663101966946811
10,0.4105446106952363,80.35868874484893,5,0.003559061269573521,0.3670388121122533,0.7562323816874674
10,0.4105446106952363,80.35868874484893,6,-0.08087679373355933,0.33523446052796224,0.7407429296609792
10,0.4105446106952363,80.35868874484893,7,-0.16236852145380357,0.2930436560976483,0.7121493762875895
10,0.4105446106952363,80.35868874484893,8,-0.24341940322947433,0.25108109133719697,0.6696822609983719
10,0.4105446106952363,80.35868874484893,9,-0.3240148702509219,0.20935430897291815,0.613426974478264
10,0.4105446106952363,80.35868874484893,10,-0.34505910925475475,0.17333801370072313,0.5571612116665181
10,0.4105446106952363,80.35868874484893,11,-0.31881999512980513,0.14185239959497287,0.49804749147377336
10,0.4105446106952363,80.35868874484893,12,-0.29270087114811977,0.11051076761184006,0.4251712674257899
10,0.4105446106952363,80.35868874484893,13,-0.2667134752156466,0.0793272026466961,0.3386327473898095
10,0.4105446106952363,80.35868874484893,14,-0.24086975755257584,0.04831604436129919,0.23854590734647105
10,0.4105446106952363,80.35868874484893,15,-0.21518167580132247,0.017491641323703084,0.12503814186812484
10,0.4105446106952363,80.35868874484893,16,-0.19069131187102953,-0.01850224513510716,0.10708355908576304
10,0.4105446106952363,80.35868874484893,17,-0.16661010035855547,-0.04830549878701694,0.13033013419325487
10,0.4105446106952363,80.35868874484893,18,-0.14271897972166614,-0.07783654439858588,0.1403033833766372
10,0.4105446106952363,80.35868874484893,19,-0.11993319201367152,-0.10607692520303383,0.14259040641595322
10,0.4105446106952363,80.35868874484893,20,-0.09869046894962666,-0.13330344913441544,0.13785575654849405
10,0.4105446106952363,80.35868874484893,21,-0.07948983575738622,-0.1586048709002143,0.13226223354178895
10,0.4105446106952363,80.35868874484893,22,-0.06201093196897846,-0.18304100327526798,0.12337856872577055
10,0.4105446106952363,80.35868874484893,23,-0.045283675581222434,-0.20714133752259434,0.10649714766878986
10,0.4105446106952363,80.35868874484893,24,-0.030420088873621055,-0.22596871012640043,0.10119290294121043
10,0.4105446106952363,80.35868874484893,25,-0.01714798711811444,-0.24084944507319436,0.10000827539246089
10,0.4105446106952363,80.35868874484893,26,-0.005470720336088202,-0.25266338457479876,0.10014080540260901
10,0.4105446106952363,80.35868874484893,27,0.00455191254199014,-0.262445434079968,0.09826838141620867
10,0.4105446106952363,80.35868874484893,28,0.012447932796819284,-0.2691142263213103,0.09855076367783772
10,0.4105446106952363,80.35868874484893,29,0.01796662146352013,-0.27377802462181156,0.09875420729711307
10,0.4105446106952363,80.35868874484893,30,0.021093058254419417,-0.27630208928819106,0.09913128315498637
11,0.4105446106952363,80.35868874484893,1,0.3234903413349765,-0.0787741796711551,0.7716854038269126
11,0.4105446106952363,80.35868874484893,2,0.2461381445618296,0.059503989006156166,0.7839666987996166
11,0.4105446106952363,80.35868874484893,3,0.16938908285301793,0.19670396707427332,0.7821383734523133
11,0.4105446106952363,80.35868874484893,4,0.0932349950397855,0.332840343795259,0.7663101966946811
11,0.4105446106952363,80.35868874484893,5,0.003559061269573521,0.3670388121122533,0.7562323816874674
11,0.4105446106952363,80.35868874484893,6,-0.08087679373355933,0.33523446052796224,0.7407429296609792
11,0.4105446106952363,80.35868874484893,7,-0.16236852145380357,0.2930436560976483,0.7121493762875895
11,0.4105446106952363,80.35868874484893,8,-0.24341940322947433,0.25108109133719697,0.6696822609983719
11,0.4105446106952363,80.35868874484893,9,-0.3240148702509219,0.20935430897291815,0.613426974478264
11,0.4105446106952363,80.35868874484893,10,-0.34505910925475475,0.17333801370072313,0.5571612116665181
11,0.4105446106952363,80.35868874484893,11,-0.31881999512980513,0.14185239959497287,0.49804749147377336
11,0.4105446106952363,80.35868874484893,12,-0.29270087114811977,0.11051076761184006,0.4251712674257899
11,0.4105446106952363,80.35868874484893,13,-0.2667134752156466,0.0793272026466961,0.3386327473898095
11,0.4105446106952363,80.35868874484893,14,-0.24086975755257584,0.04831604436129919,0.23854590734647105
11,0.4105446106952363,80.35868874484893,15,-0.21518167580132247,0.017491641323703084,0.12503814186812484
11,0.4105446106952363,80.35868874484893,16,-0.19069131187102953,-0.01850224513510716,0.10708355908576304
11,0.4105446106952363,80.35868874484893,17,-0.16661010035855547,-0.04830549878701694,0.13033013419325487
11,0.4105446106952363,80.35868874484893,18,-0.14271897972166614,-0.07783654439858588,0.1403033833766372
11,0.4105446106952363,80.35868874484893,19,-0.11993319201367152,-0.10607692520303383,0.14259040641595322
11,0.4105446106952363,80.35868874484893,20,-0.09869046894962666,-0.13330344913441544,0.13785575654849405
11,0.4105446106952363,80.35868874484893,21,-0.07948983575738622,-0.1586048709002143,0.13226223354178895
11,0.4105446106952363,80.35868874484893,22,-0.06201093196897846,-0.18304100327526798,0.12337856872577055
11,0.4105446106952363,80.35868874484893,23,-0.045283675581222434,-0.20714133752259434,0.10649714766878986
11,0.4105446106952363,80.35868874484893,24,-0.030420088873621055,-0.22596871012640043,0.10119290294121043
11,0.4105446106952363,80.35868874484893,25,-0.01714798711811444,-0.24084944507319436,0.10000827539246089
11,0.4105446106952363,80.35868874484893,26,-0.005470720336088202,-0.25266338457479876,0.10014080540260901
11,0.4105446106952363,80.35868874484893,27,0.00455191254199014,-0.262445434079968,0.09826838141620867
11,0.4105446106952363,80.35868874484893,28,0.012447932796819284,-0.2691142263213103,0.09855076367783772
11,0.4105446106952363,80.35868874484893,29,0.01796662146352013,-0.27377802462181156,0.09875420729711307
11,0.4105446106952363,80.35868874484893,30,0.021093058254419417,-0.27630208928819106,0.09913128315498637
12,0.4105446106952363,80.35868874484893,1,0.3234903413349765,-0.0787741796711551,0.7716854038269126
12,0.4105446106952363,80.35868874484893,2,0.2461381445618296,0.059503989006156166,0.7839666987996166
12,0.4105446106952363,80.35868874484893,3,0.16938908285301793,0.19670396707427332,0.7821383734523133
12,0.4105446106952363,80.35868874484893,4,0.0932349950397855,0.332840343795259,0.7663101966946811
12,0.4105446106952363,80.35868874484893,5,0.003559061269573521,0.3670388121122533,0.7562323816874674
12,0.4105446106952363,80.35868874484893,6,-0.08087679373355933,0.33523446052796224,0.7407429296609792
12,0.4105446106952363,80.35868874484893,7,-0.16236852145380357,0.2930436560976483,0.7121493762875895
12,0.4105446106952363,80.35868874484893,8,-0.24341940322947433,0.25108109133719697,0.6696822609983719
12,0.4105446106952363,80.35868874484893,9,-0.3240148702509219,0.20935430897291815,0.613426974478264
12,0.4105446106952363,80.35868874484893,10,-0.34505910925475475,0.17333801370072313,0.5571612116665181
12,0.4105446106952363,80.35868874484893,11,-0.31881999512980513,0.14185239959497287,0.49804749147377336
12,0.4105446106952363,80.35868874484893,12,-0.29270087114811977,0.11051076761184006,0.4251712674257899
12,0.4105446106952363,80.35868874484893,13,-0.2667134752156466,0.0793272026466961,0.3386327473898095
12,0.4105446106952363,80.35868874484893,14,-0.24086975755257584,0.04831604436129919,0.23854590734647105
12,0.4105446106952363,80.35868874484893,15,-0.21518167580132247,0.017491641323703084,0.12503814186812484
12,0.4105446106952363,80.35868874484893,16,-0.19069131187102953,-0.01850224513510716,0.10708355908576304
12,0.4105446106952363,80.35868874484893,17,-0.16661010035855547,-0.04830549878701694,0.13033013419325487
12,0.4105446106952363,80.35868874484893,18,-0.14271897972166614,-0.07783654439858588,0.1403033833766372
12,0.4105446106952363,80.35868874484893,19,-0.11993319201367152,-0.10607692520303383,0.14259040641595322
12,0.4105446106952363,80.35868874484893,20,-0.09869046894962666,-0.13330344913441544,0.13785575654849405
12,0.4105446106952363,80.35868874484893,21,-0.07948983575738622,-0.1586048709002143,0.13226223354178895
12,0.4105446106952363,80.35868874484893,22,-0.06201093196897846,-0.18304100327526798,0.12337856872577055
12,0.4105446106952363,80.35868874484893,23,-0.045283675581222434,-0.20714133752259434,0.10649714766878986
12,0.4105446106952363,80.35868874484893,24,-0.030420088873621055,-0.22596871012640043,0.10119290294121043
12,0.4105446106952363,80.35868874484893,25,-0.01714798711811444,-0.24084944507319436,0.10000827539246089
12,0.4105446106952363,80.35868874484893,26,-0.005470720336088202,-0.25266338457479876,0.10014080540260901
12,0.4105446106952363,80.35868874484893,27,0.00455191254199014,-0.262445434079968,0.09826838141620867
12,0.4105446106952363,80.35868874484893,28,0.012447932796819284,-0.2691142263213103,0.09855076367783772
12,0.4105446106952363,80.35868874484893,29,0.01796662146352013,-0.27377802462181156,0.09875420729711307
12,0.4105446106952363,80.35868874484893,30,0.021093058254419417,-0.27630208928819106,0.09913128315498637
13,0.4105446106952363,80.35868874484893,1,0.3234903413349765,-0.0787741796711551,0.7716854038269126
13,0.4105446106952363,80.35868874484893,2,0.2461381445618296,0.059503989006156166,0.7839666987996166
13,0.4105446106952363,80.35868874484893,3,0.16938908285301793,0.19670396707427332,0.7821383734523133
13,0.4105446106952363,80.35868874484893,4,0.0932349950397855,0.332840343795259,0.7663101966946811
13,0.4105446106952363,80.35868874484893,5,0.003559061269573521,0.3670388121122533,0.7562323816874674
13,0.4105446106952363,80.35868874484893,6,-0.08087679373355933,0.33523446052796224,0.7407429296609792
13,0.4105446106952363,80.35868874484893,7,-0.16236852145380357,0.2930436560976483,0.7121493762875895
13,0.4105446106952363,80.35868874484893,8,-0.24341940322947433,0.25108109133719697,0.6696822609983719
13,0.4105446106952363,80.35868874484893,9,-0.3240148702509219,0.20935430897291815,0.613426974478264
13,0.4105446106952363,80.35868874484893,10,-0.34505910925475475,0.17333801370072313,0.5571612116665181
13,0.4105446106952363,80.35868874484893,11,-0.31881999512980513,0.14185239959497287,0.49804749147377336
13,0.4105446106952363,80.35868874484893,12,-0.29270087114811977,0.11051076761184006,0.4251712674257899
13,0.4105446106952363,80.35868874484893,13,-0.2667134752156466,0.0793272026466961,0.3386327473898095
13,0.4105446106952363,80.35868874484893,14,-0.24086975755257584,0.04831604436129919,0.23854590734647105
13,0.4105446106952363,80.35868874484893,15,-0.21518167580132247,0.017491641323703084,0.12503814186812484
13,0.4105446106952363,80.35868874484893,16,-0.19069131187102953,-0.01850224513510716,0.10708355908576304
13,0.4105446106952363,80.35868874484893,17,-0.16661010035855547,-0.04830549878701694,0.13033013419325487
13,0.4105446106952363,80.35868874484893,18,-0.14271897972166614,-0.07783654439858588,0.1403033833766372
13,0.4105446106952363,80.35868874484893,19,-0.11993319201367152,-0.10607692520303383,0.14259040641595322
13,0.4105446106952363,80.35868874484893,20,-0.09869046894962666,-0.13330344913441544,0.13785575654849405
13,0.4105446106952363,80.35868874484893,21,-0.07948983575738622,-0.1586048709002143,0.13226223354178895
13,0.4105446106952363,80.35868874484893,22,-0.06201093196897846,-0.18304100327526798,0.12337856872577055
13,0.4105446106952363,80.35868874484893,23,-0.045283675581222434,-0.20714133752259434,0.10649714766878986
13,0.4105446106952363,80.35868874484893,24,-0.030420088873621055,-0.22596871012640043,0.10119290294121043
13,0.4105446106952363,80.35868874484893,25,-0.01714798711811444,-0.24084944507319436,0.10000827539246089
13,0.4105446106952363,80.35868874484893,26,-0.005470720336088202,-0.25266338457479876,0.10014080540260901
13,0.4105446106952363,80.35868874484893,27,0.00455191254199014,-0.262445434079968,0.09826838141620867
13,0.4105446106952363,80.35868874484893,28,0.012447932796819284,-0.2691142263213103,0.09855076367783772
13,0.4105446106952363,80.35868874484893,29,0.01796662146352013,-0.27377802462181156,0.09875420729711307
13,0.4105446106952363,80.35868874484893,30,0.021093058254419417,-0.27630208928819106,0.09913128315498637
14,0.4105446106952363,80.35868874484893,1,0.3234903413349765,-0.0787741796711551,0.7716854038269126
14,0.4105446106952363,80.35868874484893,2,0.2461381445618296,0.059503989006156166,0.7839666987996166
14,0.4105446106952363,80.35868874484893,3,0.16938908285301793,0.19670396707427332,0.7821383734523133
14,0.4105446106952363,80.35868874484893,4,0.0932349950397855,0.332840343795259,0.7663101966946811
14,0.4105446106952363,80.35868874484893,5,0.003559061269573521,0.3670388121122533,0.7562323816874674
14,0.4105446106952363,80.35868874484893,6,-0.08087679373355933,0.33523446052796224,0.7407429296609792
14,0.4105446106952363,80.35868874484893,7,-0.16236852145380357,0.2930436560976483,0.7121493762875895
14,0.4105446106952363,80.35868874484893,8,-0.24341940322947433,0.25108109133719697,0.6696822609983719
14,0.4105446106952363,80.35868874484893,9,-0.3240148702509219,0.20935430897291815,0.613426974478264
14,0.4105446106952363,80.35868874484893,10,-0.34505910925475475,0.17333801370072313,0.5571612116665181
14,0.4105446106952363,80.35868874484893,11,-0.31881999512980513,0.14185239959497287,0.49804749147377336
14,0.4105446106952363,80.35868874484893,12,-0.29270087114811977,0.11051076761184006,0.4251712674257899
14,0.4105446106952363,80.35868874484893,13,-0.2667134752156466,0.0793272026466961,0.3386327473898095
14,0.4105446106952363,80.35868874484893,14,-0.24086975755257584,0.04831604436129919,0.23854590734647105
14,0.4105446106952363,80.35868874484893,15,-0.21518167580132247,0.017491641323703084,0.12503814186812484
14,0.4105446106952363,80.35868874484893,16,-0.19069131187102953,-0.01850224513510716,0.10708355908576304
14,0.4105446106952363,80.35868874484893,17,-0.16661010035855547,-0.04830549878701694,0.13033013419325487
14,0.4105446106952363,80.35868874484893,18,-0.14271897972166614,-0.07783654439858588,0.1403033833766372
14,0.4105446106952363,80.35868874484893,19,-0.11993319201367152,-0.10607692520303383,0.14259040641595322
14,0.4105446106952363,80.35868874484893,20,-0.09869046894962666,-0.13330344913441544,0.13785575654849405
14,0.4105446106952363,80.35868874484893,21,-0.07948983575738622,-0.1586048709002143,0.13226223354178895
14,0.4105446106952363,80.35868874484893,22,-0.06201093196897846,-0.18304100327526798,0.12337856872577055
14,0.4105446106952363,80.35868874484893,23,-0.045283675581222434,-0.20714133752259434,0.10649714766878986
14,0.4105446106952363,80.35868874484893,24,-0.030420088873621055,-0.22596871012640043,0.10119290294121043
14,0.4105446106952363,80.35868874484893,25,-0.01714798711811444,-0.24084944507319436,0.10000827539246089
14,0.4105446106952363,80.35868874484893,26,-0.005470720336088202,-0.25266338457479876,0.10014080540260901
14,0.4105446106952363,80.35868874484893,27,0.00455191254199014,-0.262445434079968,0.09826838141620867
14,0.4105446106952363,80.35868874484893,28,0.012447932796819284,-0.2691142263213103,0.09855076367783772
14,0.4105446106952363,80.35868874484893,29,0.01796662146352013,-0.27377802462181156,0.09875420729711307
14,0.4105446106952363,80.35868874484893,30,0.021093058254419417,-0.27630208928819106,0.09913128315498637
15,0.4105446106952363,80.35868874484893,1,0.3234903413349765,-0.0787741796711551,0.7716854038269126
15,0.4105446106952363,80.35868874484893,2,0.2461381445618296,0.059503989006156166,0.7839666987996166
15,0.4105446106952363,80.35868874484893,3,0.16938908285301793,0.19670396707427332,0.7821383734523133
15,0.4105446106952363,80.35868874484893,4,0.0932349950397855,0.332840343795259,0.7663101966946811
15,0.4105446106952363,80.35868874484893,5,0.003559061269573521,0.3670388121122533,0.7562323816874674
15,0.4105446106952363,80.35868874484893,6,-0.08087679373355933,0.33523446052796224,0.7407429296609792
15,0.4105446106952363,80.35868874484893,7,-0.16236852145380357,0.2930436560976483,0.7121493762875895
15,0.4105446106952363,80.35868874484893,8,-0.24341940322947433,0.25108109133719697,0.6696822609983719
15,0.4105446106952363,80.35868874484893,9,-0.3240148702509219,0.20935430897291815,0.613426974478264
15,0.4105446106952363,80.35868874484893,10,-0.34505910925475475,0.17333801370072313,0.5571612116665181
15,0.4105446106952363,80.35868874484893,11,-0.31881999512980513,0.14185239959497287,0.49804749147377336
15,0.4105446106952363,80.35868874484893,12,-0.29270087114811977,0.11051076761184006,0.4251712674257899
15,0.4105446106952363,80.35868874484893,13,-0.2667134752156466,0.0793272026466961,0.3386327473898095
15,0.4105446106952363,80.35868874484893,14,-0.24086975755257584,0.04831604436129919,0.23854590734647105
15,0.4105446106952363,80.35868874484893,15,-0.21518167580132247,0.017491641323703084,0.12503814186812484
15,0.4105446106952363,80.35868874484893,16,-0.19069131187102953,-0.01850224513510716,0.10708355908576304
15,0.4105446106952363,80.35868874484893,17,-0.16661010035855547,-0.04830549878701694,0.13033013419325487
15,0.4105446106952363,80.35868874484893,18,-0.14271897972166614,-0.07783654439858588,0.1403033833766372
15,0.4105446106952363,80.35868874484893,19,-0.11993319201367152,-0.10607692520303383,0.14259040641595322
15,0.4105446106952363,80.35868874484893,20,-0.09869046894962666,-0.13330344913441544,0.13785575654849405
15,0.4105446106952363,80.35868874484893,21,-0.07948983575738622,-0.1586048709002143,0.13226223354178895
15,0.4105446106952363,80.35868874484893,22,-0.06201093196897846,-0.18304100327526798,0.12337856872577055
15,0.4105446106952363,80.35868874484893,23,-0.045283675581222434,-0.20714133752259434,0.10649714766878986
15,0.4105446106952363,80.35868874484893,24,-0.030420088873621055,-0.22596871012640043,0.10119290294121043
15,0.4105446106952363,80.35868874484893,25,-0.01714798711811444,-0.24084944507319436,0.10000827539246089
15,0.4105446106952363,80.35868874484893,26,-0.005470720336088202,-0.25266338457479876,0.10014080540260901
15,0.4105446106952363,80.35868874484893,27,0.00455191254199014,-0.262445434079968,0.09826838141620867
15,0.4105446106952363,80.35868874484893,28,0.012447932796819284,-0.2691142263213103,0.09855076367783772
15,0.4105446106952363,80.35868874484893,29,0.01796662146352013,-0.27377802462181156,0.09875420729711307
15,0.4105446106952363,80.35868874484893,30,0.021093058254419417,-0.27630208928819106,0.09913128315498637
16,0.4000133697718613,80.24869657722483,1,0.32446891232716607,-0.07854014433196176,0.7717582136247402
16,0.4000133697718613,80.24869657722483,2,0.24857395429577364,0.06008855512877204,0.7841482451734616
16,0.4000133697718613,80.24869657722483,3,0.17326958786208302,0.19763848799913517,0.7824279033140468
16,0.4000133697718613,80.24869657722483,4,0.09854781230955874,0.334124268279278,0.7667067471825504
16,0.4000133697718613,80.24869657722483,5,0.00987630870182421,0.3675679445927345,0.7568071848875477
16,0.4000133697718613,80.24869657722483,6,-0.07397594050092844,0.3359996731554048,0.7413687918482269
16,0.4000133697718613,80.24869657722483,7,-0.15497317540298544,0.29441344813043224,0.7127836930273326
16,0.4000133697718613,80.24869657722483,8,-0.23553439682877483,0.2530510845071472,0.6703240619864103
16,0.4000133697718613,80.24869657722483,9,-0.31564496379421775,0.21192009937251227,0.614075006860189
16,0.4000133697718613,80.24869657722483,10,-0.34833165421937884,0.17511639175948338,0.5551095497190692
16,0.4000133697718613,80.24869657722483,11,-0.32227136693602704,0.14358496325128836,0.4960860740323259
16,0.4000133697718613,80.24869657722483,12,-0.29633012957503563,0.11219757820949866,0.4232993752927428
16,0.4000133697718613,80.24869657722483,13,-0.2705196042657375,0.08096834713079895,0.3368495671733034
16,0.4000133697718613,80.24869657722483,14,-0.24485166429000874,0.04991163599414268,0.23685053556432528
16,0.4000133697718613,80.24869657722483,15,-0.21933819035178245,0.01904181975873973,0.12342958919461929
16,0.4000133697718613,80.24869657722483,16,-0.1956429704809849,-0.016402431921836696,0.11309726936160282
16,0.4000133697718613,80.24869657722483,17,-0.1726092772276284,-0.04850776022508499,0.12690767313466783
16,0.4000133697718613,80.24869657722483,18,-0.15028033741692373,-0.07987081355394507,0.13025448743214696
16,0.4000133697718613,80.24869657722483,19,-0.12943623090136253,-0.10955771474413632,0.12880086284687484
16,0.4000133697718613,80.24869657722483,20,-0.1101484510349801,-0.13780243179048912,0.12305359514283927
16,0.4000133697718613,80.24869657722483,21,-0.09211608579891736,-0.16528877738326864,0.11044644430891831
16,0.4000133697718613,80.24869657722483,22,-0.07527692591053323,-0.18892064416067456,0.10425823682077744
16,0.4000133697718613,80.24869657722483,23,-0.05987711793151949,-0.20750331627576793,0.10869054867083057
16,0.4000133697718613,80.24869657722483,24,-0.04557218986162388,-0.22498427831002527,0.10508521444759869
16,0.4000133697718613,80.24869657722483,25,-0.03314256460313349,-0.24058028694223332,0.09841242679973934
16,0.4000133697718613,80.24869657722483,26,-0.023673199813852856,-0.25244925027351767,0.09765296189367964
16,0.4000133697718613,80.24869657722483,27,-0.016775066952096365,-0.261510209165759,0.09831546247817552
16,0.4000133697718613,80.24869657722483,28,-0.011931222279653158,-0.26782105011932045,0.09869572675022577
16,0.4000133697718613,80.24869657722483,29,-0.009244301583148954,-0.27137876393576504,0.09916218611939898
16,0.4000133697718613,80.24869657722483,30,-0.008595711513292865,-0.2721858767671041,0.09959842738240024
17,0.3383825264772685,76.09739959953515,1,0.3301959636406854,-0.0771708576721999,0.7721845268724554
17,0.3383825264772685,76.09739959953515,2,0.26283079958131206,0.06350763675400369,0.7852111111659515
17,0.3383825264772685,76.09739959953515,3,0.19598442821673331,0.20310273776400922,0.7841229093072928
17,0.3383825264772685,76.09739959953515,4,0.1296497581616324,0.3416292542790701,0.7690284006315018
17,0.3383825264772685,76.09739959953515,5,0.052840694048901925,0.37527649519270845,0.7542584539658103
17,0.3383825264772685,76.09739959953515,6,-0.015108286847400244,0.34001609657315995,0.7264375970175814
17,0.3383825264772685,76.09739959953515,7,-0.08182594723595629,0.29955446821077114,0.6857188718033305
17,0.3383825264772685,76.09739959953515,8,-0.14820146172511386,0.2593003378353704,0.6311791703091062
17,0.3383825264772685,76.09739959953515,9,-0.214216857421535,0.21926460529756087,0.5629075661778694
17,0.3383825264772685,76.09739959953515,10,-0.27985136930765175,0.17945986376111497,0.481004306030259
17,0.3383825264772685,76.09739959953515,11,-0.33954742298100543,0.13998854870582758,0.3869623949728956
17,0.3383825264772685,76.09739959953515,12,-0.3547312005513169,0.10145897213902719,0.29046829797554263
17,0.3383825264772685,76.09739959953515,13,-0.3518643333347793,0.06525908052661793,0.18447550753549233
17,0.3383825264772685,76.09739959953515,14,-0.3253302223617506,0.030963623623324422,0.1599989475590902
17,0.3383825264772685,76.09739959953515,15,-0.29286824886748686,-0.0033032851330839115,0.15256650194458596
17,0.3383825264772685,76.09739959953515,16,-0.2631220312290774,-0.03919156213110873,0.14400456777112486
17,0.3383825264772685,76.09739959953515,17,-0.23494793698247082,-0.0739580003006455,0.12907959904804264
17,0.3383825264772685,76.09739959953515,18,-0.21137772609333932,-0.10457666416960243,0.12449153498469154
17,0.3383825264772685,76.09739959953515,19,-0.18908334234494795,-0.134181140845444,0.11205623724555915
17,0.3383825264772685,76.09739959953515,20,-0.1688108717521635,-0.16210634247512593,0.09648290280952262
17,0.3383825264772685,76.09739959953515,21,-0.15256424255450396,-0.18347371914748672,0.10036109424415973
17,0.3383825264772685,76.09739959953515,22,-0.13746341567214387,-0.20341200102469703,0.09756347966189241
17,0.3383825264772685,76.09739959953515,23,-0.12462022148193322,-0.21962818102031623,0.09844297336799729
17,0.3383825264772685,76.09739959953515,24,-0.11363634725253964,-0.2334714317075081,0.09784564193986672
17,0.3383825264772685,76.09739959953515,25,-0.10464471596549559,-0.24419054855976416,0.09850519676969956
17,0.3383825264772685,76.09739959953515,26,-0.09767524926556344,-0.2523105865276179,0.09875544211581007
17,0.3383825264772685,76.09739959953515,27,-0.09281758213270193,-0.2579360371986115,0.09872516859001224
17,0.3383825264772685,76.09739959953515,28,-0.09006443084963453,-0.26081812755726247,0.09907060242663002
17,0.3383825264772685,76.09739959953515,29,-0.08944431826556609,-0.2613088486285861,0.09955600857534883
17,0.3383825264772685,76.09739959953515,30,-0.08946862625429886,-0.2612750972469634,0.09978524002946304
18,0.3418097277693283,79.9117359705336,1,0.3298774795736529,-0.07724698631670643,0.7721608104550449
18,0.3418097277693283,79.9117359705336,2,0.26203791215894706,0.0633175952066625,0.7851519880764076
18,0.3418097277693283,79.9117359705336,3,0.19472106193238123,0.20279909902765147,0.7840286255611552
18,0.3418097277693283,79.9117359705336,4,0.12791978810845156,0.3412123209588568,0.7688992555458827
18,0.3418097277693283,79.9117359705336,5,0.05078928518320059,0.3751495928034227,0.7541472587759329
18,0.3418097277693283,79.9117359705336,6,-0.01708685295094346,0.3385353004564632,0.7264635110333657
18,0.3418097277693283,79.9117359705336,7,-0.08403491246956107,0.29864048557031664,0.6855101161288227
18,0.3418097277693283,79.9117359705336,8,-0.15063953871302938,0.2589503249644636,0.6307370260453506
18,0.3418097277693283,79.9117359705336,9,-0.21688261947651769,0.219475611827894,0.5622334703097285
18,0.3418097277693283,79.9117359705336,10,-0.28274325772675457,0.18022879884825901,0.4800998753452336
18,0.3418097277693283,79.9117359705336,11,-0.3421098878122593,0.14145587878557248,0.3859529045491818
18,0.3418097277693283,79.9117359705336,12,-0.3525477266099218,0.10476555916132568,0.29033530306133243
18,0.3418097277693283,79.9117359705336,13,-0.360870070952759,0.06849087040237736,0.18172181019836803
18,0.3418097277693283,79.9117359705336,14,-0.3262868993351941,0.036559702795282444,0.16179941458211594
18,0.3418097277693283,79.9117359705336,15,-0.2856578072102378,0.005840879419702524,0.15863293673106338
18,0.3418097277693283,79.9117359705336,16,-0.25065642718283637,-0.022418968956380046,0.16532809742306048
18,0.3418097277693283,79.9117359705336,17,-0.21781997155180546,-0.05019328658423614,0.16633650442874742
18,0.3418097277693283,79.9117359705336,18,-0.18674149466708312,-0.07796605960118048,0.15996253936440796
18,0.3418097277693283,79.9117359705336,19,-0.1567626131516869,-0.10596180814376129,0.14377199953435155
18,0.3418097277693283,79.9117359705336,20,-0.12704309551898682,-0.12786613522035106,0.13979267199288425
18,0.3418097277693283,79.9117359705336,21,-0.09752308470925707,-0.14806592183902526,0.12865453903695498
18,0.3418097277693283,79.9117359705336,22,-0.06778255892215408,-0.16691027989803384,0.10931755496045877
18,0.3418097277693283,79.9117359705336,23,-0.04407688762979103,-0.1852109030090247,0.10460829616435004
18,0.3418097277693283,79.9117359705336,24,-0.02579591685575676,-0.20271892502067987,0.11075377500277589
18,0.3418097277693283,79.9117359705336,25,-0.008238584141034642,-0.2192838413980904,0.10735317840183187
18,0.3418097277693283,79.9117359705336,26,0.008156644555376607,-0.23417116788091505,0.09811895520604262
18,0.3418097277693283,79.9117359705336,27,0.02010405659208336,-0.2459106684544856,0.09785855722805989
18,0.3418097277693283,79.9117359705336,28,0.02947772662654378,-0.25522700692995653,0.09833347779897193
18,0.3418097277693283,79.9117359705336,29,0.03637181447730656,-0.2623097614979447,0.09858572432547269
18,0.3418097277693283,79.9117359705336,30,0.04080989407163225,-0.2670129839698699,0.0990208756042129
19,0.4105446106952363,80.35868874484893,1,0.3234903413349765,-0.0787741796711551,0.7716854038269126
19,0.4105446106952363,80.35868874484893,2,0.2461381445618296,0.059503989006156166,0.7839666987996166
19,0.4105446106952363,80.35868874484893,3,0.16938908285301793,0.19670396707427332,0.7821383734523133
19,0.4105446106952363,80.35868874484893,4,0.0932349950397855,0.332840343795259,0.7663101966946811
19,0.4105446106952363,80.35868874484893,5,0.003559061269573521,0.3670388121122533,0.7562323816874674
19,0.4105446106952363,80.35868874484893,6,-0.08087679373355933,0.33523446052796224,0.7407429296609792
19,0.4105446106952363,80.35868874484893,7,-0.16236852145380357,0.2930436560976483,0.7121493762875895
19,0.4105446106952363,80.35868874484893,8,-0.24341940322947433,0.25108109133719697,0.6696822609983719
19,0.4105446106952363,80.35868874484893,9,-0.3240148702509219,0.20935430897291815,0.613426974478264
19,0.4105446106952363,80.35868874484893,10,-0.34505910925475475,0.17333801370072313,0.5571612116665181
19,0.4105446106952363,80.35868874484893,11,-0.31881999512980513,0.14185239959497287,0.49804749147377336
19,0.4105446106952363,80.35868874484893,12,-0.29270087114811977,0.11051076761184006,0.4251712674257899
19,0.4105446106952363,80.35868874484893,13,-0.2667134752156466,0.0793272026466961,0.3386327473898095
19,0.4105446106952363,80.35868874484893,14,-0.24086975755257584,0.04831604436129919,0.23854590734647105
19,0.4105446106952363,80.35868874484893,15,-0.21518167580132247,0.017491641323703084,0.12503814186812484
19,0.4105446106952363,80.35868874484893,16,-0.19069131187102953,-0.01850224513510716,0.10708355908576304
19,0.4105446106952363,80.35868874484893,17,-0.16661010035855547,-0.04830549878701694,0.13033013419325487
19,0.4105446106952363,80.35868874484893,18,-0.14271897972166614,-0.07783654439858588,0.1403033833766372
19,0.4105446106952363,80.35868874484893,19,-0.11993319201367152,-0.10607692520303383,0.14259040641595322
19,0.4105446106952363,80.35868874484893,20,-0.09869046894962666,-0.13330344913441544,0.13785575654849405
19,0.4105446106952363,80.35868874484893,21,-0.07948983575738622,-0.1586048709002143,0.13226223354178895
19,0.4105446106952363,80.35868874484893,22,-0.06201093196897846,-0.18304100327526798,0.12337856872577055
19,0.4105446106952363,80.35868874484893,23,-0.045283675581222434,-0.20714133752259434,0.10649714766878986
19,0.4105446106952363,80.35868874484893,24,-0.030420088873621055,-0.22596871012640043,0.10119290294121043
19,0.4105446106952363,80.35868874484893,25,-0.01714798711811444,-0.24084944507319436,0.10000827539246089
19,0.4105446106952363,80.35868874484893,26,-0.005470720336088202,-0.25266338457479876,0.10014080540260901
19,0.4105446106952363,80.35868874484893,27,0.00455191254199014,-0.262445434079968,0.09826838141620867
19,0.4105446106952363,80.35868874484893,28,0.012447932796819284,-0.2691142263213103,0.09855076367783772
19,0.4105446106952363,80.35868874484893,29,0.01796662146352013,-0.27377802462181156,0.09875420729711307
19,0.4105446106952363,80.35868874484893,30,0.021093058254419417,-0.27630208928819106,0.09913128315498637
20,0.4105446106952363,80.35868874484893,1,0.3234903413349765,-0.0787741796711551,0.7716854038269126
20,0.4105446106952363,80.35868874484893,2,0.2461381445618296,0.059503989006156166,0.7839666987996166
20,0.4105446106952363,80.35868874484893,3,0.16938908285301793,0.19670396707427332,0.7821383734523133
20,0.4105446106952363,80.35868874484893,4,0.0932349950397855,0.332840343795259,0.7663101966946811
20,0.4105446106952363,80.35868874484893,5,0.003559061269573521,0.3670388121122533,0.7562323816874674
20,0.4105446106952363,80.35868874484893,6,-0.08087679373355933,0.33523446052796224,0.7407429296609792
20,0.4105446106952363,80.35868874484893,7,-0.16236852145380357,0.2930436560976483,0.7121493762875895
20,0.4105446106952363,80.35868874484893,8,-0.24341940322947433,0.25108109133719697,0.6696822609983719
20,0.4105446106952363,80.35868874484893,9,-0.3240148702509219,0.20935430897291815,0.613426974478264
20,0.4105446106952363,80.35868874484893,10,-0.34505910925475475,0.17333801370072313,0.5571612116665181
20,0.4105446106952363,80.35868874484893,11,-0.31881999512980513,0.14185239959497287,0.49804749147377336
20,0.4105446106952363,80.35868874484893,12,-0.29270087114811977,0.11051076761184006,0.4251712674257899
20,0.4105446106952363,80.35868874484893,13,-0.2667134752156466,0.0793272026466961,0.3386327473898095
20,0.4105446106952363,80.35868874484893,14,-0.24086975755257584,0.04831604436129919,0.23854590734647105
20,0.4105446106952363,80.35868874484893,15,-0.21518167580132247,0.017491641323703084,0.12503814186812484
20,0.4105446106952363,80.35868874484893,16,-0.19069131187102953,-0.01850224513510716,0.10708355908576304
20,0.4105446106952363,80.35868874484893,17,-0.16661010035855547,-0.04830549878701694,0.13033013419325487
20,0.4105446106952363,80.35868874484893,18,-0.14271897972166614,-0.07783654439858588,0.1403033833766372
20,0.4105446106952363,80.35868874484893,19,-0.11993319201367152,-0.10607692520303383,0.14259040641595322
20,0.4105446106952363,80.35868874484893,20,-0.09869046894962666,-0.13330344913441544,0.13785575654849405
20,0.4105446106952363,80.35868874484893,21,-0.07948983575738622,-0.1586048709002143,0.13226223354178895
20,0.4105446106952363,80.35868874484893,22,-0.06201093196897846,-0.18304100327526798,0.12337856872577055
20,0.4105446106952363,80.35868874484893,23,-0.045283675581222434,-0.20714133752259434,0.10649714766878986
20,0.4105446106952363,80.35868874484893,24,-0.030420088873621055,-0.22596871012640043,0.10119290294121043
20,0.4105446106952363,80.35868874484893,25,-0.01714798711811444,-0.24084944507319436,0.10000827539246089
20,0.4105446106952363,80.35868874484893,26,-0.005470720336088202,-0.25266338457479876,0.10014080540260901
20,0.4105446106952363,80.35868874484893,27,0.00455191254199014,-0.262445434079968,0.09826838141620867
20,0.4105446106952363,80.35868874484893,28,0.012447932796819284,-0.2691142263213103,0.09855076367783772
20,0.4105446106952363,80.35868874484893,29,0.01796662146352013,-0.27377802462181156,0.09875420729711307
20,0.4105446106952363,80.35868874484893,30,0.021093058254419417,-0.27630208928819106,0.09913128315498637
