particle,elasticity,weight,frame,x,y,z
1,0.4731301540304516,87.4787389845391,1,-0.06728565014749006,-0.321105827821389,0.5526392225636285
1,0.4731301540304516,87.4787389845391,2,0.16359309324140703,-0.25941047733966716,0.7539967127991122
1,0.4731301540304516,87.4787389845391,3,0.38103485644391055,-0.20078753183987422,0.8902676927865788
1,0.4731301540304516,87.4787389845391,4,0.3490074035410751,-0.13667247779051625,0.8730291416737799
1,0.4731301540304516,87.4787389845391,5,0.29753203386864713,-0.07759724597282129,0.8431024681909892
1,0.4731301540304516,87.4787389845391,6,0.24631095166654468,-0.018813844818090196,0.7992925385585774
1,0.4731301540304516,87.4787389845391,7,0.1953557447141888,0.039664427065820365,0.7416806439699718
1,0.4731301540304516,87.4787389845391,8,0.14468076707758207,0.0978210963678487,0.6703582677668043
1,0.4731301540304516,87.4787389845391,9,0.09430235482034029,0.15563741515570734,0.5854282694906292
1,0.4731301540304516,87.4787389845391,10,0.0442381768025263,0.2130931059255957,0.4870054744525458
1,0.4731301540304516,87.4787389845391,11,-0.00549327781512266,0.2701669497632327,0.3752168497460094
1,0.4731301540304516,87.4787389845391,12,-0.054873096169762124,0.32683724149653354,0.25020140043674716
1,0.4731301540304516,87.4787389845391,13,-0.10169613168277743,0.37369319457898065,0.11778469213902405
1,0.4731301540304516,87.4787389845391,14,-0.14182517651544316,0.3796445860198753,0.11906429719401679
1,0.4731301540304516,87.4787389845391,15,-0.17799730643668155,0.3727595258525142,0.1472509488864357
1,0.4731301540304516,87.4787389845391,16,-0.21405301326915768,0.3658966258391928,0.16130383944712728
1,0.4731301540304516,87.4787389845391,17,-0.2500001447023279,0.3590543922383426,0.16127046957318739
1,0.4731301540304516,87.4787389845391,18,-0.2858395779273365,0.35223265808402004,0.14719363953941664
1,0.4731301540304516,87.4787389845391,19,-0.3187662249750794,0.34761780832780287,0.1415099393512433
1,0.4731301540304516,87.4787389845391,20,-0.34966871142969336,0.3422908246547553,0.13494210445113528
1,0.4731301540304516,87.4787389845391,21,-0.36771686404102893,0.3364375354126431,0.12030410834691213
1,0.4731301540304516,87.4787389845391,22,-0.37947509942064417,0.3319772924723251,0.1018991181400525
1,0.4731301540304516,87.4787389845391,23,-0.3802688464826487,0.3297537663277151,0.10049313911349735
1,0.4731301540304516,87.4787389845391,24,-0.3801472052435125,0.3293754292750651,0.09998973132840369
1,0.4731301540304516,87.4787389845391,25,-0.3801469884912923,0.32937555322713635,0.0999896698700442
1,0.4731301540304516,87.4787389845391,26,-0.38014696600454767,0.32937555230056337,0.09998964831470329
1,0.4731301540304516,87.4787389845391,27,-0.38014695562811085,0.3293755517130853,0.09998963815422653
1,0.4731301540304516,87.4787389845391,28,-0.38014695066241044,0.3293755515356845,0.09998963336799402
1,0.4731301540304516,87.4787389845391,29,-0.3801469482216763,0.32937555157149523,0.09998963111361979
1,0.4731301540304516,87.4787389845391,30,-0.3801469469683223,0.329375551709337,0.09998963005180175
2,0.4749966319476494,87.3965797949412,1,-0.0673135968615049,-0.3209565596315182,0.5526143699829792
2,0.4749966319476494,87.3965797949412,2,0.16351549187287465,-0.25899545731922485,0.7539277039147639
2,0.4749966319476494,87.3965797949412,3,0.3809076183181152,-0.20012368667991345,0.8901419548484466
2,0.4749966319476494,87.3965797949412,4,0.3488330506194246,-0.13574627196967148,0.8728686839605342
2,0.4749966319476494,87.3965797949412,5,0.29733990100784874,-0.07640245352105349,0.8429095005661228
2,0.4749966319476494,87.3965797949412,6,0.24610155161195804,-0.01735228224403712,0.7990675195350124
2,0.4749966319476494,87.3965797949412,7,0.19512956573561382,0.04139091561098945,0.7414241285452949
2,0.4749966319476494,87.3965797949412,8,0.1444382709994161,0.09981062802792105,0.6700708912273563
2,0.4749966319476494,87.3965797949412,9,0.09404397753866187,0.15788805822086988,0.5851107324421381
2,0.4749966319476494,87.3965797949412,10,0.04396433012571751,0.21560287128750863,0.4866585300288738
2,0.4749966319476494,87.3965797949412,11,-0.005782203814918935,0.2729337842514629,0.3748412930224311
2,0.4749966319476494,87.3965797949412,12,-0.05517673075706855,0.3298590230710229,0.2497980597123549
2,0.4749966319476494,87.3965797949412,13,-0.10210002218098733,0.3735477452697631,0.11407905692677615
2,0.4749966319476494,87.3965797949412,14,-0.1436927448710559,0.38060497257844605,0.11557512408818638
2,0.4749966319476494,87.3965797949412,15,-0.18155310007600514,0.3730053012125782,0.1386302811057847
2,0.4749966319476494,87.3965797949412,16,-0.21929265846549278,0.36542987727108295,0.14756880957214843
2,0.4749966319476494,87.3965797949412,17,-0.2562275529359141,0.35821101320791143,0.1455690532299939
2,0.4749966319476494,87.3965797949412,18,-0.2923046913815698,0.3508293270080763,0.13287161225675434
2,0.4749966319476494,87.3965797949412,19,-0.32852979294759954,0.34305601162642335,0.11118610477228058
2,0.4749966319476494,87.3965797949412,20,-0.3594281763857927,0.33410466960206664,0.10260599450793965
2,0.4749966319476494,87.3965797949412,21,-0.3691905022503248,0.3228377184062776,0.10751996953279447
2,0.4749966319476494,87.3965797949412,22,-0.36923846381119335,0.31086666107959704,0.10303695463478217
2,0.4749966319476494,87.3965797949412,23,-0.3689313037222857,0.3012041607044433,0.10113684755217046
2,0.4749966319476494,87.3965797949412,24,-0.3681967954291299,0.2940635796421658,0.09996180733378313
2,0.4749966319476494,87.3965797949412,25,-0.3672160835036008,0.2897085689184383,0.09905261691809224
2,0.4749966319476494,87.3965797949412,26,-0.3667675402607054,0.28863931732397813,0.09955299793227432
2,0.4749966319476494,87.3965797949412,27,-0.3668565078997104,0.28865833710799577,0.09978373855958104
2,0.4749966319476494,87.3965797949412,28,-0.36689818671261193,0.2886670780533969,0.0998926524985702
2,0.4749966319476494,87.3965797949412,29,-0.3669176165319805,0.2886709597592207,0.0999440691449644
2,0.4749966319476494,87.3965797949412,30,-0.36692658922812704,0.2886725548659303,0.09996834318161187
3,0.4749966319476494,87.3965797949412,1,-0.0673135968615049,-0.3209565596315182,0.5526143699829792
3,0.4749966319476494,87.3965797949412,2,0.16351549187287465,-0.25899545731922485,0.7539277039147639
3,0.4749966319476494,87.3965797949412,3,0.3809076183181152,-0.20012368667991345,0.8901419548484466
3,0.4749966319476494,87.3965797949412,4,0.3488330506194246,-0.13574627196967148,0.8728686839605342
3,0.4749966319476494,87.3965797949412,5,0.29733990100784874,-0.07640245352105349,0.8429095005661228
3,0.4749966319476494,87.3965797949412,6,0.24610155161195804,-0.01735228224403712,0.7990675195350124
3,0.4749966319476494,87.3965797949412,7,0.19512956573561382,0.04139091561098945,0.7414241285452949
3,0.4749966319476494,87.3965797949412,8,0.1444382709994161,0.09981062802792105,0.6700708912273563
3,0.4749966319476494,87.3965797949412,9,0.09404397753866187,0.15788805822086988,0.5851107324421381
3,0.4749966319476494,87.3965797949412,10,0.04396433012571751,0.21560287128750863,0.4866585300288738
3,0.4749966319476494,87.3965797949412,11,-0.005782203814918935,0.2729337842514629,0.3748412930224311
3,0.4749966319476494,87.3965797949412,12,-0.05517673075706855,0.3298590230710229,0.2497980597123549
3,0.4749966319476494,87.3965797949412,13,-0.10210002218098733,0.3735477452697631,0.11407905692677615
3,0.4749966319476494,87.3965797949412,14,-0.1436927448710559,0.38060497257844605,0.11557512408818638
3,0.4749966319476494,87.3965797949412,15,-0.18155310007600514,0.3730053012125782,0.1386302811057847
3,0.4749966319476494,87.3965797949412,16,-0.21929265846549278,0.36542987727108295,0.14756880957214843
3,0.4749966319476494,87.3965797949412,17,-0.2562275529359141,0.35821101320791143,0.1455690532299939
3,0.4749966319476494,87.3965797949412,18,-0.2923046913815698,0.3508293270080763,0.13287161225675434
3,0.4749966319476494,87.3965797949412,19,-0.32852979294759954,0.34305601162642335,0.11118610477228058
3,0.4749966319476494,87.3965797949412,20,-0.3594281763857927,0.33410466960206664,0.10260599450793965
3,0.4749966319476494,87.3965797949412,21,-0.3691905022503248,0.3228377184062776,0.10751996953279447
3,0.4749966319476494,87.3965797949412,22,-0.36923846381119335,0.31086666107959704,0.10303695463478217
3,0.4749966319476494,87.3965797949412,23,-0.3689313037222857,0.3012041607044433,0.10113684755217046
3,0.4749966319476494,87.3965797949412,24,-0.3681967954291299,0.2940635796421658,0.09996180733378313
3,0.4749966319476494,87.3965797949412,25,-0.3672160835036008,0.2897085689184383,0.09905261691809224
3,0.4749966319476494,87.3965797949412,26,-0.3667675402607054,0.28863931732397813,0.09955299793227432
3,0.4749966319476494,87.3965797949412,27,-0.3668565078997104,0.28865833710799577,0.09978373855958104
3,0.4749966319476494,87.3965797949412,28,-0.36689818671261193,0.2886670780533969,0.0998926524985702
3,0.4749966319476494,87.3965797949412,29,-0.3669176165319805,0.2886709597592207,0.0999440691449644
3,0.4749966319476494,87.3965797949412,30,-0.36692658922812704,0.2886725548659303,0.09996834318161187
4,0.4749966319476494,87.3965797949412,1,-0.0673135968615049,-0.3209565596315182,0.5526143699829792
4,0.4749966319476494,87.3965797949412,2,0.16351549187287465,-0.25899545731922485,0.7539277039147639
4,0.4749966319476494,87.3965797949412,3,0.3809076183181152,-0.20012368667991345,0.8901419548484466
4,0.4749966319476494,87.3965797949412,4,0.3488330506194246,-0.13574627196967148,0.8728686839605342
4,0.4749966319476494,87.3965797949412,5,0.29733990100784874,-0.07640245352105349,0.8429095005661228
4,0.4749966319476494,87.3965797949412,6,0.24610155161195804,-0.01735228224403712,0.7990675195350124
4,0.4749966319476494,87.3965797949412,7,0.19512956573561382,0.04139091561098945,0.7414241285452949
4,0.4749966319476494,87.3965797949412,8,0.1444382709994161,0.09981062802792105,0.6700708912273563
4,0.4749966319476494,87.3965797949412,9,0.09404397753866187,0.15788805822086988,0.5851107324421381
4,0.4749966319476494,87.3965797949412,10,0.04396433012571751,0.21560287128750863,0.4866585300288738
4,0.4749966319476494,87.3965797949412,11,-0.005782203814918935,0.2729337842514629,0.3748412930224311
4,0.4749966319476494,87.3965797949412,12,-0.05517673075706855,0.3298590230710229,0.2497980597123549
4,0.4749966319476494,87.3965797949412,13,-0.10210002218098733,0.3735477452697631,0.11407905692677615
4,0.4749966319476494,87.3965797949412,14,-0.1436927448710559,0.38060497257844605,0.11557512408818638
4,0.4749966319476494,87.3965797949412,15,-0.18155310007600514,0.3730053012125782,0.1386302811057847
4,0.4749966319476494,87.3965797949412,16,-0.21929265846549278,0.36542987727108295,0.14756880957214843
4,0.4749966319476494,87.3965797949412,17,-0.2562275529359141,0.35821101320791143,0.1455690532299939
4,0.4749966319476494,87.3965797949412,18,-0.2923046913815698,0.3508293270080763,0.13287161225675434
4,0.4749966319476494,87.3965797949412,19,-0.32852979294759954,0.34305601162642335,0.11118610477228058
4,0.4749966319476494,87.3965797949412,20,-0.3594281763857927,0.33410466960206664,0.10260599450793965
4,0.4749966319476494,87.3965797949412,21,-0.3691905022503248,0.3228377184062776,0.10751996953279447
4,0.4749966319476494,87.3965797949412,22,-0.36923846381119335,0.31086666107959704,0.10303695463478217
4,0.4749966319476494,87.3965797949412,23,-0.3689313037222857,0.3012041607044433,0.10113684755217046
4,0.4749966319476494,87.3965797949412,24,-0.3681967954291299,0.2940635796421658,0.09996180733378313
4,0.4749966319476494,87.3965797949412,25,-0.3672160835036008,0.2897085689184383,0.09905261691809224
4,0.4749966319476494,87.3965797949412,26,-0.3667675402607054,0.28863931732397813,0.09955299793227432
4,0.4749966319476494,87.3965797949412,27,-0.3668565078997104,0.28865833710799577,0.09978373855958104
4,0.4749966319476494,87.3965797949412,28,-0.36689818671261193,0.2886670780533969,0.0998926524985702
4,0.4749966319476494,87.3965797949412,29,-0.3669176165319805,0.2886709597592207,0.0999440691449644
4,0.4749966319476494,87.3965797949412,30,-0.36692658922812704,0.2886725548659303,0.09996834318161187
5,0.47491007617266506,87.40034434453182,1,-0.0673123008040352,-0.3209634818018032,0.5526155224513002
5,0.47491007617266506,87.40034434453182,2,0.16351909075440912,-0.2590147034726136,0.7539309040414193
5,0.47491007617266506,87.40034434453182,3,0.38091351900303405,-0.20015447150985421,0.8901477854521318
5,0.47491007617266506,87.40034434453182,4,0.3488411341438072,-0.13578922037558508,0.8728761269236379
5,0.47491007617266506,87.40034434453182,5,0.29734880666870506,-0.07645785398446425,0.8429184545809413
5,0.47491007617266506,87.40034434453182,6,0.24611125562566633,-0.01742005043230986,0.7990779633018297
5,0.47491007617266506,87.40034434453182,7,0.19514004545283112,0.041310865307041464,0.7414360362853136
5,0.47491007617266506,87.40034434453182,8,0.14444950499697987,0.09971838300575625,0.670084233433137
5,0.47491007617266506,87.40034434453182,9,0.09405594559625839,0.15778370813604134,0.5851254765717002
5,0.47491007617266506,87.40034434453182,10,0.04397701314108417,0.21548650844955997,0.48667464109917424
5,0.47491007617266506,87.40034434453182,11,-0.005768823934630017,0.272805503932903,0.3748587341008154
5,0.47491007617266506,87.40034434453182,12,-0.05516267120629943,0.32971892373043493,0.2498167923214033
5,0.47491007617266506,87.40034434453182,13,-0.10209295984350507,0.37342762153670406,0.11409531206598116
5,0.47491007617266506,87.40034434453182,14,-0.14368815320995063,0.38053572322615936,0.11557590198896979
5,0.47491007617266506,87.40034434453182,15,-0.1815466597807256,0.3729862571389539,0.13860633957516116
5,0.47491007617266506,87.40034434453182,16,-0.2192844059898715,0.36546087219856005,0.14752024153974466
5,0.47491007617266506,87.40034434453182,17,-0.25621415783019197,0.35828708169818446,0.1455005905081592
5,0.47491007617266506,87.40034434453182,18,-0.2922866328583834,0.35094439281328066,0.13278597081516386
5,0.47491007617266506,87.40034434453182,19,-0.3285287035842883,0.3432235051445424,0.1111413677599836
5,0.47491007617266506,87.40034434453182,20,-0.3594557085429096,0.33432358201985385,0.102664755502157
5,0.47491007617266506,87.40034434453182,21,-0.36925247013319723,0.32306634562436154,0.10757900916159084
5,0.47491007617266506,87.40034434453182,22,-0.3693145826807254,0.31108747818943727,0.10309487565276051
5,0.47491007617266506,87.40034434453182,23,-0.36904955402708645,0.30144473233018854,0.10116466485863666
5,0.47491007617266506,87.40034434453182,24,-0.36836318102767646,0.29432823484222914,0.09994273459065929
5,0.47491007617266506,87.40034434453182,25,-0.36734985798745406,0.28997134648915296,0.09893233321892243
5,0.47491007617266506,87.40034434453182,26,-0.36684806486585897,0.2888032867705161,0.09950384526545639
5,0.47491007617266506,87.40034434453182,27,-0.3669828689775954,0.2888276830159884,0.09976067306704421
5,0.47491007617266506,87.40034434453182,28,-0.3670464865506309,0.28883923427553154,0.09988183554076395
5,0.47491007617266506,87.40034434453182,29,-0.36707606061164605,0.28884462591038695,0.09993899337332815
5,0.47491007617266506,87.40034434453182,30,-0.3670896840068309,0.2888470970260795,0.09996595810764028
6,0.4749966319476494,87.3965797949412,1,-0.0673135968615049,-0.3209565596315182,0.5526143699829792
6,0.4749966319476494,87.3965797949412,2,0.16351549187287465,-0.25899545731922485,0.7539277039147639
6,0.4749966319476494,87.3965797949412,3,0.3809076183181152,-0.20012368667991345,0.8901419548484466
6,0.4749966319476494,87.3965797949412,4,0.3488330506194246,-0.13574627196967148,0.8728686839605342
6,0.4749966319476494,87.3965797949412,5,0.29733990100784874,-0.07640245352105349,0.8429095005661228
6,0.4749966319476494,87.3965797949412,6,0.24610155161195804,-0.01735228224403712,0.7990675195350124
6,0.4749966319476494,87.3965797949412,7,0.19512956573561382,0.04139091561098945,0.7414241285452949
6,0.4749966319476494,87.3965797949412,8,0.1444382709994161,0.09981062802792105,0.6700708912273563
6,0.4749966319476494,87.3965797949412,9,0.09404397753866187,0.15788805822086988,0.5851107324421381
6,0.4749966319476494,87.3965797949412,10,0.04396433012571751,0.21560287128750863,0.4866585300288738
6,0.4749966319476494,87.3965797949412,11,-0.005782203814918935,0.2729337842514629,0.3748412930224311
6,0.4749966319476494,87.3965797949412,12,-0.05517673075706855,0.3298590230710229,0.2497980597123549
6,0.4749966319476494,87.3965797949412,13,-0.10210002218098733,0.3735477452697631,0.11407905692677615
6,0.4749966319476494,87.3965797949412,14,-0.1436927448710559,0.38060497257844605,0.11557512408818638
6,0.4749966319476494,87.3965797949412,15,-0.18155310007600514,0.3730053012125782,0.1386302811057847
6,0.4749966319476494,87.3965797949412,16,-0.21929265846549278,0.36542987727108295,0.14756880957214843
6,0.4749966319476494,87.3965797949412,17,-0.2562275529359141,0.35821101320791143,0.1455690532299939
6,0.4749966319476494,87.3965797949412,18,-0.2923046913815698,0.3508293270080763,0.13287161225675434
6,0.4749966319476494,87.3965797949412,19,-0.32852979294759954,0.34305601162642335,0.11118610477228058
6,0.4749966319476494,87.3965797949412,20,-0.3594281763857927,0.33410466960206664,0.10260599450793965
6,0.4749966319476494,87.3965797949412,21,-0.3691905022503248,0.3228377184062776,0.10751996953279447
6,0.4749966319476494,87.3965797949412,22,-0.36923846381119335,0.31086666107959704,0.10303695463478217
6,0.4749966319476494,87.3965797949412,23,-0.3689313037222857,0.3012041607044433,0.10113684755217046
6,0.4749966319476494,87.3965797949412,24,-0.3681967954291299,0.2940635796421658,0.09996180733378313
6,0.4749966319476494,87.3965797949412,25,-0.3672160835036008,0.2897085689184383,0.09905261691809224
6,0.4749966319476494,87.3965797949412,26,-0.3667675402607054,0.28863931732397813,0.09955299793227432
6,0.4749966319476494,87.3965797949412,27,-0.3668565078997104,0.28865833710799577,0.09978373855958104
6,0.4749966319476494,87.3965797949412,28,-0.36689818671261193,0.2886670780533969,0.0998926524985702
6,0.4749966319476494,87.3965797949412,29,-0.3669176165319805,0.2886709597592207,0.0999440691449644
6,0.4749966319476494,87.3965797949412,30,-0.36692658922812704,0.2886725548659303,0.09996834318161187
7,0.4722658136631864,88.58763031337537,1,-0.06727270933596312,-0.3211749514317765,0.5526507320914014
7,0.4722658136631864,88.58763031337537,2,0.16362902620077907,-0.2596026662712213,0.7540286711142306
7,0.4722658136631864,88.58763031337537,3,0.3810937761779628,-0.20109495294732263,0.890325925657574
7,0.4722658136631864,88.58763031337537,4,0.34908814317535974,-0.13710142904184328,0.8731034908047088
7,0.4722658136631864,88.58763031337537,5,0.29762100567430566,-0.0781506107199637,0.8431919127515931
7,0.4722658136631864,88.58763031337537,6,0.24640791846374513,-0.019490783373037727,0.7993968663112081
7,0.4722658136631864,88.58763031337537,7,0.1954604806497325,0.038864767301946025,0.7417995980181801
7,0.4722658136631864,88.58763031337537,8,0.14479305853603838,0.09689958604043122,0.6704915540514084
7,0.4722658136631864,88.58763031337537,9,0.0944220001811182,0.1545949476622211,0.5855755637146355
7,0.4722658136631864,88.58763031337537,10,0.04436498558419988,0.21193060137286648,0.4871664279953599
7,0.4722658136631864,88.58763031337537,11,-0.005359486045912808,0.2688853580495555,0.37539109455640307
7,0.4722658136631864,88.58763031337537,12,-0.05473249291049923,0.3254375445320375,0.2503885530610612
7,0.4722658136631864,88.58763031337537,13,-0.1016047408929708,0.3723919376109608,0.11794045660136324
7,0.4722658136631864,88.58763031337537,14,-0.14170993204688775,0.3789034531921259,0.11889446444551008
7,0.4722658136631864,88.58763031337537,15,-0.17768240964569343,0.37228078966045486,0.1471314284930686
7,0.4722658136631864,88.58763031337537,16,-0.21353937026088304,0.36567939322423426,0.16123462626659998
7,0.4722658136631864,88.58763031337537,17,-0.2492886759544104,0.3590978164493572,0.16125147941967838
7,0.4722658136631864,88.58763031337537,18,-0.2849312243140355,0.3525358940866631,0.1472246609101529
7,0.4722658136631864,88.58763031337537,19,-0.3173205818357905,0.34780337642816717,0.14155906332698917
7,0.4722658136631864,88.58763031337537,20,-0.3474414185500596,0.34232528309286037,0.13631019809398073
7,0.4722658136631864,88.58763031337537,21,-0.36366183131032154,0.33621326612176083,0.1237199683833639
7,0.4722658136631864,88.58763031337537,22,-0.3752634460152512,0.33088764292011835,0.10235641814922106
7,0.4722658136631864,88.58763031337537,23,-0.37239512654762097,0.3295038919121002,0.10103799672844872
7,0.4722658136631864,88.58763031337537,24,-0.3695924126801947,0.32879912427656927,0.0997273165807008
7,0.4722658136631864,88.58763031337537,25,-0.36918871989559277,0.329112341095074,0.09986640696532306
7,0.4722658136631864,88.58763031337537,26,-0.3692381331469149,0.3291022154195866,0.0999317208352168
7,0.4722658136631864,88.58763031337537,27,-0.3692612339689675,0.3290974935698411,0.09996254636568436
7,0.4722658136631864,88.58763031337537,28,-0.3692720318084765,0.3290952937299321,0.09997709705172464
7,0.4722658136631864,88.58763031337537,29,-0.3692770777859775,0.3290942694654297,0.09998396598791144
7,0.4722658136631864,88.58763031337537,30,-0.36927954034945054,0.32909378539716033,0.09998719164676878
8,0.4673571747351166,83.82082198103596,1,-0.06719922888170693,-0.3215675030657032,0.5527161030281583
8,0.4673571747351166,83.82082198103596,2,0.163833053446547,-0.2606941043720903,0.7542101791954512
8,0.4673571747351166,83.82082198103596,3,0.38142835444964324,-0.2028408571895531,0.8906566979244009
8,0.4673571747351166,83.82082198103596,4,0.34954680399739274,-0.13953795947530423,0.8735258949636248
8,0.4673571747351166,83.82082198103596,5,0.29812658967616784,-0.08129415896662383,0.8437000872504615
8,0.4673571747351166,83.82082198103596,6,0.24695908104859166,-0.02333659880529655,0.7999896092391913
8,0.4673571747351166,83.82082198103596,7,0.1960559415369529,0.03432150982218197,0.7424754543603519
8,0.4673571747351166,83.82082198103596,8,0.14543160688621942,0.09166381551274598,0.6712488582722619
8,0.4673571747351166,83.82082198103596,9,0.09510249314334235,0.14867172377050736,0.5864124790359071
8,0.4673571747351166,83.82082198103596,10,0.04508634337188179,0.2053251369846714,0.488080979891468
8,0.4673571747351166,83.82082198103596,11,-0.004598286396655471,0.2616030366936937,0.37638119843346374
8,0.4673571747351166,83.82082198103596,12,-0.05393242388312783,0.31748393295133215,0.25145203702596713
8,0.4673571747351166,83.82082198103596,13,-0.10120245456394224,0.36997700940957284,0.12187987172054869
8,0.4673571747351166,83.82082198103596,14,-0.13378817436364865,0.3798748018127528,0.11295778301695908
8,0.4673571747351166,83.82082198103596,15,-0.16376680297708704,0.37986609114997394,0.12867660747757273
8,0.4673571747351166,83.82082198103596,16,-0.19279591363685675,0.3778316703129983,0.13220694377969447
8,0.4673571747351166,83.82082198103596,17,-0.21855928902643468,0.37602465061552237,0.13644303581009964
8,0.4673571747351166,83.82082198103596,18,-0.24119678727185062,0.37490857610247025,0.13923817785065246
8,0.4673571747351166,83.82082198103596,19,-0.2607528974911144,0.3747598905390838,0.1409885228951413
8,0.4673571747351166,83.82082198103596,20,-0.2784283369395309,0.3758244271359255,0.14102036671799495
8,0.4673571747351166,83.82082198103596,21,-0.2958134740154608,0.3770914559962594,0.1386468033811275
8,0.4673571747351166,83.82082198103596,22,-0.31419408127067344,0.3784890695418461,0.13342084880124822
8,0.4673571747351166,83.82082198103596,23,-0.3346360586294991,0.379935277442768,0.12397632483387451
8,0.4673571747351166,83.82082198103596,24,-0.35685036706852646,0.38140002104505055,0.10781801569246993
8,0.4673571747351166,83.82082198103596,25,-0.3763463093382499,0.37934149906445963,0.10342815085278749
8,0.4673571747351166,83.82082198103596,26,-0.3890426093813729,0.3752467487005675,0.10504922750648957
8,0.4673571747351166,83.82082198103596,27,-0.3885776862024826,0.371480933553525,0.10209530689536879
8,0.4673571747351166,83.82082198103596,28,-0.3869031147265575,0.36923794787890785,0.09913896106466125
8,0.4673571747351166,83.82082198103596,29,-0.3864822750771948,0.36895659573876727,0.0995899723793682
8,0.4673571747351166,83.82082198103596,30,-0.386167328588956,0.3690901267282423,0.09980164093806723
9,0.49125035360479813,84.1998494174387,1,-0.06755707902278484,-0.31965664247500036,0.5523980274630024
9,0.49125035360479813,84.1998494174387,2,0.16283932615088706,-0.2553812240734836,0.7533269138399891
9,0.49125035360479813,84.1998494174387,3,0.37979929503051596,-0.19434320798689964,0.8890476638228001
9,0.49125035360479813,84.1998494174387,4,0.34731598400479174,-0.12768553526736426,0.8714726231264194
9,0.49125035360479813,84.1998494174387,5,0.2956695444472083,-0.06600747085826447,0.8412301793656835
9,0.49125035360479813,84.1998494174387,6,0.24428239580655553,-0.00463906113227836,0.797108969151063
9,0.49125035360479813,84.1998494174387,7,0.19316588838506146,0.05640613896512509,0.7391912260019743
9,0.49125035360479813,84.1998494174387,8,0.14233411913820807,0.11711129433484435,0.667569218590393
9,0.49125035360479813,84.1998494174387,9,0.0918031712761784,0.17745719781986963,0.5823464460337833
9,0.49125035360479813,84.1998494174387,10,0.041590477988343116,0.23742303006874002,0.48363824814132567
9,0.49125035360479813,84.1998494174387,11,-0.008285684896791228,0.2969869654195626,0.37157200262825896
9,0.49125035360479813,84.1998494174387,12,-0.0578065948461523,0.35612664473953687,0.2462870394415236
9,0.49125035360479813,84.1998494174387,13,-0.10232877650324212,0.37271639829360015,0.11663064525541188
9,0.49125035360479813,84.1998494174387,14,-0.14571306925492758,0.37137660527447225,0.10665771226219452
9,0.49125035360479813,84.1998494174387,15,-0.18281177574915408,0.3723440589780036,0.12865108550427581
9,0.49125035360479813,84.1998494174387,16,-0.2191583991904277,0.36950247064953023,0.1366464896785323
9,0.49125035360479813,84.1998494174387,17,-0.25446824505820315,0.36657109752044265,0.13432147851449466
9,0.49125035360479813,84.1998494174387,18,-0.28671115344559456,0.3644468401453277,0.13070346432095267
9,0.49125035360479813,84.1998494174387,19,-0.3169877412924113,0.3630247188536858,0.12110600062673275
9,0.49125035360479813,84.1998494174387,20,-0.3461190695382313,0.3622832896592637,0.10257433501885771
9,0.49125035360479813,84.1998494174387,21,-0.36808617195882976,0.3570729703807247,0.10706823021029908
9,0.49125035360479813,84.1998494174387,22,-0.3864846224636303,0.3518692342240654,0.10604671550754602
9,0.49125035360479813,84.1998494174387,23,-0.3872916558385747,0.34893592120166295,0.10188490471042914
9,0.49125035360479813,84.1998494174387,24,-0.38497155996057103,0.3477977984156584,0.09989009141124267
9,0.49125035360479813,84.1998494174387,25,-0.38477530465826054,0.3477200847688879,0.09994302795279962
9,0.49125035360479813,84.1998494174387,26,-0.38487049520925015,0.34760221080050924,0.09996789808888626
9,0.49125035360479813,84.1998494174387,27,-0.38487077649252155,0.3475872255858064,0.09997960543567821
9,0.49125035360479813,84.1998494174387,28,-0.38487083935562416,0.3475803910566731,0.09998512246947806
9,0.49125035360479813,84.1998494174387,29,-0.3848706860620309,0.3475782686486759,0.09998690478893782
9,0.49125035360479813,84.1998494174387,30,-0.3848705761610663,0.3475784751953378,0.09998675104834057
10,0.47123944900524367,91.03561909197566,1,-0.06725734347821379,-0.3212570321921371,0.5526643996539016
10,0.47123944900524367,91.03561909197566,2,0.16367169233805834,-0.2598308808846631,0.7540666211762475
10,0.47123944900524367,91.03561909197566,3,0.38116373860249947,-0.20146000433152908,0.8903950789352558
10,0.47123944900524367,91.03561909197566,4,0.34918402690809763,-0.13761082356521193,0.8731917890650244
10,0.47123944900524367,91.03561909197566,5,0.2977266761514178,-0.07880777344482688,0.8432981393728312
10,0.47123944900524367,91.03561909197566,6,0.24652309420621935,-0.02029471843536567,0.799520769500627
10,0.47123944900524367,91.03561909197566,7,0.19558489362801362,0.037915071178679406,0.74194087298747
10,0.47123944900524367,91.03561909197566,8,0.14492645524864303,0.09580516165629438,0.6706498519188849
10,0.47123944900524367,91.03561909197566,9,0.09456414136120517,0.1533568549353569,0.5857504997249836
10,0.47123944900524367,91.03561909197566,10,0.04451564517907943,0.21054993204038835,0.4873575885362893
10,0.47123944900524367,91.03561909197566,11,-0.005200522173505509,0.26736323932570366,0.3755980429614617
10,0.47123944900524367,91.03561909197566,12,-0.054565428304875215,0.32377514174091326,0.250610834385643
10,0.47123944900524367,91.03561909197566,13,-0.10134317399523456,0.37224790954503845,0.11873078614897353
10,0.47123944900524367,91.03561909197566,14,-0.1401154771511557,0.38338532407392867,0.11881420474813541
10,0.47123944900524367,91.03561909197566,15,-0.17512439812308317,0.379638726428903,0.13965779766131936
10,0.47123944900524367,91.03561909197566,16,-0.21002714032101033,0.3759034918631605,0.1463941426350778
10,0.47123944900524367,91.03561909197566,17,-0.244828074820577,0.37217915259131257,0.13906655214198801
10,0.47123944900524367,91.03561909197566,18,-0.2757093944384189,0.370295218190842,0.13675445634768768
10,0.47123944900524367,91.03561909197566,19,-0.30225893732571346,0.3685126096420058,0.13804627944099726
10,0.47123944900524367,91.03561909197566,20,-0.32517353714668296,0.3671123327507641,0.13970413327605807
10,0.47123944900524367,91.03561909197566,21,-0.33895648282510016,0.36444965538396973,0.14117783921024973
10,0.47123944900524367,91.03561909197566,22,-0.34051726906771274,0.3608543136525597,0.14088445600567132
10,0.47123944900524367,91.03561909197566,23,-0.34303601245983273,0.3596518860660133,0.14017274525930964
10,0.47123944900524367,91.03561909197566,24,-0.3450263407194692,0.36008369125899403,0.13961976249080751
10,0.47123944900524367,91.03561909197566,25,-0.34708078430140554,0.35987653997986,0.13905031945014987
10,0.47123944900524367,91.03561909197566,26,-0.34965584359573504,0.35947074406225454,0.1382634249824268
10,0.47123944900524367,91.03561909197566,27,-0.3531467718685216,0.35880133254391294,0.13689270942767404
10,0.47123944900524367,91.03561909197566,28,-0.35506911813165554,0.3583602186048246,0.13486574259669054
10,0.47123944900524367,91.03561909197566,29,-0.3583060563792384,0.3581595840583939,0.1316090262857495
10,0.47123944900524367,91.03561909197566,30,-0.3638772728400721,0.3580403458040076,0.12565969666317398
11,0.47491007617266506,87.40034434453182,1,-0.0673123008040352,-0.3209634818018032,0.5526155224513002
11,0.47491007617266506,87.40034434453182,2,0.16351909075440912,-0.2590147034726136,0.7539309040414193
11,0.47491007617266506,87.40034434453182,3,0.38091351900303405,-0.20015447150985421,0.8901477854521318
11,0.47491007617266506,87.40034434453182,4,0.3488411341438072,-0.13578922037558508,0.8728761269236379
11,0.47491007617266506,87.40034434453182,5,0.29734880666870506,-0.07645785398446425,0.8429184545809413
11,0.47491007617266506,87.40034434453182,6,0.24611125562566633,-0.01742005043230986,0.7990779633018297
11,0.47491007617266506,87.40034434453182,7,0.19514004545283112,0.041310865307041464,0.7414360362853136
11,0.47491007617266506,87.40034434453182,8,0.14444950499697987,0.09971838300575625,0.670084233433137
11,0.47491007617266506,87.40034434453182,9,0.09405594559625839,0.15778370813604134,0.5851254765717002
11,0.47491007617266506,87.40034434453182,10,0.04397701314108417,0.21548650844955997,0.48667464109917424
11,0.47491007617266506,87.40034434453182,11,-0.005768823934630017,0.272805503932903,0.3748587341008154
11,0.47491007617266506,87.40034434453182,12,-0.05516267120629943,0.32971892373043493,0.2498167923214033
11,0.47491007617266506,87.40034434453182,13,-0.10209295984350507,0.37342762153670406,0.11409531206598116
11,0.47491007617266506,87.40034434453182,14,-0.14368815320995063,0.38053572322615936,0.11557590198896979
11,0.47491007617266506,87.40034434453182,15,-0.1815466597807256,0.3729862571389539,0.13860633957516116
11,0.47491007617266506,87.40034434453182,16,-0.2192844059898715,0.36546087219856005,0.14752024153974466
11,0.47491007617266506,87.40034434453182,17,-0.25621415783019197,0.35828708169818446,0.1455005905081592
11,0.47491007617266506,87.40034434453182,18,-0.2922866328583834,0.35094439281328066,0.13278597081516386
11,0.47491007617266506,87.40034434453182,19,-0.3285287035842883,0.3432235051445424,0.1111413677599836
11,0.47491007617266506,87.40034434453182,20,-0.3594557085429096,0.33432358201985385,0.102664755502157
11,0.47491007617266506,87.40034434453182,21,-0.36925247013319723,0.32306634562436154,0.10757900916159084
11,0.47491007617266506,87.40034434453182,22,-0.3693145826807254,0.31108747818943727,0.10309487565276051
11,0.47491007617266506,87.40034434453182,23,-0.36904955402708645,0.30144473233018854,0.10116466485863666
11,0.47491007617266506,87.40034434453182,24,-0.36836318102767646,0.29432823484222914,0.09994273459065929
11,0.47491007617266506,87.40034434453182,25,-0.36734985798745406,0.28997134648915296,0.09893233321892243
11,0.47491007617266506,87.40034434453182,26,-0.36684806486585897,0.2888032867705161,0.09950384526545639
11,0.47491007617266506,87.40034434453182,27,-0.3669828689775954,0.2888276830159884,0.09976067306704421
11,0.47491007617266506,87.40034434453182,28,-0.3670464865506309,0.28883923427553154,0.09988183554076395
11,0.47491007617266506,87.40034434453182,29,-0.36707606061164605,0.28884462591038695,0.09993899337332815
11,0.47491007617266506,87.40034434453182,30,-0.3670896840068309,0.2888470970260795,0.09996595810764028
12,0.4749966319476494,87.3965797949412,1,-0.0673135968615049,-0.3209565596315182,0.5526143699829792
12,0.4749966319476494,87.3965797949412,2,0.16351549187287465,-0.25899545731922485,0.7539277039147639
12,0.4749966319476494,87.3965797949412,3,0.3809076183181152,-0.20012368667991345,0.8901419548484466
12,0.4749966319476494,87.3965797949412,4,0.3488330506194246,-0.13574627196967148,0.8728686839605342
12,0.4749966319476494,87.3965797949412,5,0.29733990100784874,-0.07640245352105349,0.8429095005661228
12,0.4749966319476494,87.3965797949412,6,0.24610155161195804,-0.01735228224403712,0.7990675195350124
12,0.4749966319476494,87.3965797949412,7,0.19512956573561382,0.04139091561098945,0.7414241285452949
12,0.4749966319476494,87.3965797949412,8,0.1444382709994161,0.09981062802792105,0.6700708912273563
12,0.4749966319476494,87.3965797949412,9,0.09404397753866187,0.15788805822086988,0.5851107324421381
12,0.4749966319476494,87.3965797949412,10,0.04396433012571751,0.21560287128750863,0.4866585300288738
12,0.4749966319476494,87.3965797949412,11,-0.005782203814918935,0.2729337842514629,0.3748412930224311
12,0.4749966319476494,87.3965797949412,12,-0.05517673075706855,0.3298590230710229,0.2497980597123549
12,0.4749966319476494,87.3965797949412,13,-0.10210002218098733,0.3735477452697631,0.11407905692677615
12,0.4749966319476494,87.3965797949412,14,-0.1436927448710559,0.38060497257844605,0.11557512408818638
12,0.4749966319476494,87.3965797949412,15,-0.18155310007600514,0.3730053012125782,0.1386302811057847
12,0.4749966319476494,87.3965797949412,16,-0.21929265846549278,0.36542987727108295,0.14756880957214843
12,0.4749966319476494,87.3965797949412,17,-0.2562275529359141,0.35821101320791143,0.1455690532299939
12,0.4749966319476494,87.3965797949412,18,-0.2923046913815698,0.3508293270080763,0.13287161225675434
12,0.4749966319476494,87.3965797949412,19,-0.32852979294759954,0.34305601162642335,0.11118610477228058
12,0.4749966319476494,87.3965797949412,20,-0.3594281763857927,0.33410466960206664,0.10260599450793965
12,0.4749966319476494,87.3965797949412,21,-0.3691905022503248,0.3228377184062776,0.10751996953279447
12,0.4749966319476494,87.3965797949412,22,-0.36923846381119335,0.31086666107959704,0.10303695463478217
12,0.4749966319476494,87.3965797949412,23,-0.3689313037222857,0.3012041607044433,0.10113684755217046
12,0.4749966319476494,87.3965797949412,24,-0.3681967954291299,0.2940635796421658,0.09996180733378313
12,0.4749966319476494,87.3965797949412,25,-0.3672160835036008,0.2897085689184383,0.09905261691809224
12,0.4749966319476494,87.3965797949412,26,-0.3667675402607054,0.28863931732397813,0.09955299793227432
12,0.4749966319476494,87.3965797949412,27,-0.3668565078997104,0.28865833710799577,0.09978373855958104
12,0.4749966319476494,87.3965797949412,28,-0.36689818671261193,0.2886670780533969,0.0998926524985702
12,0.4749966319476494,87.3965797949412,29,-0.3669176165319805,0.2886709597592207,0.0999440691449644
12,0.4749966319476494,87.3965797949412,30,-0.36692658922812704,0.2886725548659303,0.09996834318161187
13,0.4739444511761414,86.93178041851789,1,-0.06729784225535491,-0.32104070604374607,0.5526283797792169
13,0.4739444511761414,86.93178041851789,2,0.1635592388766247,-0.25922941501284047,0.7539666055147431
13,0.4739444511761414,86.93178041851789,3,0.38097934657064586,-0.2004979117011574,0.8902128345595745
13,0.4739444511761414,86.93178041851789,4,0.34893134487393096,-0.13626838636049043,0.8729591058299423
13,0.4739444511761414,86.93178041851789,5,0.2974482275459067,-0.07707596771048542,0.8430182133403286
13,0.4739444511761414,86.93178041851789,6,0.2462196212492374,-0.01817617165796249,0.7991942648111764
13,0.4739444511761414,86.93178041851789,7,0.19525710309226743,0.040417691083208536,0.7415685935332681
13,0.4739444511761414,86.93178041851789,8,0.1445750156092362,0.09868913026660771,0.6702327178842243
13,0.4739444511761414,86.93178041851789,9,0.09418968355738438,0.15661937659629688,0.5852895259153247
13,0.4739444511761414,86.93178041851789,10,0.04411876529343104,0.21418812747799207,0.4868538658712639
13,0.4739444511761414,86.93178041851789,11,-0.005619259499483815,0.27137413600207094,0.37505272316425986
13,0.4739444511761414,86.93178041851789,12,-0.05500548638958391,0.3281556669066047,0.250025117378701
13,0.4739444511761414,86.93178041851789,13,-0.10205472819479587,0.37312804345699196,0.11396280163595855
13,0.4739444511761414,86.93178041851789,14,-0.1428719194785772,0.38203386525781474,0.11840617337321506
13,0.4739444511761414,86.93178041851789,15,-0.18017971889517323,0.3766194986208141,0.14857580347214702
13,0.4739444511761414,86.93178041851789,16,-0.2173648184173807,0.3712229390435954,0.1646035771657419
13,0.4739444511761414,86.93178041851789,17,-0.25443604496861116,0.36584290550180504,0.16653858818950176
13,0.4739444511761414,86.93178041851789,18,-0.2913953508438507,0.3604791146648525,0.154424271783598
13,0.4739444511761414,86.93178041851789,19,-0.3278089599314153,0.35533863375106217,0.13833045153188114
13,0.4739444511761414,86.93178041851789,20,-0.3590255836189126,0.35130661515830186,0.12713206645778655
13,0.4739444511761414,86.93178041851789,21,-0.38112968221393756,0.3465698133238409,0.10438416870045508
13,0.4739444511761414,86.93178041851789,22,-0.38487303238291964,0.34429141736234903,0.1024970244621815
13,0.4739444511761414,86.93178041851789,23,-0.3839692937200231,0.3422645492373109,0.09988500517005333
13,0.4739444511761414,86.93178041851789,24,-0.3838380976039004,0.34218467531286617,0.09994061317469803
13,0.4739444511761414,86.93178041851789,25,-0.3839163317527988,0.34229200090421497,0.09996674041711903
13,0.4739444511761414,86.93178041851789,26,-0.38391616753283225,0.34230801423345364,0.099979056415871
13,0.4739444511761414,86.93178041851789,27,-0.38391600463415737,0.3423153676182701,0.09998486375733395
13,0.4739444511761414,86.93178041851789,28,-0.38391575275497863,0.34231793264279553,0.09998696989343077
13,0.4739444511761414,86.93178041851789,29,-0.38391565105282427,0.3423178059745376,0.09998678947436938
13,0.4739444511761414,86.93178041851789,30,-0.3839155467723223,0.3423175815747865,0.09998670523598023
14,0.4749966319476494,87.3965797949412,1,-0.0673135968615049,-0.3209565596315182,0.5526143699829792
14,0.4749966319476494,87.3965797949412,2,0.16351549187287465,-0.25899545731922485,0.7539277039147639
14,0.4749966319476494,87.3965797949412,3,0.3809076183181152,-0.20012368667991345,0.8901419548484466
14,0.4749966319476494,87.3965797949412,4,0.3488330506194246,-0.13574627196967148,0.8728686839605342
14,0.4749966319476494,87.3965797949412,5,0.29733990100784874,-0.07640245352105349,0.8429095005661228
14,0.4749966319476494,87.3965797949412,6,0.24610155161195804,-0.01735228224403712,0.7990675195350124
14,0.4749966319476494,87.3965797949412,7,0.19512956573561382,0.04139091561098945,0.7414241285452949
14,0.4749966319476494,87.3965797949412,8,0.1444382709994161,0.09981062802792105,0.6700708912273563
14,0.4749966319476494,87.3965797949412,9,0.09404397753866187,0.15788805822086988,0.5851107324421381
14,0.4749966319476494,87.3965797949412,10,0.04396433012571751,0.21560287128750863,0.4866585300288738
14,0.4749966319476494,87.3965797949412,11,-0.005782203814918935,0.2729337842514629,0.3748412930224311
14,0.4749966319476494,87.3965797949412,12,-0.05517673075706855,0.3298590230710229,0.2497980597123549
14,0.4749966319476494,87.3965797949412,13,-0.10210002218098733,0.3735477452697631,0.11407905692677615
14,0.4749966319476494,87.3965797949412,14,-0.1436927448710559,0.38060497257844605,0.11557512408818638
14,0.4749966319476494,87.3965797949412,15,-0.18155310007600514,0.3730053012125782,0.1386302811057847
14,0.4749966319476494,87.3965797949412,16,-0.21929265846549278,0.36542987727108295,0.14756880957214843
14,0.4749966319476494,87.3965797949412,17,-0.2562275529359141,0.35821101320791143,0.1455690532299939
14,0.4749966319476494,87.3965797949412,18,-0.2923046913815698,0.3508293270080763,0.13287161225675434
14,0.4749966319476494,87.3965797949412,19,-0.32852979294759954,0.34305601162642335,0.11118610477228058
14,0.4749966319476494,87.3965797949412,20,-0.3594281763857927,0.33410466960206664,0.10260599450793965
14,0.4749966319476494,87.3965797949412,21,-0.3691905022503248,0.3228377184062776,0.10751996953279447
14,0.4749966319476494,87.3965797949412,22,-0.36923846381119335,0.31086666107959704,0.10303695463478217
14,0.4749966319476494,87.3965797949412,23,-0.3689313037222857,0.3012041607044433,0.10113684755217046
14,0.4749966319476494,87.3965797949412,24,-0.3681967954291299,0.2940635796421658,0.09996180733378313
14,0.4749966319476494,87.3965797949412,25,-0.3672160835036008,0.2897085689184383,0.09905261691809224
14,0.4749966319476494,87.3965797949412,26,-0.3667675402607054,0.28863931732397813,0.09955299793227432
14,0.4749966319476494,87.3965797949412,27,-0.3668565078997104,0.28865833710799577,0.09978373855958104
14,0.4749966319476494,87.3965797949412,28,-0.36689818671261193,0.2886670780533969,0.0998926524985702
14,0.4749966319476494,87.3965797949412,29,-0.3669176165319805,0.2886709597592207,0.0999440691449644
14,0.4749966319476494,87.3965797949412,30,-0.36692658922812704,0.2886725548659303,0.09996834318161187
15,0.4749966319476494,87.3965797949412,1,-0.0673135968615049,-0.3209565596315182,0.5526143699829792
15,0.4749966319476494,87.3965797949412,2,0.16351549187287465,-0.25899545731922485,0.7539277039147639
15,0.4749966319476494,87.3965797949412,3,0.3809076183181152,-0.20012368667991345,0.8901419548484466
15,0.4749966319476494,87.3965797949412,4,0.3488330506194246,-0.13574627196967148,0.8728686839605342
15,0.4749966319476494,87.3965797949412,5,0.29733990100784874,-0.07640245352105349,0.8429095005661228
15,0.4749966319476494,87.3965797949412,6,0.24610155161195804,-0.01735228224403712,0.7990675195350124
15,0.4749966319476494,87.3965797949412,7,0.19512956573561382,0.04139091561098945,0.7414241285452949
15,0.4749966319476494,87.3965797949412,8,0.1444382709994161,0.09981062802792105,0.6700708912273563
15,0.4749966319476494,87.3965797949412,9,0.09404397753866187,0.15788805822086988,0.5851107324421381
15,0.4749966319476494,87.3965797949412,10,0.04396433012571751,0.21560287128750863,0.4866585300288738
15,0.4749966319476494,87.3965797949412,11,-0.005782203814918935,0.2729337842514629,0.3748412930224311
15,0.4749966319476494,87.3965797949412,12,-0.05517673075706855,0.3298590230710229,0.2497980597123549
15,0.4749966319476494,87.3965797949412,13,-0.10210002218098733,0.3735477452697631,0.11407905692677615
15,0.4749966319476494,87.3965797949412,14,-0.1436927448710559,0.38060497257844605,0.11557512408818638
15,0.4749966319476494,87.3965797949412,15,-0.18155310007600514,0.3730053012125782,0.1386302811057847
15,0.4749966319476494,87.3965797949412,16,-0.21929265846549278,0.36542987727108295,0.14756880957214843
15,0.4749966319476494,87.3965797949412,17,-0.2562275529359141,0.35821101320791143,0.1455690532299939
15,0.4749966319476494,87.3965797949412,18,-0.2923046913815698,0.3508293270080763,0.13287161225675434
15,0.4749966319476494,87.3965797949412,19,-0.32852979294759954,0.34305601162642335,0.11118610477228058
15,0.4749966319476494,87.3965797949412,20,-0.3594281763857927,0.33410466960206664,0.10260599450793965
15,0.4749966319476494,87.3965797949412,21,-0.3691905022503248,0.3228377184062776,0.10751996953279447
15,0.4749966319476494,87.3965797949412,22,-0.36923846381119335,0.31086666107959704,0.10303695463478217
15,0.4749966319476494,87.3965797949412,23,-0.3689313037222857,0.3012041607044433,0.10113684755217046
15,0.4749966319476494,87.3965797949412,24,-0.3681967954291299,0.2940635796421658,0.09996180733378313
15,0.4749966319476494,87.3965797949412,25,-0.3672160835036008,0.2897085689184383,0.09905261691809224
15,0.4749966319476494,87.3965797949412,26,-0.3667675402607054,0.28863931732397813,0.09955299793227432
15,0.4749966319476494,87.3965797949412,27,-0.3668565078997104,0.28865833710799577,0.09978373855958104
15,0.4749966319476494,87.3965797949412,28,-0.36689818671261193,0.2886670780533969,0.0998926524985702
15,0.4749966319476494,87.3965797949412,29,-0.3669176165319805,0.2886709597592207,0.0999440691449644
15,0.4749966319476494,87.3965797949412,30,-0.36692658922812704,0.2886725548659303,0.09996834318161187
16,0.47596245173132495,87.0760136998384,1,-0.0673280591265025,-0.3208793194294021,0.5526015106106833
16,0.47596245173132495,87.0760136998384,2,0.16347533292166552,-0.25878070147295257,0.7538919963121128
16,0.47596245173132495,87.0760136998384,3,0.38084177533131236,-0.1997801802289012,0.8900768972229277
16,0.47596245173132495,87.0760136998384,4,0.34874285636553604,-0.13526705738685263,0.8727856394972975
16,0.47596245173132495,87.0760136998384,5,0.29724053863685285,-0.07578431251221886,0.8428095973763402
16,0.47596245173132495,87.0760136998384,6,0.24599328659380218,-0.01659615645948386,0.7989509954050857
16,0.47596245173132495,87.0760136998384,7,0.19501265088350192,0.04228407031938921,0.7412912712582718
16,0.47596245173132495,87.0760136998384,8,0.14431294544268652,0.10083983590342126,0.6699220301898235
16,0.47596245173132495,87.0760136998384,9,0.09391046698058221,0.15905231836303801,0.5849462309375789
16,0.47596245173132495,87.0760136998384,10,0.04382284778740086,0.2169011532356972,0.4864787785922509
16,0.47596245173132495,87.0760136998384,11,-0.005931455983930413,0.27436502453632566,0.37464670395261995
16,0.47596245173132495,87.0760136998384,12,-0.05533356084107423,0.33142212272301197,0.24958906255096053
16,0.47596245173132495,87.0760136998384,13,-0.10217733202684096,0.3748854500828944,0.11389689339455895
16,0.47596245173132495,87.0760136998384,14,-0.14373806694130986,0.3813659882772927,0.11556570361229523
16,0.47596245173132495,87.0760136998384,15,-0.18161474421140675,0.3731977395949118,0.1388958720717069
16,0.47596245173132495,87.0760136998384,16,-0.2193702287763979,0.3650556265776723,0.14810837380580916
16,0.47596245173132495,87.0760136998384,17,-0.25635966083660994,0.3573215297855868,0.1463273394682834
16,0.47596245173132495,87.0760136998384,18,-0.2924882375208367,0.34949558361454003,0.1338179724726234
16,0.47596245173132495,87.0760136998384,19,-0.3284251914354973,0.34121658288917006,0.11104152352675446
16,0.47596245173132495,87.0760136998384,20,-0.3589715118944438,0.3315668142073351,0.1030191564375546
16,0.47596245173132495,87.0760136998384,21,-0.368460431409847,0.3197266511954004,0.10840733970170705
16,0.47596245173132495,87.0760136998384,22,-0.3682004066233198,0.3073110446731611,0.10451962565266704
16,0.47596245173132495,87.0760136998384,23,-0.36802556305490164,0.29677044896207594,0.10006816768841696
16,0.47596245173132495,87.0760136998384,24,-0.3679870277275859,0.28949676330570273,0.09930801471910891
16,0.47596245173132495,87.0760136998384,25,-0.3689023819746398,0.28496071704190135,0.099302030569135
16,0.47596245173132495,87.0760136998384,26,-0.3692474926910425,0.2834841268709589,0.09950440723376483
16,0.47596245173132495,87.0760136998384,27,-0.3693438744922452,0.2836234312453787,0.09976086099467052
16,0.47596245173132495,87.0760136998384,28,-0.3693846310055471,0.2836930725061492,0.09988183980476756
16,0.47596245173132495,87.0760136998384,29,-0.36939847186815417,0.28373022558118277,0.09993893559687701
16,0.47596245173132495,87.0760136998384,30,-0.3694158432715709,0.2837419431629524,0.09996589502467584
17,0.48507811373781873,87.70794681548254,1,-0.06746459391678347,-0.3201502887750201,0.5524801652743132
17,0.48507811373781873,87.70794681548254,2,0.16309617883530853,-0.25675373445774907,0.7535550269899529
17,0.48507811373781873,87.70794681548254,3,0.3802202364845341,-0.19653821247721737,0.8894630736011537
17,0.48507811373781873,87.70794681548254,4,0.34789171967749466,-0.13074465370830243,0.872002061245822
17,0.48507811373781873,87.70794681548254,5,0.29630314064407726,-0.0699511395689732,0.841866806552643
17,0.48507811373781873,87.70794681548254,6,0.24497214366588746,-0.00946116777583593,0.7978512497387311
17,0.48507811373781873,87.70794681548254,7,0.19391015988017174,0.050711790879379014,0.7400373024707582
17,0.48507811373781873,87.70794681548254,8,0.14313137386388655,0.11055102086978706,0.6685169649614923
17,0.48507811373781873,87.70794681548254,9,0.0926519551726988,0.17003746751062135,0.5833935175884422
17,0.48507811373781873,87.70794681548254,10,0.04248941765255808,0.22915049196550905,0.4847821242113243
17,0.48507811373781873,87.70794681548254,11,-0.007337889700005499,0.28786847123182263,0.3728100222158597
17,0.48507811373781873,87.70794681548254,12,-0.05681117894480734,0.34616926504269174,0.2476164306668186
17,0.48507811373781873,87.70794681548254,13,-0.10134538322697423,0.3766752546576488,0.11439245943827428
17,0.48507811373781873,87.70794681548254,14,-0.14881641778853213,0.37728958867951773,0.10429864200265096
17,0.48507811373781873,87.70794681548254,15,-0.1931230702573344,0.36464408529335546,0.11861826197200359
17,0.48507811373781873,87.70794681548254,16,-0.23634138517699305,0.3523367316279765,0.12279093115064912
17,0.48507811373781873,87.70794681548254,17,-0.27849880373279845,0.3405311179420389,0.11703477994912379
17,0.48507811373781873,87.70794681548254,18,-0.3188231633960458,0.3300134007854904,0.10569947605394898
17,0.48507811373781873,87.70794681548254,19,-0.3545019824610415,0.3209327838294328,0.09979289247139124
17,0.48507811373781873,87.70794681548254,20,-0.351996705400158,0.3166070577928331,0.09995227594061715
17,0.48507811373781873,87.70794681548254,21,-0.35020459665800396,0.3143571566929817,0.09961687317077525
17,0.48507811373781873,87.70794681548254,22,-0.350026639891919,0.3139622909322257,0.0998139808324509
17,0.48507811373781873,87.70794681548254,23,-0.35001321899179677,0.3140083709127229,0.09990693465386331
17,0.48507811373781873,87.70794681548254,24,-0.35000690678757,0.31403001650778056,0.0999508125658437
17,0.48507811373781873,87.70794681548254,25,-0.35000393883565756,0.3140401768218345,0.09997152683759107
17,0.48507811373781873,87.70794681548254,26,-0.35000254367548167,0.3140449451991198,0.09998130629901518
17,0.48507811373781873,87.70794681548254,27,-0.3500023252385943,0.3140470453037864,0.09998591127087297
17,0.48507811373781873,87.70794681548254,28,-0.3500038606639214,0.3140477263191312,0.09998781899952308
17,0.48507811373781873,87.70794681548254,29,-0.35000455177680595,0.31404810239688835,0.09998862585827809
17,0.48507811373781873,87.70794681548254,30,-0.35000501922000243,0.31404826704992267,0.09998900304951387
18,0.4749966319476494,87.3965797949412,1,-0.0673135968615049,-0.3209565596315182,0.5526143699829792
18,0.4749966319476494,87.3965797949412,2,0.16351549187287465,-0.25899545731922485,0.7539277039147639
18,0.4749966319476494,87.3965797949412,3,0.3809076183181152,-0.20012368667991345,0.8901419548484466
18,0.4749966319476494,87.3965797949412,4,0.3488330506194246,-0.13574627196967148,0.8728686839605342
18,0.4749966319476494,87.3965797949412,5,0.29733990100784874,-0.07640245352105349,0.8429095005661228
18,0.4749966319476494,87.3965797949412,6,0.24610155161195804,-0.01735228224403712,0.7990675195350124
18,0.4749966319476494,87.3965797949412,7,0.19512956573561382,0.04139091561098945,0.7414241285452949
18,0.4749966319476494,87.3965797949412,8,0.1444382709994161,0.09981062802792105,0.6700708912273563
18,0.4749966319476494,87.3965797949412,9,0.09404397753866187,0.15788805822086988,0.5851107324421381
18,0.4749966319476494,87.3965797949412,10,0.04396433012571751,0.21560287128750863,0.4866585300288738
18,0.4749966319476494,87.3965797949412,11,-0.005782203814918935,0.2729337842514629,0.3748412930224311
18,0.4749966319476494,87.3965797949412,12,-0.05517673075706855,0.3298590230710229,0.2497980597123549
18,0.4749966319476494,87.3965797949412,13,-0.10210002218098733,0.3735477452697631,0.11407905692677615
18,0.4749966319476494,87.3965797949412,14,-0.1436927448710559,0.38060497257844605,0.11557512408818638
18,0.4749966319476494,87.3965797949412,15,-0.18155310007600514,0.3730053012125782,0.1386302811057847
18,0.4749966319476494,87.3965797949412,16,-0.21929265846549278,0.36542987727108295,0.14756880957214843
18,0.4749966319476494,87.3965797949412,17,-0.2562275529359141,0.35821101320791143,0.1455690532299939
18,0.4749966319476494,87.3965797949412,18,-0.2923046913815698,0.3508293270080763,0.13287161225675434
18,0.4749966319476494,87.3965797949412,19,-0.32852979294759954,0.34305601162642335,0.11118610477228058
18,0.4749966319476494,87.3965797949412,20,-0.3594281763857927,0.33410466960206664,0.10260599450793965
18,0.4749966319476494,87.3965797949412,21,-0.3691905022503248,0.3228377184062776,0.10751996953279447
18,0.4749966319476494,87.3965797949412,22,-0.36923846381119335,0.31086666107959704,0.10303695463478217
18,0.4749966319476494,87.3965797949412,23,-0.3689313037222857,0.3012041607044433,0.10113684755217046
18,0.4749966319476494,87.3965797949412,24,-0.3681967954291299,0.2940635796421658,0.09996180733378313
18,0.4749966319476494,87.3965797949412,25,-0.3672160835036008,0.2897085689184383,0.09905261691809224
18,0.4749966319476494,87.3965797949412,26,-0.3667675402607054,0.28863931732397813,0.09955299793227432
18,0.4749966319476494,87.3965797949412,27,-0.3668565078997104,0.28865833710799577,0.09978373855958104
18,0.4749966319476494,87.3965797949412,28,-0.36689818671261193,0.2886670780533969,0.0998926524985702
18,0.4749966319476494,87.3965797949412,29,-0.3669176165319805,0.2886709597592207,0.0999440691449644
18,0.4749966319476494,87.3965797949412,30,-0.36692658922812704,0.2886725548659303,0.09996834318161187
19,0.4737931401499594,87.03251278687736,1,-0.0672955767033823,-0.3210528068578492,0.5526303945360739
19,0.4737931401499594,87.03251278687736,2,0.1635655297600825,-0.259263059692383,0.7539721999356598
19,0.4737931401499594,87.03251278687736,3,0.38098966140767243,-0.20055172817265934,0.8902230279753551
19,0.4737931401499594,87.03251278687736,4,0.3489454774800067,-0.13634347194873764,0.8729721191014204
19,0.4737931401499594,87.03251278687736,5,0.2974637992397781,-0.07717282694463713,0.8430338685740092
19,0.4737931401499594,87.03251278687736,6,0.2462365904809537,-0.018294657319413814,0.7992125248113223
19,0.4737931401499594,87.03251278687736,7,0.19527543029476377,0.04027772845836488,0.7415894132799422
19,0.4737931401499594,87.03251278687736,8,0.14459466335843202,0.0985278432843015,0.6702560458453627
19,0.4737931401499594,87.03251278687736,9,0.09421061653055635,0.15643692182697821,0.5853153052595976
19,0.4737931401499594,87.03251278687736,10,0.04414095012022269,0.213984666149045,0.48688203550453696
19,0.4737931401499594,87.03251278687736,11,-0.005595854427503756,0.27114983453767333,0.3750832185874882
19,0.4737931401499594,87.03251278687736,12,-0.054980891113292026,0.3279106973171203,0.2500578713944304
19,0.4737931401499594,87.03251278687736,13,-0.10204087824586958,0.3729107485529287,0.11399261302289786
19,0.4737931401499594,87.03251278687736,14,-0.14286402298555295,0.38189249759116567,0.11840916043673569
19,0.4737931401499594,87.03251278687736,15,-0.18017818424821117,0.37654674007678623,0.1485276898141514
19,0.4737931401499594,87.03251278687736,16,-0.21736966898758944,0.3712185576310663,0.16450456021349977
19,0.4737931401499594,87.03251278687736,17,-0.2544472844724779,0.3659066884938128,0.16638883145829744
19,0.4737931401499594,87.03251278687736,18,-0.2914129565834298,0.36061085675662824,0.15422393055888606
19,0.4737931401499594,87.03251278687736,19,-0.3278450659929624,0.35541866108924286,0.1385714567068881
19,0.4737931401499594,87.03251278687736,20,-0.3574576867354688,0.35084647081569104,0.1280181947922392
19,0.4737931401499594,87.03251278687736,21,-0.37910898209638433,0.3456632625821487,0.10573052379940434
19,0.4737931401499594,87.03251278687736,22,-0.3831341450371822,0.34353680803285414,0.10267469673924347
19,0.4737931401499594,87.03251278687736,23,-0.38319130532142837,0.3428210981748325,0.10000277294445226
19,0.4737931401499594,87.03251278687736,24,-0.3831803091496405,0.3428207980511079,0.099988622992785
19,0.4737931401499594,87.03251278687736,25,-0.3831810774973128,0.3428209360822757,0.09998757641107965
19,0.4737931401499594,87.03251278687736,26,-0.3831812942137295,0.34282105658308004,0.09998708488272642
19,0.4737931401499594,87.03251278687736,27,-0.3831812517932667,0.3428211687123102,0.09998685403901045
19,0.4737931401499594,87.03251278687736,28,-0.38318108770022524,0.342821276888934,0.09998674562691734
19,0.4737931401499594,87.03251278687736,29,-0.38318086646657473,0.3428213832107711,0.09998669471387604
19,0.4737931401499594,87.03251278687736,30,-0.3831806183985856,0.3428214886615718,0.099986670803979
20,0.4919514982566211,82.51778354940137,1,-0.06756758689204889,-0.31960056510145024,0.5523886981961573
20,0.4919514982566211,82.51778354940137,2,0.16281014214716874,-0.2552253094418872,0.7533010035280885
20,0.4919514982566211,82.51778354940137,3,0.3797514727836336,-0.19409387043572612,0.889000485506214
20,0.4919514982566211,82.51778354940137,4,0.34725059833774025,-0.12733814242368957,0.8714125230036572
20,0.4919514982566211,82.51778354940137,5,0.29559760126867884,-0.06555970597701777,0.8411579228502083
20,0.4919514982566211,82.51778354940137,6,0.24420408962885884,-0.004091621397785408,0.7970247311520224
20,0.4919514982566211,82.51778354940137,7,0.19308140454176326,0.05705254701152583,0.7390952180557283
20,0.4919514982566211,82.51778354940137,8,0.14224363300730639,0.11785595080303664,0.6674616827994927
20,0.4919514982566211,82.51778354940137,9,0.0917068484142758,0.17829936575193833,0.5822276494134225
20,0.4919514982566211,82.51778354940137,10,0.041488474766651254,0.23836195225968704,0.4835084777455555
20,0.4919514982566211,82.51778354940137,11,-0.008393220449317165,0.2980218618992334,0.37143156148747514
20,0.4919514982566211,82.51778354940137,12,-0.05791952216584207,0.35725671092342814,0.2461362432008635
20,0.4919514982566211,82.51778354940137,13,-0.10233501313918897,0.3732111097144823,0.1165708859482444
20,0.4919514982566211,82.51778354940137,14,-0.14582046922472341,0.37102871274757104,0.10695147012328783
20,0.4919514982566211,82.51778354940137,15,-0.18330512622165546,0.37194259749156133,0.12880760293075733
20,0.4919514982566211,82.51778354940137,16,-0.21988429125297165,0.36851578989239464,0.13681556723486576
20,0.4919514982566211,82.51778354940137,17,-0.255404317637377,0.365022995427925,0.1345793185845767
20,0.4919514982566211,82.51778354940137,18,-0.28816319207906865,0.36232543159997327,0.12996449947985378
20,0.4919514982566211,82.51778354940137,19,-0.31890074732768464,0.36051427139360265,0.11986216111301126
20,0.4919514982566211,82.51778354940137,20,-0.34855654210187453,0.3594060642411041,0.10064720892758869
20,0.4919514982566211,82.51778354940137,21,-0.37013534549281957,0.3630183243444403,0.10607910608018263
20,0.4919514982566211,82.51778354940137,22,-0.3809428529427154,0.36722860331226675,0.10520564966646254
20,0.4919514982566211,82.51778354940137,23,-0.3862328660126223,0.37103061185721004,0.09907655599774695
20,0.4919514982566211,82.51778354940137,24,-0.3898477301036985,0.3745539634317645,0.09865015368513591
20,0.4919514982566211,82.51778354940137,25,-0.38985108447243394,0.37539364973755807,0.09943936055223833
20,0.4919514982566211,82.51778354940137,26,-0.3898340389997402,0.37550291909983324,0.09973018408360497
20,0.4919514982566211,82.51778354940137,27,-0.38982601673056466,0.37555472575905186,0.0998674207989924
20,0.4919514982566211,82.51778354940137,28,-0.3898223001190661,0.3755788013463627,0.09993218163046631
20,0.4919514982566211,82.51778354940137,29,-0.3898206250610225,0.37558989342554483,0.09996273899816421
20,0.4919514982566211,82.51778354940137,30,-0.3898199066983042,0.3755949176159146,0.09997715786499979
