particle,elasticity,weight,frame,x,y,z
1,0.7172215648438445,66.88045650763243,1,0.15117788401818807,0.15708378951144536,0.4951040305829491
1,0.7172215648438445,66.88045650763243,2,0.039130678026598455,-0.0353792651083791,0.8106000699921969
1,0.7172215648438445,66.88045650763243,3,-0.038492706624383685,-0.16639141405756064,0.827420878967358
1,0.7172215648438445,66.88045650763243,4,-0.09909515517146257,-0.2670308875288909,0.6905498805900148
1,0.7172215648438445,66.88045650763243,5,-0.15948542107749672,-0.35358908841582354,0.544158642956885
1,0.7172215648438445,66.88045650763243,6,-0.22196850232849166,-0.3342923591651331,0.4110467152937211
1,0.7172215648438445,66.88045650763243,7,-0.2839759641946907,-0.31514251605243443,0.26493424129246995
1,0.7172215648438445,66.88045650763243,8,-0.34272833378225964,-0.2956531292973258,0.11718440400389753
1,0.7172215648438445,66.88045650763243,9,-0.36424258370154383,-0.26704963382533253,0.13533020300892815
1,0.7172215648438445,66.88045650763243,10,-0.35919649930671715,-0.24333417740250068,0.16046536772824266
1,0.7172215648438445,66.88045650763243,11,-0.34333963847197724,-0.22212407349087587,0.17031105126442309
1,0.7172215648438445,66.88045650763243,12,-0.32752381814206905,-0.20096886527273908,0.16608476359798574
1,0.7172215648438445,66.88045650763243,13,-0.3146870071044682,-0.1799106786320958,0.15973297409352774
1,0.7172215648438445,66.88045650763243,14,-0.30615531959401926,-0.15908712843695894,0.1565505846524751
1,0.7172215648438445,66.88045650763243,15,-0.2995665988975137,-0.13816182963634258,0.14705664118871267
1,0.7172215648438445,66.88045650763243,16,-0.29429851246022176,-0.11700746898529438,0.12888236935122896
1,0.7172215648438445,66.88045650763243,17,-0.2859863451014919,-0.09375103651321308,0.1145482398087731
1,0.7172215648438445,66.88045650763243,18,-0.2802291529427427,-0.07190939847100958,0.10083680994700187
1,0.7172215648438445,66.88045650763243,19,-0.27864650094418647,-0.05545340687044002,0.10413789224222716
1,0.7172215648438445,66.88045650763243,20,-0.2774485706447048,-0.04017037067234154,0.09869739424889916
1,0.7172215648438445,66.88045650763243,21,-0.2757635919698853,-0.029329917175744406,0.09900641879057098
1,0.7172215648438445,66.88045650763243,22,-0.2742298083317987,-0.021831373860561554,0.09892054074384497
1,0.7172215648438445,66.88045650763243,23,-0.27331197650187156,-0.017787588526677396,0.09906441261526072
1,0.7172215648438445,66.88045650763243,24,-0.2730247351531419,-0.0169514397160601,0.0995531470018035
1,0.7172215648438445,66.88045650763243,25,-0.27309323859912477,-0.01695845107818948,0.0997838248859593
1,0.7172215648438445,66.88045650763243,26,-0.2731256896776092,-0.01696205763309469,0.09989272041743165
1,0.7172215648438445,66.88045650763243,27,-0.2731408558380299,-0.016963752646259444,0.09994412955661888
1,0.7172215648438445,66.88045650763243,28,-0.2731479418876743,-0.01696454971193198,0.09996840063372878
1,0.7172215648438445,66.88045650763243,29,-0.2731512522705414,-0.016964924724891462,0.09997985963323737
1,0.7172215648438445,66.88045650763243,30,-0.2731527987606449,-0.01696510132281174,0.09998526977384041
2,0.6909226636390504,62.94543169693359,1,0.15117788401818807,0.15708378951144536,0.4951040305829491
2,0.6909226636390504,62.94543169693359,2,0.039130678026598455,-0.0353792651083791,0.8106000699921969
2,0.6909226636390504,62.94543169693359,3,-0.03880523333879259,-0.16693457130693473,0.8300288274761815
2,0.6909226636390504,62.94543169693359,4,-0.09987769016068515,-0.2683905488349886,0.697032504695578
2,0.6909226636390504,62.94543169693359,5,-0.16075181453094262,-0.35563579552019386,0.5545000517312266
2,0.6909226636390504,62.94543169693359,6,-0.2238202025873986,-0.3359735369045515,0.42545033548812133
2,0.6909226636390504,62.94543169693359,7,-0.2864169204465679,-0.3164583266230452,0.2833511145752548
2,0.6909226636390504,62.94543169693359,8,-0.3456665513776861,-0.2967203175728744,0.12897228609486172
2,0.6909226636390504,62.94543169693359,9,-0.3694447201773281,-0.2632923047975279,0.1394725968673562
2,0.6909226636390504,62.94543169693359,10,-0.3504742683737448,-0.24153499738850934,0.1722457313489042
2,0.6909226636390504,62.94543169693359,11,-0.3315620713951824,-0.21984450273382894,0.1908740499090482
2,0.6909226636390504,62.94543169693359,12,-0.3127021777023268,-0.19821399498285566,0.19540513855102262
2,0.6909226636390504,62.94543169693359,13,-0.29389259375353854,-0.17664118773257045,0.18587838833794154
2,0.6909226636390504,62.94543169693359,14,-0.2760475638036298,-0.15574528062203033,0.16674473763535547
2,0.6909226636390504,62.94543169693359,15,-0.2641425313205598,-0.1399681780633149,0.16497199746038307
2,0.6909226636390504,62.94543169693359,16,-0.2541536947149379,-0.12690306348740196,0.16227294001162731
2,0.6909226636390504,62.94543169693359,17,-0.2456550210184384,-0.11626913187302843,0.15679861429010236
2,0.6909226636390504,62.94543169693359,18,-0.23830333709458412,-0.10759390072797446,0.14625311423528356
2,0.6909226636390504,62.94543169693359,19,-0.23174388624258146,-0.1002642760033246,0.12782996434484079
2,0.6909226636390504,62.94543169693359,20,-0.2251014246880147,-0.09504896771750959,0.10473650724855785
2,0.6909226636390504,62.94543169693359,21,-0.22379933226049117,-0.09223904068793404,0.1036808039370506
2,0.6909226636390504,62.94543169693359,22,-0.2251553231126197,-0.09008108827866183,0.10317084845555646
2,0.6909226636390504,62.94543169693359,23,-0.22573411064777799,-0.08891367499010443,0.10051675935803243
2,0.6909226636390504,62.94543169693359,24,-0.22557678854897958,-0.08861970406824272,0.09996085885730967
2,0.6909226636390504,62.94543169693359,25,-0.22559730353476862,-0.0886319732061801,0.09997626635880275
2,0.6909226636390504,62.94543169693359,26,-0.22560534898439508,-0.08863496924477844,0.0999835156010535
2,0.6909226636390504,62.94543169693359,27,-0.22560913490248471,-0.08863635237166766,0.09998693799925001
2,0.6909226636390504,62.94543169693359,28,-0.2256100806738436,-0.08863604055922115,0.09998829955605297
2,0.6909226636390504,62.94543169693359,29,-0.22561020919042835,-0.08863543436103122,0.0999889206386133
2,0.6909226636390504,62.94543169693359,30,-0.22561026950057134,-0.08863514913718516,0.09998921263983762
3,0.7172215648438445,66.88045650763243,1,0.15117788401818807,0.15708378951144536,0.4951040305829491
3,0.7172215648438445,66.88045650763243,2,0.039130678026598455,-0.0353792651083791,0.8106000699921969
3,0.7172215648438445,66.88045650763243,3,-0.038492706624383685,-0.16639141405756064,0.827420878967358
3,0.7172215648438445,66.88045650763243,4,-0.09909515517146257,-0.2670308875288909,0.6905498805900148
3,0.7172215648438445,66.88045650763243,5,-0.15948542107749672,-0.35358908841582354,0.544158642956885
3,0.7172215648438445,66.88045650763243,6,-0.22196850232849166,-0.3342923591651331,0.4110467152937211
3,0.7172215648438445,66.88045650763243,7,-0.2839759641946907,-0.31514251605243443,0.26493424129246995
3,0.7172215648438445,66.88045650763243,8,-0.34272833378225964,-0.2956531292973258,0.11718440400389753
3,0.7172215648438445,66.88045650763243,9,-0.36424258370154383,-0.26704963382533253,0.13533020300892815
3,0.7172215648438445,66.88045650763243,10,-0.35919649930671715,-0.24333417740250068,0.16046536772824266
3,0.7172215648438445,66.88045650763243,11,-0.34333963847197724,-0.22212407349087587,0.17031105126442309
3,0.7172215648438445,66.88045650763243,12,-0.32752381814206905,-0.20096886527273908,0.16608476359798574
3,0.7172215648438445,66.88045650763243,13,-0.3146870071044682,-0.1799106786320958,0.15973297409352774
3,0.7172215648438445,66.88045650763243,14,-0.30615531959401926,-0.15908712843695894,0.1565505846524751
3,0.7172215648438445,66.88045650763243,15,-0.2995665988975137,-0.13816182963634258,0.14705664118871267
3,0.7172215648438445,66.88045650763243,16,-0.29429851246022176,-0.11700746898529438,0.12888236935122896
3,0.7172215648438445,66.88045650763243,17,-0.2859863451014919,-0.09375103651321308,0.1145482398087731
3,0.7172215648438445,66.88045650763243,18,-0.2802291529427427,-0.07190939847100958,0.10083680994700187
3,0.7172215648438445,66.88045650763243,19,-0.27864650094418647,-0.05545340687044002,0.10413789224222716
3,0.7172215648438445,66.88045650763243,20,-0.2774485706447048,-0.04017037067234154,0.09869739424889916
3,0.7172215648438445,66.88045650763243,21,-0.2757635919698853,-0.029329917175744406,0.09900641879057098
3,0.7172215648438445,66.88045650763243,22,-0.2742298083317987,-0.021831373860561554,0.09892054074384497
3,0.7172215648438445,66.88045650763243,23,-0.27331197650187156,-0.017787588526677396,0.09906441261526072
3,0.7172215648438445,66.88045650763243,24,-0.2730247351531419,-0.0169514397160601,0.0995531470018035
3,0.7172215648438445,66.88045650763243,25,-0.27309323859912477,-0.01695845107818948,0.0997838248859593
3,0.7172215648438445,66.88045650763243,26,-0.2731256896776092,-0.01696205763309469,0.09989272041743165
3,0.7172215648438445,66.88045650763243,27,-0.2731408558380299,-0.016963752646259444,0.09994412955661888
3,0.7172215648438445,66.88045650763243,28,-0.2731479418876743,-0.01696454971193198,0.09996840063372878
3,0.7172215648438445,66.88045650763243,29,-0.2731512522705414,-0.016964924724891462,0.09997985963323737
3,0.7172215648438445,66.88045650763243,30,-0.2731527987606449,-0.01696510132281174,0.09998526977384041
4,0.7172215648438445,66.88045650763243,1,0.15117788401818807,0.15708378951144536,0.4951040305829491
4,0.7172215648438445,66.88045650763243,2,0.039130678026598455,-0.0353792651083791,0.8106000699921969
4,0.7172215648438445,66.88045650763243,3,-0.038492706624383685,-0.16639141405756064,0.827420878967358
4,0.7172215648438445,66.88045650763243,4,-0.09909515517146257,-0.2670308875288909,0.6905498805900148
4,0.7172215648438445,66.88045650763243,5,-0.15948542107749672,-0.35358908841582354,0.544158642956885
4,0.7172215648438445,66.88045650763243,6,-0.22196850232849166,-0.3342923591651331,0.4110467152937211
4,0.7172215648438445,66.88045650763243,7,-0.2839759641946907,-0.31514251605243443,0.26493424129246995
4,0.7172215648438445,66.88045650763243,8,-0.34272833378225964,-0.2956531292973258,0.11718440400389753
4,0.7172215648438445,66.88045650763243,9,-0.36424258370154383,-0.26704963382533253,0.13533020300892815
4,0.7172215648438445,66.88045650763243,10,-0.35919649930671715,-0.24333417740250068,0.16046536772824266
4,0.7172215648438445,66.88045650763243,11,-0.34333963847197724,-0.22212407349087587,0.17031105126442309
4,0.7172215648438445,66.88045650763243,12,-0.32752381814206905,-0.20096886527273908,0.16608476359798574
4,0.7172215648438445,66.88045650763243,13,-0.3146870071044682,-0.1799106786320958,0.15973297409352774
4,0.7172215648438445,66.88045650763243,14,-0.30615531959401926,-0.15908712843695894,0.1565505846524751
4,0.7172215648438445,66.88045650763243,15,-0.2995665988975137,-0.13816182963634258,0.14705664118871267
4,0.7172215648438445,66.88045650763243,16,-0.29429851246022176,-0.11700746898529438,0.12888236935122896
4,0.7172215648438445,66.88045650763243,17,-0.2859863451014919,-0.09375103651321308,0.1145482398087731
4,0.7172215648438445,66.88045650763243,18,-0.2802291529427427,-0.07190939847100958,0.10083680994700187
4,0.7172215648438445,66.88045650763243,19,-0.27864650094418647,-0.05545340687044002,0.10413789224222716
4,0.7172215648438445,66.88045650763243,20,-0.2774485706447048,-0.04017037067234154,0.09869739424889916
4,0.7172215648438445,66.88045650763243,21,-0.2757635919698853,-0.029329917175744406,0.09900641879057098
4,0.7172215648438445,66.88045650763243,22,-0.2742298083317987,-0.021831373860561554,0.09892054074384497
4,0.7172215648438445,66.88045650763243,23,-0.27331197650187156,-0.017787588526677396,0.09906441261526072
4,0.7172215648438445,66.88045650763243,24,-0.2730247351531419,-0.0169514397160601,0.0995531470018035
4,0.7172215648438445,66.88045650763243,25,-0.27309323859912477,-0.01695845107818948,0.0997838248859593
4,0.7172215648438445,66.88045650763243,26,-0.2731256896776092,-0.01696205763309469,0.09989272041743165
4,0.7172215648438445,66.88045650763243,27,-0.2731408558380299,-0.016963752646259444,0.09994412955661888
4,0.7172215648438445,66.88045650763243,28,-0.2731479418876743,-0.01696454971193198,0.09996840063372878
4,0.7172215648438445,66.88045650763243,29,-0.2731512522705414,-0.016964924724891462,0.09997985963323737
4,0.7172215648438445,66.88045650763243,30,-0.2731527987606449,-0.01696510132281174,0.09998526977384041
5,0.7172215648438445,66.88045650763243,1,0.15117788401818807,0.15708378951144536,0.4951040305829491
5,0.7172215648438445,66.88045650763243,2,0.039130678026598455,-0.0353792651083791,0.8106000699921969
5,0.7172215648438445,66.88045650763243,3,-0.038492706624383685,-0.16639141405756064,0.827420878967358
5,0.7172215648438445,66.88045650763243,4,-0.09909515517146257,-0.2670308875288909,0.6905498805900148
5,0.7172215648438445,66.88045650763243,5,-0.15948542107749672,-0.35358908841582354,0.544158642956885
5,0.7172215648438445,66.88045650763243,6,-0.22196850232849166,-0.3342923591651331,0.4110467152937211
5,0.7172215648438445,66.88045650763243,7,-0.2839759641946907,-0.31514251605243443,0.26493424129246995
5,0.7172215648438445,66.88045650763243,8,-0.34272833378225964,-0.2956531292973258,0.11718440400389753
5,0.7172215648438445,66.88045650763243,9,-0.36424258370154383,-0.26704963382533253,0.13533020300892815
5,0.7172215648438445,66.88045650763243,10,-0.35919649930671715,-0.24333417740250068,0.16046536772824266
5,0.7172215648438445,66.88045650763243,11,-0.34333963847197724,-0.22212407349087587,0.17031105126442309
5,0.7172215648438445,66.88045650763243,12,-0.32752381814206905,-0.20096886527273908,0.16608476359798574
5,0.7172215648438445,66.88045650763243,13,-0.3146870071044682,-0.1799106786320958,0.15973297409352774
5,0.7172215648438445,66.88045650763243,14,-0.30615531959401926,-0.15908712843695894,0.1565505846524751
5,0.7172215648438445,66.88045650763243,15,-0.2995665988975137,-0.13816182963634258,0.14705664118871267
5,0.7172215648438445,66.88045650763243,16,-0.29429851246022176,-0.11700746898529438,0.12888236935122896
5,0.7172215648438445,66.88045650763243,17,-0.2859863451014919,-0.09375103651321308,0.1145482398087731
5,0.7172215648438445,66.88045650763243,18,-0.2802291529427427,-0.07190939847100958,0.10083680994700187
5,0.7172215648438445,66.88045650763243,19,-0.27864650094418647,-0.05545340687044002,0.10413789224222716
5,0.7172215648438445,66.88045650763243,20,-0.2774485706447048,-0.04017037067234154,0.09869739424889916
5,0.7172215648438445,66.88045650763243,21,-0.2757635919698853,-0.029329917175744406,0.09900641879057098
5,0.7172215648438445,66.88045650763243,22,-0.2742298083317987,-0.021831373860561554,0.09892054074384497
5,0.7172215648438445,66.88045650763243,23,-0.27331197650187156,-0.017787588526677396,0.09906441261526072
5,0.7172215648438445,66.88045650763243,24,-0.2730247351531419,-0.0169514397160601,0.0995531470018035
5,0.7172215648438445,66.88045650763243,25,-0.27309323859912477,-0.01695845107818948,0.0997838248859593
5,0.7172215648438445,66.88045650763243,26,-0.2731256896776092,-0.01696205763309469,0.09989272041743165
5,0.7172215648438445,66.88045650763243,27,-0.2731408558380299,-0.016963752646259444,0.09994412955661888
5,0.7172215648438445,66.88045650763243,28,-0.2731479418876743,-0.01696454971193198,0.09996840063372878
5,0.7172215648438445,66.88045650763243,29,-0.2731512522705414,-0.016964924724891462,0.09997985963323737
5,0.7172215648438445,66.88045650763243,30,-0.2731527987606449,-0.01696510132281174,0.09998526977384041
6,0.7172215648438445,66.88045650763243,1,0.15117788401818807,0.15708378951144536,0.4951040305829491
6,0.7172215648438445,66.88045650763243,2,0.039130678026598455,-0.0353792651083791,0.8106000699921969
6,0.7172215648438445,66.88045650763243,3,-0.038492706624383685,-0.16639141405756064,0.827420878967358
6,0.7172215648438445,66.88045650763243,4,-0.09909515517146257,-0.2670308875288909,0.6905498805900148
6,0.7172215648438445,66.88045650763243,5,-0.15948542107749672,-0.35358908841582354,0.544158642956885
6,0.7172215648438445,66.88045650763243,6,-0.22196850232849166,-0.3342923591651331,0.4110467152937211
6,0.7172215648438445,66.88045650763243,7,-0.2839759641946907,-0.31514251605243443,0.26493424129246995
6,0.7172215648438445,66.88045650763243,8,-0.34272833378225964,-0.2956531292973258,0.11718440400389753
6,0.7172215648438445,66.88045650763243,9,-0.36424258370154383,-0.26704963382533253,0.13533020300892815
6,0.7172215648438445,66.88045650763243,10,-0.35919649930671715,-0.24333417740250068,0.16046536772824266
6,0.7172215648438445,66.88045650763243,11,-0.34333963847197724,-0.22212407349087587,0.17031105126442309
6,0.7172215648438445,66.88045650763243,12,-0.32752381814206905,-0.20096886527273908,0.16608476359798574
6,0.7172215648438445,66.88045650763243,13,-0.3146870071044682,-0.1799106786320958,0.15973297409352774
6,0.7172215648438445,66.88045650763243,14,-0.30615531959401926,-0.15908712843695894,0.1565505846524751
6,0.7172215648438445,66.88045650763243,15,-0.2995665988975137,-0.13816182963634258,0.14705664118871267
6,0.7172215648438445,66.88045650763243,16,-0.29429851246022176,-0.11700746898529438,0.12888236935122896
6,0.7172215648438445,66.88045650763243,17,-0.2859863451014919,-0.09375103651321308,0.1145482398087731
6,0.7172215648438445,66.88045650763243,18,-0.2802291529427427,-0.07190939847100958,0.10083680994700187
6,0.7172215648438445,66.88045650763243,19,-0.27864650094418647,-0.05545340687044002,0.10413789224222716
6,0.7172215648438445,66.88045650763243,20,-0.2774485706447048,-0.04017037067234154,0.09869739424889916
6,0.7172215648438445,66.88045650763243,21,-0.2757635919698853,-0.029329917175744406,0.09900641879057098
6,0.7172215648438445,66.88045650763243,22,-0.2742298083317987,-0.021831373860561554,0.09892054074384497
6,0.7172215648438445,66.88045650763243,23,-0.27331197650187156,-0.017787588526677396,0.09906441261526072
6,0.7172215648438445,66.88045650763243,24,-0.2730247351531419,-0.0169514397160601,0.0995531470018035
6,0.7172215648438445,66.88045650763243,25,-0.27309323859912477,-0.01695845107818948,0.0997838248859593
6,0.7172215648438445,66.88045650763243,26,-0.2731256896776092,-0.01696205763309469,0.09989272041743165
6,0.7172215648438445,66.88045650763243,27,-0.2731408558380299,-0.016963752646259444,0.09994412955661888
6,0.7172215648438445,66.88045650763243,28,-0.2731479418876743,-0.01696454971193198,0.09996840063372878
6,0.7172215648438445,66.88045650763243,29,-0.2731512522705414,-0.016964924724891462,0.09997985963323737
6,0.7172215648438445,66.88045650763243,30,-0.2731527987606449,-0.01696510132281174,0.09998526977384041
7,0.7172215648438445,66.88045650763243,1,0.15117788401818807,0.15708378951144536,0.4951040305829491
7,0.7172215648438445,66.88045650763243,2,0.039130678026598455,-0.0353792651083791,0.8106000699921969
7,0.7172215648438445,66.88045650763243,3,-0.038492706624383685,-0.16639141405756064,0.827420878967358
7,0.7172215648438445,66.88045650763243,4,-0.09909515517146257,-0.2670308875288909,0.6905498805900148
7,0.7172215648438445,66.88045650763243,5,-0.15948542107749672,-0.35358908841582354,0.544158642956885
7,0.7172215648438445,66.88045650763243,6,-0.22196850232849166,-0.3342923591651331,0.4110467152937211
7,0.7172215648438445,66.88045650763243,7,-0.2839759641946907,-0.31514251605243443,0.26493424129246995
7,0.7172215648438445,66.88045650763243,8,-0.34272833378225964,-0.2956531292973258,0.11718440400389753
7,0.7172215648438445,66.88045650763243,9,-0.36424258370154383,-0.26704963382533253,0.13533020300892815
7,0.7172215648438445,66.88045650763243,10,-0.35919649930671715,-0.24333417740250068,0.16046536772824266
7,0.7172215648438445,66.88045650763243,11,-0.34333963847197724,-0.22212407349087587,0.17031105126442309
7,0.7172215648438445,66.88045650763243,12,-0.32752381814206905,-0.20096886527273908,0.16608476359798574
7,0.7172215648438445,66.88045650763243,13,-0.3146870071044682,-0.1799106786320958,0.15973297409352774
7,0.7172215648438445,66.88045650763243,14,-0.30615531959401926,-0.15908712843695894,0.1565505846524751
7,0.7172215648438445,66.88045650763243,15,-0.2995665988975137,-0.13816182963634258,0.14705664118871267
7,0.7172215648438445,66.88045650763243,16,-0.29429851246022176,-0.11700746898529438,0.12888236935122896
7,0.7172215648438445,66.88045650763243,17,-0.2859863451014919,-0.09375103651321308,0.1145482398087731
7,0.7172215648438445,66.88045650763243,18,-0.2802291529427427,-0.07190939847100958,0.10083680994700187
7,0.7172215648438445,66.88045650763243,19,-0.27864650094418647,-0.05545340687044002,0.10413789224222716
7,0.7172215648438445,66.88045650763243,20,-0.2774485706447048,-0.04017037067234154,0.09869739424889916
7,0.7172215648438445,66.88045650763243,21,-0.2757635919698853,-0.029329917175744406,0.09900641879057098
7,0.7172215648438445,66.88045650763243,22,-0.2742298083317987,-0.021831373860561554,0.09892054074384497
7,0.7172215648438445,66.88045650763243,23,-0.27331197650187156,-0.017787588526677396,0.09906441261526072
7,0.7172215648438445,66.88045650763243,24,-0.2730247351531419,-0.0169514397160601,0.0995531470018035
7,0.7172215648438445,66.88045650763243,25,-0.27309323859912477,-0.01695845107818948,0.0997838248859593
7,0.7172215648438445,66.88045650763243,26,-0.2731256896776092,-0.01696205763309469,0.09989272041743165
7,0.7172215648438445,66.88045650763243,27,-0.2731408558380299,-0.016963752646259444,0.09994412955661888
7,0.7172215648438445,66.88045650763243,28,-0.2731479418876743,-0.01696454971193198,0.09996840063372878
7,0.7172215648438445,66.88045650763243,29,-0.2731512522705414,-0.016964924724891462,0.09997985963323737
7,0.7172215648438445,66.88045650763243,30,-0.2731527987606449,-0.01696510132281174,0.09998526977384041
8,0.7172215648438445,66.88045650763243,1,0.15117788401818807,0.15708378951144536,0.4951040305829491
8,0.7172215648438445,66.88045650763243,2,0.039130678026598455,-0.0353792651083791,0.8106000699921969
8,0.7172215648438445,66.88045650763243,3,-0.038492706624383685,-0.16639141405756064,0.827420878967358
8,0.7172215648438445,66.88045650763243,4,-0.09909515517146257,-0.2670308875288909,0.6905498805900148
8,0.7172215648438445,66.88045650763243,5,-0.15948542107749672,-0.35358908841582354,0.544158642956885
8,0.7172215648438445,66.88045650763243,6,-0.22196850232849166,-0.3342923591651331,0.4110467152937211
8,0.7172215648438445,66.88045650763243,7,-0.2839759641946907,-0.31514251605243443,0.26493424129246995
8,0.7172215648438445,66.88045650763243,8,-0.34272833378225964,-0.2956531292973258,0.11718440400389753
8,0.7172215648438445,66.88045650763243,9,-0.36424258370154383,-0.26704963382533253,0.13533020300892815
8,0.7172215648438445,66.88045650763243,10,-0.35919649930671715,-0.24333417740250068,0.16046536772824266
8,0.7172215648438445,66.88045650763243,11,-0.34333963847197724,-0.22212407349087587,0.17031105126442309
8,0.7172215648438445,66.88045650763243,12,-0.32752381814206905,-0.20096886527273908,0.16608476359798574
8,0.7172215648438445,66.88045650763243,13,-0.3146870071044682,-0.1799106786320958,0.15973297409352774
8,0.7172215648438445,66.88045650763243,14,-0.30615531959401926,-0.15908712843695894,0.1565505846524751
8,0.7172215648438445,66.88045650763243,15,-0.2995665988975137,-0.13816182963634258,0.14705664118871267
8,0.7172215648438445,66.88045650763243,16,-0.29429851246022176,-0.11700746898529438,0.12888236935122896
8,0.7172215648438445,66.88045650763243,17,-0.2859863451014919,-0.09375103651321308,0.1145482398087731
8,0.7172215648438445,66.88045650763243,18,-0.2802291529427427,-0.07190939847100958,0.10083680994700187
8,0.7172215648438445,66.88045650763243,19,-0.27864650094418647,-0.05545340687044002,0.10413789224222716
8,0.7172215648438445,66.88045650763243,20,-0.2774485706447048,-0.04017037067234154,0.09869739424889916
8,0.7172215648438445,66.88045650763243,21,-0.2757635919698853,-0.029329917175744406,0.09900641879057098
8,0.7172215648438445,66.88045650763243,22,-0.2742298083317987,-0.021831373860561554,0.09892054074384497
8,0.7172215648438445,66.88045650763243,23,-0.27331197650187156,-0.017787588526677396,0.09906441261526072
8,0.7172215648438445,66.88045650763243,24,-0.2730247351531419,-0.0169514397160601,0.0995531470018035
8,0.7172215648438445,66.88045650763243,25,-0.27309323859912477,-0.01695845107818948,0.0997838248859593
8,0.7172215648438445,66.88045650763243,26,-0.2731256896776092,-0.01696205763309469,0.09989272041743165
8,0.7172215648438445,66.88045650763243,27,-0.2731408558380299,-0.016963752646259444,0.09994412955661888
8,0.7172215648438445,66.88045650763243,28,-0.2731479418876743,-0.01696454971193198,0.09996840063372878
8,0.7172215648438445,66.88045650763243,29,-0.2731512522705414,-0.016964924724891462,0.09997985963323737
8,0.7172215648438445,66.88045650763243,30,-0.2731527987606449,-0.01696510132281174,0.09998526977384041
9,0.7172215648438445,66.88045650763243,1,0.15117788401818807,0.15708378951144536,0.4951040305829491
9,0.7172215648438445,66.88045650763243,2,0.039130678026598455,-0.0353792651083791,0.8106000699921969
9,0.7172215648438445,66.88045650763243,3,-0.038492706624383685,-0.16639141405756064,0.827420878967358
9,0.7172215648438445,66.88045650763243,4,-0.09909515517146257,-0.2670308875288909,0.6905498805900148
9,0.7172215648438445,66.88045650763243,5,-0.15948542107749672,-0.35358908841582354,0.544158642956885
9,0.7172215648438445,66.88045650763243,6,-0.22196850232849166,-0.3342923591651331,0.4110467152937211
9,0.7172215648438445,66.88045650763243,7,-0.2839759641946907,-0.31514251605243443,0.26493424129246995
9,0.7172215648438445,66.88045650763243,8,-0.34272833378225964,-0.2956531292973258,0.11718440400389753
9,0.7172215648438445,66.88045650763243,9,-0.36424258370154383,-0.26704963382533253,0.13533020300892815
9,0.7172215648438445,66.88045650763243,10,-0.35919649930671715,-0.24333417740250068,0.16046536772824266
9,0.7172215648438445,66.88045650763243,11,-0.34333963847197724,-0.22212407349087587,0.17031105126442309
9,0.7172215648438445,66.88045650763243,12,-0.32752381814206905,-0.20096886527273908,0.16608476359798574
9,0.7172215648438445,66.88045650763243,13,-0.3146870071044682,-0.1799106786320958,0.15973297409352774
9,0.7172215648438445,66.88045650763243,14,-0.30615531959401926,-0.15908712843695894,0.1565505846524751
9,0.7172215648438445,66.88045650763243,15,-0.2995665988975137,-0.13816182963634258,0.14705664118871267
9,0.7172215648438445,66.88045650763243,16,-0.29429851246022176,-0.11700746898529438,0.12888236935122896
9,0.7172215648438445,66.88045650763243,17,-0.2859863451014919,-0.09375103651321308,0.1145482398087731
9,0.7172215648438445,66.88045650763243,18,-0.2802291529427427,-0.07190939847100958,0.10083680994700187
9,0.7172215648438445,66.88045650763243,19,-0.27864650094418647,-0.05545340687044002,0.10413789224222716
9,0.7172215648438445,66.88045650763243,20,-0.2774485706447048,-0.04017037067234154,0.09869739424889916
9,0.7172215648438445,66.88045650763243,21,-0.2757635919698853,-0.029329917175744406,0.09900641879057098
9,0.7172215648438445,66.88045650763243,22,-0.2742298083317987,-0.021831373860561554,0.09892054074384497
9,0.7172215648438445,66.88045650763243,23,-0.27331197650187156,-0.017787588526677396,0.09906441261526072
9,0.7172215648438445,66.88045650763243,24,-0.2730247351531419,-0.0169514397160601,0.0995531470018035
9,0.7172215648438445,66.88045650763243,25,-0.27309323859912477,-0.01695845107818948,0.0997838248859593
9,0.7172215648438445,66.88045650763243,26,-0.2731256896776092,-0.01696205763309469,0.09989272041743165
9,0.7172215648438445,66.88045650763243,27,-0.2731408558380299,-0.016963752646259444,0.09994412955661888
9,0.7172215648438445,66.88045650763243,28,-0.2731479418876743,-0.01696454971193198,0.09996840063372878
9,0.7172215648438445,66.88045650763243,29,-0.2731512522705414,-0.016964924724891462,0.09997985963323737
9,0.7172215648438445,66.88045650763243,30,-0.2731527987606449,-0.01696510132281174,0.09998526977384041
10,0.7172215648438445,66.88045650763243,1,0.15117788401818807,0.15708378951144536,0.4951040305829491
10,0.7172215648438445,66.88045650763243,2,0.039130678026598455,-0.0353792651083791,0.8106000699921969
10,0.7172215648438445,66.88045650763243,3,-0.038492706624383685,-0.16639141405756064,0.827420878967358
10,0.7172215648438445,66.88045650763243,4,-0.09909515517146257,-0.2670308875288909,0.6905498805900148
10,0.7172215648438445,66.88045650763243,5,-0.15948542107749672,-0.35358908841582354,0.544158642956885
10,0.7172215648438445,66.88045650763243,6,-0.22196850232849166,-0.3342923591651331,0.4110467152937211
10,0.7172215648438445,66.88045650763243,7,-0.2839759641946907,-0.31514251605243443,0.26493424129246995
10,0.7172215648438445,66.88045650763243,8,-0.34272833378225964,-0.2956531292973258,0.11718440400389753
10,0.7172215648438445,66.88045650763243,9,-0.36424258370154383,-0.26704963382533253,0.13533020300892815
10,0.7172215648438445,66.88045650763243,10,-0.35919649930671715,-0.24333417740250068,0.16046536772824266
10,0.7172215648438445,66.88045650763243,11,-0.34333963847197724,-0.22212407349087587,0.17031105126442309
10,0.7172215648438445,66.88045650763243,12,-0.32752381814206905,-0.20096886527273908,0.16608476359798574
10,0.7172215648438445,66.88045650763243,13,-0.3146870071044682,-0.1799106786320958,0.15973297409352774
10,0.7172215648438445,66.88045650763243,14,-0.30615531959401926,-0.15908712843695894,0.1565505846524751
10,0.7172215648438445,66.88045650763243,15,-0.2995665988975137,-0.13816182963634258,0.14705664118871267
10,0.7172215648438445,66.88045650763243,16,-0.29429851246022176,-0.11700746898529438,0.12888236935122896
10,0.7172215648438445,66.88045650763243,17,-0.2859863451014919,-0.09375103651321308,0.1145482398087731
10,0.7172215648438445,66.88045650763243,18,-0.2802291529427427,-0.07190939847100958,0.10083680994700187
10,0.7172215648438445,66.88045650763243,19,-0.27864650094418647,-0.05545340687044002,0.10413789224222716
10,0.7172215648438445,66.88045650763243,20,-0.2774485706447048,-0.04017037067234154,0.09869739424889916
10,0.7172215648438445,66.88045650763243,21,-0.2757635919698853,-0.029329917175744406,0.09900641879057098
10,0.7172215648438445,66.88045650763243,22,-0.2742298083317987,-0.021831373860561554,0.09892054074384497
10,0.7172215648438445,66.88045650763243,23,-0.27331197650187156,-0.017787588526677396,0.09906441261526072
10,0.7172215648438445,66.88045650763243,24,-0.2730247351531419,-0.0169514397160601,0.0995531470018035
10,0.7172215648438445,66.88045650763243,25,-0.27309323859912477,-0.01695845107818948,0.0997838248859593
10,0.7172215648438445,66.88045650763243,26,-0.2731256896776092,-0.01696205763309469,0.09989272041743165
10,0.7172215648438445,66.88045650763243,27,-0.2731408558380299,-0.016963752646259444,0.09994412955661888
10,0.7172215648438445,66.88045650763243,28,-0.2731479418876743,-0.01696454971193198,0.09996840063372878
10,0.7172215648438445,66.88045650763243,29,-0.2731512522705414,-0.016964924724891462,0.09997985963323737
10,0.7172215648438445,66.88045650763243,30,-0.2731527987606449,-0.01696510132281174,0.09998526977384041
11,0.6789470499824689,58.69639551195135,1,0.15117788401818807,0.15708378951144536,0.4951040305829491
11,0.6789470499824689,58.69639551195135,2,0.039130678026598455,-0.0353792651083791,0.8106000699921969
11,0.6789470499824689,58.69639551195135,3,-0.03894749453750668,-0.1671819303725917,0.831216458703446
11,0.6789470499824689,58.69639551195135,4,-0.10023387858929361,-0.2690097201942471,0.6999848999823698
11,0.6789470499824689,58.69639551195135,5,-0.16132830177038587,-0.3565684146725544,0.5592101280892089
11,0.6789470499824689,58.69639551195135,6,-0.22466381916723802,-0.33674513424108216,0.4320096580062422
11,0.6789470499824689,58.69639551195135,7,-0.2875294813586491,-0.3170689130250781,0.29173781627282463
11,0.6789470499824689,58.69639551195135,8,-0.3470360084053107,-0.29716244249902507,0.1391622369106738
11,0.6789470499824689,58.69639551195135,9,-0.3723604064244747,-0.2652735013266854,0.1349075400362036
11,0.6789470499824689,58.69639551195135,10,-0.3523759245713222,-0.24380605807227126,0.18192560259115592
11,0.6789470499824689,58.69639551195135,11,-0.33246148249047225,-0.22241385193676286,0.21473723271001588
11,0.6789470499824689,58.69639551195135,12,-0.3126084260847649,-0.20108758664012338,0.23340362428819186
11,0.6789470499824689,58.69639551195135,13,-0.29281054516139565,-0.17982059115817475,0.23797251526182636
11,0.6789470499824689,58.69639551195135,14,-0.27306575109117887,-0.15861062187365169,0.22848348739624683
11,0.6789470499824689,58.69639551195135,15,-0.25337681785864863,-0.1374606586164048,0.20497709262336158
11,0.6789470499824689,58.69639551195135,16,-0.2337501045004468,-0.11637753229950278,0.16750315471752336
11,0.6789470499824689,58.69639551195135,17,-0.20936349760164524,-0.09048139401021361,0.16711768608000604
11,0.6789470499824689,58.69639551195135,18,-0.18504904600440117,-0.06466187743690126,0.1526895830494296
11,0.6789470499824689,58.69639551195135,19,-0.16221100495723687,-0.04335666707718363,0.14286866291878048
11,0.6789470499824689,58.69639551195135,20,-0.14055514134631053,-0.02565313033565772,0.13389524112963141
11,0.6789470499824689,58.69639551195135,21,-0.11895958146663453,-0.007998891527523986,0.11090231615417186
11,0.6789470499824689,58.69639551195135,22,-0.10295975102773988,0.00594635254010697,0.10315506532921206
11,0.6789470499824689,58.69639551195135,23,-0.09114110801077101,0.016842854408683994,0.10436119157032084
11,0.6789470499824689,58.69639551195135,24,-0.0803462142515752,0.02695116353695082,0.09950571858226201
11,0.6789470499824689,58.69639551195135,25,-0.07277914374710212,0.03554025029315038,0.10127116064632087
11,0.6789470499824689,58.69639551195135,26,-0.06674574607648703,0.04259560447769171,0.09882560537268492
11,0.6789470499824689,58.69639551195135,27,-0.06260172862774495,0.04671908709874175,0.09869669573910231
11,0.6789470499824689,58.69639551195135,28,-0.06093132081605832,0.04836807322363201,0.09931587453073504
11,0.6789470499824689,58.69639551195135,29,-0.06093121133658676,0.048552277599891336,0.09967177306852278
11,0.6789470499824689,58.69639551195135,30,-0.06099090352464788,0.04850336592960117,0.09983981317668614
12,0.7172215648438445,66.88045650763243,1,0.15117788401818807,0.15708378951144536,0.4951040305829491
12,0.7172215648438445,66.88045650763243,2,0.039130678026598455,-0.0353792651083791,0.8106000699921969
12,0.7172215648438445,66.88045650763243,3,-0.038492706624383685,-0.16639141405756064,0.827420878967358
12,0.7172215648438445,66.88045650763243,4,-0.09909515517146257,-0.2670308875288909,0.6905498805900148
12,0.7172215648438445,66.88045650763243,5,-0.15948542107749672,-0.35358908841582354,0.544158642956885
12,0.7172215648438445,66.88045650763243,6,-0.22196850232849166,-0.3342923591651331,0.4110467152937211
12,0.7172215648438445,66.88045650763243,7,-0.2839759641946907,-0.31514251605243443,0.26493424129246995
12,0.7172215648438445,66.88045650763243,8,-0.34272833378225964,-0.2956531292973258,0.11718440400389753
12,0.7172215648438445,66.88045650763243,9,-0.36424258370154383,-0.26704963382533253,0.13533020300892815
12,0.7172215648438445,66.88045650763243,10,-0.35919649930671715,-0.24333417740250068,0.16046536772824266
12,0.7172215648438445,66.88045650763243,11,-0.34333963847197724,-0.22212407349087587,0.17031105126442309
12,0.7172215648438445,66.88045650763243,12,-0.32752381814206905,-0.20096886527273908,0.16608476359798574
12,0.7172215648438445,66.88045650763243,13,-0.3146870071044682,-0.1799106786320958,0.15973297409352774
12,0.7172215648438445,66.88045650763243,14,-0.30615531959401926,-0.15908712843695894,0.1565505846524751
12,0.7172215648438445,66.88045650763243,15,-0.2995665988975137,-0.13816182963634258,0.14705664118871267
12,0.7172215648438445,66.88045650763243,16,-0.29429851246022176,-0.11700746898529438,0.12888236935122896
12,0.7172215648438445,66.88045650763243,17,-0.2859863451014919,-0.09375103651321308,0.1145482398087731
12,0.7172215648438445,66.88045650763243,18,-0.2802291529427427,-0.07190939847100958,0.10083680994700187
12,0.7172215648438445,66.88045650763243,19,-0.27864650094418647,-0.05545340687044002,0.10413789224222716
12,0.7172215648438445,66.88045650763243,20,-0.2774485706447048,-0.04017037067234154,0.09869739424889916
12,0.7172215648438445,66.88045650763243,21,-0.2757635919698853,-0.029329917175744406,0.09900641879057098
12,0.7172215648438445,66.88045650763243,22,-0.2742298083317987,-0.021831373860561554,0.09892054074384497
12,0.7172215648438445,66.88045650763243,23,-0.27331197650187156,-0.017787588526677396,0.09906441261526072
12,0.7172215648438445,66.88045650763243,24,-0.2730247351531419,-0.0169514397160601,0.0995531470018035
12,0.7172215648438445,66.88045650763243,25,-0.27309323859912477,-0.01695845107818948,0.0997838248859593
12,0.7172215648438445,66.88045650763243,26,-0.2731256896776092,-0.01696205763309469,0.09989272041743165
12,0.7172215648438445,66.88045650763243,27,-0.2731408558380299,-0.016963752646259444,0.09994412955661888
12,0.7172215648438445,66.88045650763243,28,-0.2731479418876743,-0.01696454971193198,0.09996840063372878
12,0.7172215648438445,66.88045650763243,29,-0.2731512522705414,-0.016964924724891462,0.09997985963323737
12,0.7172215648438445,66.88045650763243,30,-0.2731527987606449,-0.01696510132281174,0.09998526977384041
13,0.7172215648438445,66.88045650763243,1,0.15117788401818807,0.15708378951144536,0.4951040305829491
13,0.7172215648438445,66.88045650763243,2,0.039130678026598455,-0.0353792651083791,0.8106000699921969
13,0.7172215648438445,66.88045650763243,3,-0.038492706624383685,-0.16639141405756064,0.827420878967358
13,0.7172215648438445,66.88045650763243,4,-0.09909515517146257,-0.2670308875288909,0.6905498805900148
13,0.7172215648438445,66.88045650763243,5,-0.15948542107749672,-0.35358908841582354,0.544158642956885
13,0.7172215648438445,66.88045650763243,6,-0.22196850232849166,-0.3342923591651331,0.4110467152937211
13,0.7172215648438445,66.88045650763243,7,-0.2839759641946907,-0.31514251605243443,0.26493424129246995
13,0.7172215648438445,66.88045650763243,8,-0.34272833378225964,-0.2956531292973258,0.11718440400389753
13,0.7172215648438445,66.88045650763243,9,-0.36424258370154383,-0.26704963382533253,0.13533020300892815
13,0.7172215648438445,66.88045650763243,10,-0.35919649930671715,-0.24333417740250068,0.16046536772824266
13,0.7172215648438445,66.88045650763243,11,-0.34333963847197724,-0.22212407349087587,0.17031105126442309
13,0.7172215648438445,66.88045650763243,12,-0.32752381814206905,-0.20096886527273908,0.16608476359798574
13,0.7172215648438445,66.88045650763243,13,-0.3146870071044682,-0.1799106786320958,0.15973297409352774
13,0.7172215648438445,66.88045650763243,14,-0.30615531959401926,-0.15908712843695894,0.1565505846524751
13,0.7172215648438445,66.88045650763243,15,-0.2995665988975137,-0.13816182963634258,0.14705664118871267
13,0.7172215648438445,66.88045650763243,16,-0.29429851246022176,-0.11700746898529438,0.12888236935122896
13,0.7172215648438445,66.88045650763243,17,-0.2859863451014919,-0.09375103651321308,0.1145482398087731
13,0.7172215648438445,66.88045650763243,18,-0.2802291529427427,-0.07190939847100958,0.10083680994700187
13,0.7172215648438445,66.88045650763243,19,-0.27864650094418647,-0.05545340687044002,0.10413789224222716
13,0.7172215648438445,66.88045650763243,20,-0.2774485706447048,-0.04017037067234154,0.09869739424889916
13,0.7172215648438445,66.88045650763243,21,-0.2757635919698853,-0.029329917175744406,0.09900641879057098
13,0.7172215648438445,66.88045650763243,22,-0.2742298083317987,-0.021831373860561554,0.09892054074384497
13,0.7172215648438445,66.88045650763243,23,-0.27331197650187156,-0.017787588526677396,0.09906441261526072
13,0.7172215648438445,66.88045650763243,24,-0.2730247351531419,-0.0169514397160601,0.0995531470018035
13,0.7172215648438445,66.88045650763243,25,-0.27309323859912477,-0.01695845107818948,0.0997838248859593
13,0.7172215648438445,66.88045650763243,26,-0.2731256896776092,-0.01696205763309469,0.09989272041743165
13,0.7172215648438445,66.88045650763243,27,-0.2731408558380299,-0.016963752646259444,0.09994412955661888
13,0.7172215648438445,66.88045650763243,28,-0.2731479418876743,-0.01696454971193198,0.09996840063372878
13,0.7172215648438445,66.88045650763243,29,-0.2731512522705414,-0.016964924724891462,0.09997985963323737
13,0.7172215648438445,66.88045650763243,30,-0.2731527987606449,-0.01696510132281174,0.09998526977384041
14,0.7172215648438445,66.88045650763243,1,0.15117788401818807,0.15708378951144536,0.4951040305829491
14,0.7172215648438445,66.88045650763243,2,0.039130678026598455,-0.0353792651083791,0.8106000699921969
14,0.7172215648438445,66.88045650763243,3,-0.038492706624383685,-0.16639141405756064,0.827420878967358
14,0.7172215648438445,66.88045650763243,4,-0.09909515517146257,-0.2670308875288909,0.6905498805900148
14,0.7172215648438445,66.88045650763243,5,-0.15948542107749672,-0.35358908841582354,0.544158642956885
14,0.7172215648438445,66.88045650763243,6,-0.22196850232849166,-0.3342923591651331,0.4110467152937211
14,0.7172215648438445,66.88045650763243,7,-0.2839759641946907,-0.31514251605243443,0.26493424129246995
14,0.7172215648438445,66.88045650763243,8,-0.34272833378225964,-0.2956531292973258,0.11718440400389753
14,0.7172215648438445,66.88045650763243,9,-0.36424258370154383,-0.26704963382533253,0.13533020300892815
14,0.7172215648438445,66.88045650763243,10,-0.35919649930671715,-0.24333417740250068,0.16046536772824266
14,0.7172215648438445,66.88045650763243,11,-0.34333963847197724,-0.22212407349087587,0.17031105126442309
14,0.7172215648438445,66.88045650763243,12,-0.32752381814206905,-0.20096886527273908,0.16608476359798574
14,0.7172215648438445,66.88045650763243,13,-0.3146870071044682,-0.1799106786320958,0.15973297409352774
14,0.7172215648438445,66.88045650763243,14,-0.30615531959401926,-0.15908712843695894,0.1565505846524751
14,0.7172215648438445,66.88045650763243,15,-0.2995665988975137,-0.13816182963634258,0.14705664118871267
14,0.7172215648438445,66.88045650763243,16,-0.29429851246022176,-0.11700746898529438,0.12888236935122896
14,0.7172215648438445,66.88045650763243,17,-0.2859863451014919,-0.09375103651321308,0.1145482398087731
14,0.7172215648438445,66.88045650763243,18,-0.2802291529427427,-0.07190939847100958,0.10083680994700187
14,0.7172215648438445,66.88045650763243,19,-0.27864650094418647,-0.05545340687044002,0.10413789224222716
14,0.7172215648438445,66.88045650763243,20,-0.2774485706447048,-0.04017037067234154,0.09869739424889916
14,0.7172215648438445,66.88045650763243,21,-0.2757635919698853,-0.029329917175744406,0.09900641879057098
14,0.7172215648438445,66.88045650763243,22,-0.2742298083317987,-0.021831373860561554,0.09892054074384497
14,0.7172215648438445,66.88045650763243,23,-0.27331197650187156,-0.017787588526677396,0.09906441261526072
14,0.7172215648438445,66.88045650763243,24,-0.2730247351531419,-0.0169514397160601,0.0995531470018035
14,0.7172215648438445,66.88045650763243,25,-0.27309323859912477,-0.01695845107818948,0.0997838248859593
14,0.7172215648438445,66.88045650763243,26,-0.2731256896776092,-0.01696205763309469,0.09989272041743165
14,0.7172215648438445,66.88045650763243,27,-0.2731408558380299,-0.016963752646259444,0.09994412955661888
14,0.7172215648438445,66.88045650763243,28,-0.2731479418876743,-0.01696454971193198,0.09996840063372878
14,0.7172215648438445,66.88045650763243,29,-0.2731512522705414,-0.016964924724891462,0.09997985963323737
14,0.7172215648438445,66.88045650763243,30,-0.2731527987606449,-0.01696510132281174,0.09998526977384041
15,0.7172215648438445,66.88045650763243,1,0.15117788401818807,0.15708378951144536,0.4951040305829491
15,0.7172215648438445,66.88045650763243,2,0.039130678026598455,-0.0353792651083791,0.8106000699921969
15,0.7172215648438445,66.88045650763243,3,-0.038492706624383685,-0.16639141405756064,0.827420878967358
15,0.7172215648438445,66.88045650763243,4,-0.09909515517146257,-0.2670308875288909,0.6905498805900148
15,0.7172215648438445,66.88045650763243,5,-0.15948542107749672,-0.35358908841582354,0.544158642956885
15,0.7172215648438445,66.88045650763243,6,-0.22196850232849166,-0.3342923591651331,0.4110467152937211
15,0.7172215648438445,66.88045650763243,7,-0.2839759641946907,-0.31514251605243443,0.26493424129246995
15,0.7172215648438445,66.88045650763243,8,-0.34272833378225964,-0.2956531292973258,0.11718440400389753
15,0.7172215648438445,66.88045650763243,9,-0.36424258370154383,-0.26704963382533253,0.13533020300892815
15,0.7172215648438445,66.88045650763243,10,-0.35919649930671715,-0.24333417740250068,0.16046536772824266
15,0.7172215648438445,66.88045650763243,11,-0.34333963847197724,-0.22212407349087587,0.17031105126442309
15,0.7172215648438445,66.88045650763243,12,-0.32752381814206905,-0.20096886527273908,0.16608476359798574
15,0.7172215648438445,66.88045650763243,13,-0.3146870071044682,-0.1799106786320958,0.15973297409352774
15,0.7172215648438445,66.88045650763243,14,-0.30615531959401926,-0.15908712843695894,0.1565505846524751
15,0.7172215648438445,66.88045650763243,15,-0.2995665988975137,-0.13816182963634258,0.14705664118871267
15,0.7172215648438445,66.88045650763243,16,-0.29429851246022176,-0.11700746898529438,0.12888236935122896
15,0.7172215648438445,66.88045650763243,17,-0.2859863451014919,-0.09375103651321308,0.1145482398087731
15,0.7172215648438445,66.88045650763243,18,-0.2802291529427427,-0.07190939847100958,0.10083680994700187
15,0.7172215648438445,66.88045650763243,19,-0.27864650094418647,-0.05545340687044002,0.10413789224222716
15,0.7172215648438445,66.88045650763243,20,-0.2774485706447048,-0.04017037067234154,0.09869739424889916
15,0.7172215648438445,66.88045650763243,21,-0.2757635919698853,-0.029329917175744406,0.09900641879057098
15,0.7172215648438445,66.88045650763243,22,-0.2742298083317987,-0.021831373860561554,0.09892054074384497
15,0.7172215648438445,66.88045650763243,23,-0.27331197650187156,-0.017787588526677396,0.09906441261526072
15,0.7172215648438445,66.88045650763243,24,-0.2730247351531419,-0.0169514397160601,0.0995531470018035
15,0.7172215648438445,66.88045650763243,25,-0.27309323859912477,-0.01695845107818948,0.0997838248859593
15,0.7172215648438445,66.88045650763243,26,-0.2731256896776092,-0.01696205763309469,0.09989272041743165
15,0.7172215648438445,66.88045650763243,27,-0.2731408558380299,-0.016963752646259444,0.09994412955661888
15,0.7172215648438445,66.88045650763243,28,-0.2731479418876743,-0.01696454971193198,0.09996840063372878
15,0.7172215648438445,66.88045650763243,29,-0.2731512522705414,-0.016964924724891462,0.09997985963323737
15,0.7172215648438445,66.88045650763243,30,-0.2731527987606449,-0.01696510132281174,0.09998526977384041
16,0.7172215648438445,66.88045650763243,1,0.15117788401818807,0.15708378951144536,0.4951040305829491
16,0.7172215648438445,66.88045650763243,2,0.039130678026598455,-0.0353792651083791,0.8106000699921969
16,0.7172215648438445,66.88045650763243,3,-0.038492706624383685,-0.16639141405756064,0.827420878967358
16,0.7172215648438445,66.88045650763243,4,-0.09909515517146257,-0.2670308875288909,0.6905498805900148
16,0.7172215648438445,66.88045650763243,5,-0.15948542107749672,-0.35358908841582354,0.544158642956885
16,0.7172215648438445,66.88045650763243,6,-0.22196850232849166,-0.3342923591651331,0.4110467152937211
16,0.7172215648438445,66.88045650763243,7,-0.2839759641946907,-0.31514251605243443,0.26493424129246995
16,0.7172215648438445,66.88045650763243,8,-0.34272833378225964,-0.2956531292973258,0.11718440400389753
16,0.7172215648438445,66.88045650763243,9,-0.36424258370154383,-0.26704963382533253,0.13533020300892815
16,0.7172215648438445,66.88045650763243,10,-0.35919649930671715,-0.24333417740250068,0.16046536772824266
16,0.7172215648438445,66.88045650763243,11,-0.34333963847197724,-0.22212407349087587,0.17031105126442309
16,0.7172215648438445,66.88045650763243,12,-0.32752381814206905,-0.20096886527273908,0.16608476359798574
16,0.7172215648438445,66.88045650763243,13,-0.3146870071044682,-0.1799106786320958,0.15973297409352774
16,0.7172215648438445,66.88045650763243,14,-0.30615531959401926,-0.15908712843695894,0.1565505846524751
16,0.7172215648438445,66.88045650763243,15,-0.2995665988975137,-0.13816182963634258,0.14705664118871267
16,0.7172215648438445,66.88045650763243,16,-0.29429851246022176,-0.11700746898529438,0.12888236935122896
16,0.7172215648438445,66.88045650763243,17,-0.2859863451014919,-0.09375103651321308,0.1145482398087731
16,0.7172215648438445,66.88045650763243,18,-0.2802291529427427,-0.07190939847100958,0.10083680994700187
16,0.7172215648438445,66.88045650763243,19,-0.27864650094418647,-0.05545340687044002,0.10413789224222716
16,0.7172215648438445,66.88045650763243,20,-0.2774485706447048,-0.04017037067234154,0.09869739424889916
16,0.7172215648438445,66.88045650763243,21,-0.2757635919698853,-0.029329917175744406,0.09900641879057098
16,0.7172215648438445,66.88045650763243,22,-0.2742298083317987,-0.021831373860561554,0.09892054074384497
16,0.7172215648438445,66.88045650763243,23,-0.27331197650187156,-0.017787588526677396,0.09906441261526072
16,0.7172215648438445,66.88045650763243,24,-0.2730247351531419,-0.0169514397160601,0.0995531470018035
16,0.7172215648438445,66.88045650763243,25,-0.27309323859912477,-0.01695845107818948,0.0997838248859593
16,0.7172215648438445,66.88045650763243,26,-0.2731256896776092,-0.01696205763309469,0.09989272041743165
16,0.7172215648438445,66.88045650763243,27,-0.2731408558380299,-0.016963752646259444,0.09994412955661888
16,0.7172215648438445,66.88045650763243,28,-0.2731479418876743,-0.01696454971193198,0.09996840063372878
16,0.7172215648438445,66.88045650763243,29,-0.2731512522705414,-0.016964924724891462,0.09997985963323737
16,0.7172215648438445,66.88045650763243,30,-0.2731527987606449,-0.01696510132281174,0.09998526977384041
17,0.7172215648438445,66.88045650763243,1,0.15117788401818807,0.15708378951144536,0.4951040305829491
17,0.7172215648438445,66.88045650763243,2,0.039130678026598455,-0.0353792651083791,0.8106000699921969
17,0.7172215648438445,66.88045650763243,3,-0.038492706624383685,-0.16639141405756064,0.827420878967358
17,0.7172215648438445,66.88045650763243,4,-0.09909515517146257,-0.2670308875288909,0.6905498805900148
17,0.7172215648438445,66.88045650763243,5,-0.15948542107749672,-0.35358908841582354,0.544158642956885
17,0.7172215648438445,66.88045650763243,6,-0.22196850232849166,-0.3342923591651331,0.4110467152937211
17,0.7172215648438445,66.88045650763243,7,-0.2839759641946907,-0.31514251605243443,0.26493424129246995
17,0.7172215648438445,66.88045650763243,8,-0.34272833378225964,-0.2956531292973258,0.11718440400389753
17,0.7172215648438445,66.88045650763243,9,-0.36424258370154383,-0.26704963382533253,0.13533020300892815
17,0.7172215648438445,66.88045650763243,10,-0.35919649930671715,-0.24333417740250068,0.16046536772824266
17,0.7172215648438445,66.88045650763243,11,-0.34333963847197724,-0.22212407349087587,0.17031105126442309
17,0.7172215648438445,66.88045650763243,12,-0.32752381814206905,-0.20096886527273908,0.16608476359798574
17,0.7172215648438445,66.88045650763243,13,-0.3146870071044682,-0.1799106786320958,0.15973297409352774
17,0.7172215648438445,66.88045650763243,14,-0.30615531959401926,-0.15908712843695894,0.1565505846524751
17,0.7172215648438445,66.88045650763243,15,-0.2995665988975137,-0.13816182963634258,0.14705664118871267
17,0.7172215648438445,66.88045650763243,16,-0.29429851246022176,-0.11700746898529438,0.12888236935122896
17,0.7172215648438445,66.88045650763243,17,-0.2859863451014919,-0.09375103651321308,0.1145482398087731
17,0.7172215648438445,66.88045650763243,18,-0.2802291529427427,-0.07190939847100958,0.10083680994700187
17,0.7172215648438445,66.88045650763243,19,-0.27864650094418647,-0.05545340687044002,0.10413789224222716
17,0.7172215648438445,66.88045650763243,20,-0.2774485706447048,-0.04017037067234154,0.09869739424889916
17,0.7172215648438445,66.88045650763243,21,-0.2757635919698853,-0.029329917175744406,0.09900641879057098
17,0.7172215648438445,66.88045650763243,22,-0.2742298083317987,-0.021831373860561554,0.09892054074384497
17,0.7172215648438445,66.88045650763243,23,-0.27331197650187156,-0.017787588526677396,0.09906441261526072
17,0.7172215648438445,66.88045650763243,24,-0.2730247351531419,-0.0169514397160601,0.0995531470018035
17,0.7172215648438445,66.88045650763243,25,-0.27309323859912477,-0.01695845107818948,0.0997838248859593
17,0.7172215648438445,66.88045650763243,26,-0.2731256896776092,-0.01696205763309469,0.09989272041743165
17,0.7172215648438445,66.88045650763243,27,-0.2731408558380299,-0.016963752646259444,0.09994412955661888
17,0.7172215648438445,66.88045650763243,28,-0.2731479418876743,-0.01696454971193198,0.09996840063372878
17,0.7172215648438445,66.88045650763243,29,-0.2731512522705414,-0.016964924724891462,0.09997985963323737
17,0.7172215648438445,66.88045650763243,30,-0.2731527987606449,-0.01696510132281174,0.09998526977384041
18,0.6789470499824689,58.69639674209737,1,0.15117788401818807,0.15708378951144536,0.4951040305829491
18,0.6789470499824689,58.69639674209737,2,0.039130678026598455,-0.0353792651083791,0.8106000699921969
18,0.6789470499824689,58.69639674209737,3,-0.03894749453750668,-0.1671819303725917,0.831216458703446
18,0.6789470499824689,58.69639674209737,4,-0.10023387858929361,-0.2690097201942471,0.6999848999823698
18,0.6789470499824689,58.69639674209737,5,-0.16132830177038587,-0.3565684146725544,0.5592101280892089
18,0.6789470499824689,58.69639674209737,6,-0.22466381916723802,-0.33674513424108216,0.4320096580062422
18,0.6789470499824689,58.69639674209737,7,-0.2875294813586491,-0.3170689130250781,0.29173781627282463
18,0.6789470499824689,58.69639674209737,8,-0.3470360084053107,-0.29716244249902507,0.1391622369106738
18,0.6789470499824689,58.69639674209737,9,-0.3723604064244747,-0.2652735013266854,0.1349075400362036
18,0.6789470499824689,58.69639674209737,10,-0.3523759245713222,-0.24380605807227126,0.18192560259115592
18,0.6789470499824689,58.69639674209737,11,-0.33246148249047225,-0.22241385193676286,0.21473723271001588
18,0.6789470499824689,58.69639674209737,12,-0.3126084260847649,-0.20108758664012338,0.23340362428819186
18,0.6789470499824689,58.69639674209737,13,-0.29281054516139565,-0.17982059115817475,0.23797251526182636
18,0.6789470499824689,58.69639674209737,14,-0.27306575109117887,-0.15861062187365169,0.22848348739624683
18,0.6789470499824689,58.69639674209737,15,-0.25337681785864863,-0.1374606586164048,0.20497709262336158
18,0.6789470499824689,58.69639674209737,16,-0.2337501045004468,-0.11637753229950278,0.16750315471752336
18,0.6789470499824689,58.69639674209737,17,-0.20936349760164524,-0.09048139401021361,0.16711768608000604
18,0.6789470499824689,58.69639674209737,18,-0.18504904600440117,-0.06466187743690126,0.1526895830494296
18,0.6789470499824689,58.69639674209737,19,-0.16221100495723687,-0.04335666707718363,0.14286866291878048
18,0.6789470499824689,58.69639674209737,20,-0.14055514134631053,-0.02565313033565772,0.13389524112963141
18,0.6789470499824689,58.69639674209737,21,-0.11895958146663453,-0.007998891527523986,0.11090231615417186
18,0.6789470499824689,58.69639674209737,22,-0.10295975102773988,0.00594635254010697,0.10315506532921206
18,0.6789470499824689,58.69639674209737,23,-0.09114110801077101,0.016842854408683994,0.10436119157032084
18,0.6789470499824689,58.69639674209737,24,-0.0803462142515752,0.02695116353695082,0.09950571858226201
18,0.6789470499824689,58.69639674209737,25,-0.07277914374710212,0.03554025029315038,0.10127116064632087
18,0.6789470499824689,58.69639674209737,26,-0.06674574607648703,0.04259560447769171,0.09882560537268492
18,0.6789470499824689,58.69639674209737,27,-0.0626017307893359,0.046719089622943154,0.09869669576775543
18,0.6789470499824689,58.69639674209737,28,-0.060931333370730416,0.0483680931012008,0.09931587383930315
18,0.6789470499824689,58.69639674209737,29,-0.060931223522833027,0.04855230073817061,0.09967177274323934
18,0.6789470499824689,58.69639674209737,30,-0.060990914312502635,0.04850339864458922,0.09983981287497037
19,0.5763043092035989,57.52937079386698,1,0.15117788401818807,0.15708378951144536,0.4951040305829491
19,0.5763043092035989,57.52937079386698,2,0.039130678026598455,-0.0353792651083791,0.8106000699921969
19,0.5763043092035989,57.52937079386698,3,-0.04016578117977717,-0.1693024782294929,0.8413971179073989
19,0.5763043092035989,57.52937079386698,4,-0.1032835595392369,-0.27431670317959805,0.7253004719861376
19,0.5763043092035989,57.52937079386698,5,-0.16648873281945595,-0.35233257043048993,0.6026475732500434
19,0.5763043092035989,57.52937079386698,6,-0.23137685773633318,-0.3386379965324496,0.48949197478669665
19,0.5763043092035989,57.52937079386698,7,-0.2958155337974753,-0.3250382783661188,0.3631020451650124
19,0.5763043092035989,57.52937079386698,8,-0.34927251707923834,-0.3098896504997683,0.22567133585559906
19,0.5763043092035989,57.52937079386698,9,-0.3685943234020856,-0.28817221998440895,0.10507783456365626
19,0.5763043092035989,57.52937079386698,10,-0.3575749316924722,-0.2707259516744261,0.124273381078031
19,0.5763043092035989,57.52937079386698,11,-0.3415370637906484,-0.2550461075098713,0.13747060314583973
19,0.5763043092035989,57.52937079386698,12,-0.3257352664133736,-0.24019836644029274,0.13986190868968473
19,0.5763043092035989,57.52937079386698,13,-0.31153060100826835,-0.22786248449707783,0.14017805347992143
19,0.5763043092035989,57.52937079386698,14,-0.29969530089801305,-0.2180095984545446,0.1401185811342136
19,0.5763043092035989,57.52937079386698,15,-0.2908833635864355,-0.2096673394525296,0.13955992705762904
19,0.5763043092035989,57.52937079386698,16,-0.28532121626036017,-0.20175714401480543,0.13809674738877392
19,0.5763043092035989,57.52937079386698,17,-0.28283874377986656,-0.193298191228022,0.13518418484092098
19,0.5763043092035989,57.52937079386698,18,-0.2828479254757179,-0.18342235107614557,0.12984846559227736
19,0.5763043092035989,57.52937079386698,19,-0.28441307047374326,-0.17168576672432115,0.12034024865144798
19,0.5763043092035989,57.52937079386698,20,-0.2867053412847038,-0.1583878051429014,0.10385800327383361
19,0.5763043092035989,57.52937079386698,21,-0.29265457487683816,-0.14977077843447986,0.10498828507592486
19,0.5763043092035989,57.52937079386698,22,-0.29873851500329357,-0.14349376842941552,0.10484200855118536
19,0.5763043092035989,57.52937079386698,23,-0.30281485678807685,-0.13779413081889394,0.09941812039155279
19,0.5763043092035989,57.52937079386698,24,-0.3034675457470885,-0.13382865027859317,0.09980933573760267
19,0.5763043092035989,57.52937079386698,25,-0.30368242795970996,-0.13252054872446287,0.09958799463484821
19,0.5763043092035989,57.52937079386698,26,-0.3035531699785969,-0.13241621673640658,0.09980035698842878
19,0.5763043092035989,57.52937079386698,27,-0.30349240519016507,-0.13236715427294096,0.09990052080385614
19,0.5763043092035989,57.52937079386698,28,-0.30346375750654864,-0.13234388209054407,0.09994776302483226
19,0.5763043092035989,57.52937079386698,29,-0.30345024501941037,-0.1323328218125833,0.09997005811210653
19,0.5763043092035989,57.52937079386698,30,-0.3034438821814371,-0.13232758483718277,0.0999805834866291
20,0.7172215648438445,66.88045650763243,1,0.15117788401818807,0.15708378951144536,0.4951040305829491
20,0.7172215648438445,66.88045650763243,2,0.039130678026598455,-0.0353792651083791,0.8106000699921969
20,0.7172215648438445,66.88045650763243,3,-0.038492706624383685,-0.16639141405756064,0.827420878967358
20,0.7172215648438445,66.88045650763243,4,-0.09909515517146257,-0.2670308875288909,0.6905498805900148
20,0.7172215648438445,66.88045650763243,5,-0.15948542107749672,-0.35358908841582354,0.544158642956885
20,0.7172215648438445,66.88045650763243,6,-0.22196850232849166,-0.3342923591651331,0.4110467152937211
20,0.7172215648438445,66.88045650763243,7,-0.2839759641946907,-0.31514251605243443,0.26493424129246995
20,0.7172215648438445,66.88045650763243,8,-0.34272833378225964,-0.2956531292973258,0.11718440400389753
20,0.7172215648438445,66.88045650763243,9,-0.36424258370154383,-0.26704963382533253,0.13533020300892815
20,0.7172215648438445,66.88045650763243,10,-0.35919649930671715,-0.24333417740250068,0.16046536772824266
20,0.7172215648438445,66.88045650763243,11,-0.34333963847197724,-0.22212407349087587,0.17031105126442309
20,0.7172215648438445,66.88045650763243,12,-0.32752381814206905,-0.20096886527273908,0.16608476359798574
20,0.7172215648438445,66.88045650763243,13,-0.3146870071044682,-0.1799106786320958,0.15973297409352774
20,0.7172215648438445,66.88045650763243,14,-0.30615531959401926,-0.15908712843695894,0.1565505846524751
20,0.7172215648438445,66.88045650763243,15,-0.2995665988975137,-0.13816182963634258,0.14705664118871267
20,0.7172215648438445,66.88045650763243,16,-0.29429851246022176,-0.11700746898529438,0.12888236935122896
20,0.7172215648438445,66.88045650763243,17,-0.2859863451014919,-0.09375103651321308,0.1145482398087731
20,0.7172215648438445,66.88045650763243,18,-0.2802291529427427,-0.07190939847100958,0.10083680994700187
20,0.7172215648438445,66.88045650763243,19,-0.27864650094418647,-0.05545340687044002,0.10413789224222716
20,0.7172215648438445,66.88045650763243,20,-0.2774485706447048,-0.04017037067234154,0.09869739424889916
20,0.7172215648438445,66.88045650763243,21,-0.2757635919698853,-0.029329917175744406,0.09900641879057098
20,0.7172215648438445,66.88045650763243,22,-0.2742298083317987,-0.021831373860561554,0.09892054074384497
20,0.7172215648438445,66.88045650763243,23,-0.27331197650187156,-0.017787588526677396,0.09906441261526072
20,0.7172215648438445,66.88045650763243,24,-0.2730247351531419,-0.0169514397160601,0.0995531470018035
20,0.7172215648438445,66.88045650763243,25,-0.27309323859912477,-0.01695845107818948,0.0997838248859593
20,0.7172215648438445,66.88045650763243,26,-0.2731256896776092,-0.01696205763309469,0.09989272041743165
20,0.7172215648438445,66.88045650763243,27,-0.2731408558380299,-0.016963752646259444,0.09994412955661888
20,0.7172215648438445,66.88045650763243,28,-0.2731479418876743,-0.01696454971193198,0.09996840063372878
20,0.7172215648438445,66.88045650763243,29,-0.2731512522705414,-0.016964924724891462,0.09997985963323737
20,0.7172215648438445,66.88045650763243,30,-0.2731527987606449,-0.01696510132281174,0.09998526977384041
