particle,elasticity,weight,frame,x,y,z
1,0.3724528663161875,24.932933195118842,1,-0.31885039345834953,0.11985828755123953,0.47629216293992627
1,0.3724528663161875,24.932933195118842,2,-0.3230695594803604,0.1564020786853269,0.3370878967324224
1,0.3724528663161875,24.932933195118842,3,-0.2763341982546458,0.17342827614851822,0.20463724136178185
1,0.3724528663161875,24.932933195118842,4,-0.19696786902366162,0.15620009388949999,0.12550183799395426
1,0.3724528663161875,24.932933195118842,5,-0.1114589972727371,0.14215565067096494,0.12225030056531
1,0.3724528663161875,24.932933195118842,6,-0.032150005231178294,0.12843213352671312,0.1282621088687712
1,0.3724528663161875,24.932933195118842,7,0.04678536488173968,0.11477326739883638,0.12021253398402712
1,0.3724528663161875,24.932933195118842,8,0.08286733219108505,0.12665716084195336,0.10139558989994607
1,0.3724528663161875,24.932933195118842,9,0.09687995767298553,0.14472067376325293,0.10123481380514414
1,0.3724528663161875,24.932933195118842,10,0.10515366090186315,0.14853287601299608,0.09964574998167093
1,0.3724528663161875,24.932933195118842,11,0.10497549142000058,0.14841493035707387,0.09972850086834889
1,0.3724528663161875,24.932933195118842,12,0.10490681917899183,0.14838622774738972,0.09986679232674839
1,0.3724528663161875,24.932933195118842,13,0.10487398408517769,0.14837022912726763,0.09993238131536591
1,0.3724528663161875,24.932933195118842,14,0.1048607477657042,0.1483614968986427,0.0999630871835292
1,0.3724528663161875,24.932933195118842,15,0.10485712464459322,0.14835635114146964,0.09997595592079817
1,0.3724528663161875,24.932933195118842,16,0.10485071649915487,0.148351353592121,0.09998340471417326
1,0.3724528663161875,24.932933195118842,17,0.10484655744861372,0.14834845320116818,0.09998754371327372
1,0.3724528663161875,24.932933195118842,18,0.1048447233462929,0.1483469377336734,0.09998922142236845
1,0.3724528663161875,24.932933195118842,19,0.10484351007121043,0.14834687558053558,0.09998897067516217
1,0.3724528663161875,24.932933195118842,20,0.10484317452298797,0.14834706602851763,0.09998844387460763
1,0.3724528663161875,24.932933195118842,21,0.10484353887585046,0.14834675346050175,0.09998913183812176
1,0.3724528663161875,24.932933195118842,22,0.10484374941347115,0.14834649654570858,0.09998942613196349
1,0.3724528663161875,24.932933195118842,23,0.1048438197088692,0.14834642967506148,0.09998955386843054
1,0.3724528663161875,24.932933195118842,24,0.10484381337218936,0.14834656202755142,0.09998954606094182
1,0.3724528663161875,24.932933195118842,25,0.10484509431866797,0.14834611625190752,0.09998980969672172
1,0.3724528663161875,24.932933195118842,26,0.10484619968444625,0.14834601700462877,0.09999003112793117
1,0.3724528663161875,24.932933195118842,27,0.10484657433154168,0.14834581448584203,0.09999008269437683
1,0.3724528663161875,24.932933195118842,28,0.104846883686003,0.1483456652120163,0.09998995191644665
1,0.3724528663161875,24.932933195118842,29,0.10484683096679337,0.14834565148075557,0.09998993753072861
1,0.3724528663161875,24.932933195118842,30,0.10484680075703426,0.1483456747534822,0.09998997035581461
2,0.3698257835951689,24.40023803720696,1,-0.31885039345834953,0.11985828755123953,0.47629216293992627
2,0.3698257835951689,24.40023803720696,2,-0.3234155630833069,0.1563476713382864,0.3370178442762102
2,0.3698257835951689,24.40023803720696,3,-0.2770999936502373,0.17333595623392176,0.2044742373659831
2,0.3698257835951689,24.40023803720696,4,-0.19810340445601124,0.15579764938904914,0.12545010954146066
2,0.3698257835951689,24.40023803720696,5,-0.11280036210065221,0.14123185453397688,0.12227654210064039
2,0.3698257835951689,24.40023803720696,6,-0.03368146945272455,0.1269761610259444,0.12835436737347564
2,0.3698257835951689,24.40023803720696,7,0.045064993846282826,0.11278757208009564,0.12037049677930642
2,0.3698257835951689,24.40023803720696,8,0.08037130901772689,0.12664181710913286,0.10313477923490814
2,0.3698257835951689,24.40023803720696,9,0.09558343322119554,0.14698294810689683,0.09989180166405189
2,0.3698257835951689,24.40023803720696,10,0.10269587395985975,0.14871632440968602,0.09940784951704171
2,0.3698257835951689,24.40023803720696,11,0.1039601756980612,0.1484085080943767,0.09953354867335301
2,0.3698257835951689,24.40023803720696,12,0.10393787237099171,0.14832933329528664,0.09977428474002863
2,0.3698257835951689,24.40023803720696,13,0.10391659579845708,0.14829264276539467,0.09988808136839374
2,0.3698257835951689,24.40023803720696,14,0.10391090146659793,0.14827497816312515,0.09994222173445588
2,0.3698257835951689,24.40023803720696,15,0.10391950447386075,0.148266350666241,0.0999679268225689
2,0.3698257835951689,24.40023803720696,16,0.10392369915767945,0.14826233273802142,0.09998006587598866
2,0.3698257835951689,24.40023803720696,17,0.10392602595358096,0.14826073117605357,0.09998591475793397
2,0.3698257835951689,24.40023803720696,18,0.10392745933348319,0.148259944293697,0.09998815610412112
2,0.3698257835951689,24.40023803720696,19,0.10392782579521771,0.14825801120741508,0.09998883980497777
2,0.3698257835951689,24.40023803720696,20,0.10392789119622088,0.14825657201146128,0.09998904509674535
2,0.3698257835951689,24.40023803720696,21,0.10392781767664083,0.14825536849150797,0.09998907626061328
2,0.3698257835951689,24.40023803720696,22,0.10392764043902014,0.14825415897861027,0.09998897749140886
2,0.3698257835951689,24.40023803720696,23,0.10392742905012235,0.1482528712181443,0.09998881502789017
2,0.3698257835951689,24.40023803720696,24,0.10392723530579297,0.14825157979850068,0.09998866296386102
2,0.3698257835951689,24.40023803720696,25,0.10392710629576876,0.14825008026270006,0.09998866058980124
2,0.3698257835951689,24.40023803720696,26,0.10392699295257081,0.1482485538757713,0.09998873603331672
2,0.3698257835951689,24.40023803720696,27,0.10392692152529391,0.14824715061969773,0.09998869264764655
2,0.3698257835951689,24.40023803720696,28,0.10392808881185749,0.14824623192126415,0.09998799546555462
2,0.3698257835951689,24.40023803720696,29,0.10393114498113325,0.1482459218347963,0.09998740691171447
2,0.3698257835951689,24.40023803720696,30,0.10393459158790173,0.1482455116284874,0.09998735227927227
3,0.36780779960248083,25.363675319342146,1,-0.31885039345834953,0.11985828755123953,0.47629216293992627
3,0.36780779960248083,25.363675319342146,2,-0.32368133639260394,0.15630589393745065,0.33696402604024994
3,0.36780779960248083,25.363675319342146,3,-0.27768130874351427,0.17324669224805156,0.2043562693912152
3,0.36780779960248083,25.363675319342146,4,-0.1989716976580087,0.15544409815633894,0.12542957216778644
3,0.36780779960248083,25.363675319342146,5,-0.11380819446099452,0.14037990726712035,0.12233532560233579
3,0.36780779960248083,25.363675319342146,6,-0.03480271611342396,0.12560402004947122,0.12845535144256592
3,0.36780779960248083,25.363675319342146,7,0.04383092209616604,0.1108976757047558,0.12051348200498253
3,0.36780779960248083,25.363675319342146,8,0.07910168829417404,0.12505667343614402,0.10325906221130443
3,0.36780779960248083,25.363675319342146,9,0.09532088279825818,0.14526763505722273,0.0993720019351072
3,0.36780779960248083,25.363675319342146,10,0.10474209145407054,0.1479430222059896,0.09878577217638153
3,0.36780779960248083,25.363675319342146,11,0.10608595825648132,0.14862612265268152,0.09918283754368387
3,0.36780779960248083,25.363675319342146,12,0.1060470537016936,0.14858428660755346,0.09960858270131448
3,0.36780779960248083,25.363675319342146,13,0.10602725543558116,0.14856418369756724,0.09980928084995759
3,0.36780779960248083,25.363675319342146,14,0.10601695192419172,0.14855468183413847,0.09990404120279649
3,0.36780779960248083,25.363675319342146,15,0.10601121008246552,0.14855021683358383,0.09994880029519153
3,0.36780779960248083,25.363675319342146,16,0.10600765334781367,0.14854813698761513,0.09996995632764298
3,0.36780779960248083,25.363675319342146,17,0.10600511420365426,0.14854719227815522,0.09997997013237954
3,0.36780779960248083,25.363675319342146,18,0.106003085237055,0.14854678902099566,0.09998473213640117
3,0.36780779960248083,25.363675319342146,19,0.1060011928712404,0.14854666683131906,0.09998705615588595
3,0.36780779960248083,25.363675319342146,20,0.10599923899282719,0.148546967846836,0.09998795595112649
3,0.36780779960248083,25.363675319342146,21,0.10599800718286925,0.14854700601508516,0.0999880962864312
3,0.36780779960248083,25.363675319342146,22,0.1059967868817421,0.1485470691339489,0.09998814555112429
3,0.36780779960248083,25.363675319342146,23,0.10599558274743537,0.14854714293852225,0.09998816535565702
3,0.36780779960248083,25.363675319342146,24,0.10599436475138498,0.14854723708242698,0.0999881818520625
3,0.36780779960248083,25.363675319342146,25,0.10599313866841126,0.14854734869158998,0.09998819465654431
3,0.36780779960248083,25.363675319342146,26,0.10599189093633073,0.1485474782179781,0.09998820899654005
3,0.36780779960248083,25.363675319342146,27,0.1059906200408882,0.14854764035758125,0.09998822748779493
3,0.36780779960248083,25.363675319342146,28,0.1059893261709611,0.14854782727730526,0.09998824331831803
3,0.36780779960248083,25.363675319342146,29,0.10598797102670743,0.1485480546059263,0.09998826879661708
3,0.36780779960248083,25.363675319342146,30,0.10598659386444037,0.14854842289310669,0.0999883151049076
4,0.3557660366726256,18.47084772196493,1,-0.31885039345834953,0.11985828755123953,0.47629216293992627
4,0.3557660366726256,18.47084772196493,2,-0.3252671181511218,0.1560568780131014,0.3366427414631556
4,0.3557660366726256,18.47084772196493,3,-0.2811162451205786,0.17256314497465067,0.20370117110218605
4,0.3557660366726256,18.47084772196493,4,-0.20421196003293762,0.153020720845832,0.12542676442651582
4,0.3557660366726256,18.47084772196493,5,-0.11965120399509219,0.13573214276605533,0.12052507094009557
4,0.3557660366726256,18.47084772196493,6,-0.04075485514703784,0.11922738292015184,0.12282654427491112
4,0.3557660366726256,18.47084772196493,7,0.03776915151004714,0.10280051537892622,0.1110842062775804
4,0.3557660366726256,18.47084772196493,8,0.06896738345467422,0.11703623106910516,0.09965670801880258
4,0.3557660366726256,18.47084772196493,9,0.0817255784313472,0.13666564333411016,0.09855387117500619
4,0.3557660366726256,18.47084772196493,10,0.09087635941140171,0.14952921196517072,0.09858310438515185
4,0.3557660366726256,18.47084772196493,11,0.09211264587254847,0.14885053722147937,0.09910949759437333
4,0.3557660366726256,18.47084772196493,12,0.09200910541178203,0.14875806415441317,0.0995743544896904
4,0.3557660366726256,18.47084772196493,13,0.09196024426760221,0.14871436720811498,0.0997937691401678
4,0.3557660366726256,18.47084772196493,14,0.09193717929101669,0.14869371953219454,0.09989735202828053
4,0.3557660366726256,18.47084772196493,15,0.0919262910901819,0.14868397108494205,0.09994625624570294
4,0.3557660366726256,18.47084772196493,16,0.09192115073403762,0.14867936890643552,0.0999693461207895
4,0.3557660366726256,18.47084772196493,17,0.09191872370943198,0.14867719580184877,0.09998024808784198
4,0.3557660366726256,18.47084772196493,18,0.09191757773755102,0.148676169710553,0.09998539553536409
4,0.3557660366726256,18.47084772196493,19,0.09191703664984023,0.14867568522538668,0.09998782595226481
4,0.3557660366726256,18.47084772196493,20,0.09191678116814388,0.1486754564691338,0.09998897349922922
4,0.3557660366726256,18.47084772196493,21,0.0919166605393382,0.14867534845902966,0.09998951532612411
4,0.3557660366726256,18.47084772196493,22,0.09191660358302789,0.14867529746077815,0.09998977115575042
4,0.3557660366726256,18.47084772196493,23,0.09191657669044787,0.14867527338136227,0.09998989194859348
4,0.3557660366726256,18.47084772196493,24,0.09191656399280819,0.14867526201198975,0.09998994898230201
4,0.3557660366726256,18.47084772196493,25,0.09191655799747278,0.14867525664381076,0.09998997591141448
4,0.3557660366726256,18.47084772196493,26,0.0919165551667069,0.1486752541091639,0.09998998862630071
4,0.3557660366726256,18.47084772196493,27,0.09191655383012859,0.14867525291240158,0.09998999462977867
4,0.3557660366726256,18.47084772196493,28,0.09191655319904797,0.14867525234733667,0.09998999746438898
4,0.3557660366726256,18.47084772196493,29,0.09191655290107609,0.14867525208053484,0.09998999880278245
4,0.3557660366726256,18.47084772196493,30,0.09191655276038527,0.14867525195456135,0.09998999943472013
5,0.3724528663161875,25.93876391536322,1,-0.31885039345834953,0.11985828755123953,0.47629216293992627
5,0.3724528663161875,25.93876391536322,2,-0.3230695594803604,0.1564020786853269,0.3370878967324224
5,0.3724528663161875,25.93876391536322,3,-0.2763519423720693,0.17344023683153553,0.2046264417601158
5,0.3724528663161875,25.93876391536322,4,-0.1969890793368655,0.15621965729235301,0.12546643723047715
5,0.3724528663161875,25.93876391536322,5,-0.11149400036895585,0.14220753853453783,0.12219831331445893
5,0.3724528663161875,25.93876391536322,6,-0.0322000800630499,0.12851734657752395,0.12819894457294104
5,0.3724528663161875,25.93876391536322,7,0.04672035365500984,0.11489163753497891,0.12013824528214331
5,0.3724528663161875,25.93876391536322,8,0.08500046290791409,0.1288911232214629,0.1031621273037705
5,0.3724528663161875,25.93876391536322,9,0.10278851834790025,0.1504714989371959,0.0988531170478499
5,0.3724528663161875,25.93876391536322,10,0.10689360875260287,0.14895373884387536,0.09897957536888721
5,0.3724528663161875,25.93876391536322,11,0.10661475179283712,0.1488139536524968,0.09949425650109527
5,0.3724528663161875,25.93876391536322,12,0.10659657247665429,0.14878247562816688,0.09975394255752942
5,0.3724528663161875,25.93876391536322,13,0.10659063011339238,0.14876913500260888,0.09987489550136548
5,0.3724528663161875,25.93876391536322,14,0.10658924336784807,0.14876223920813322,0.09993245033325757
5,0.3724528663161875,25.93876391536322,15,0.1065887517111783,0.14875868363537928,0.09996039873763034
5,0.3724528663161875,25.93876391536322,16,0.10658730733368156,0.14875618496290008,0.09997435745934045
5,0.3724528663161875,25.93876391536322,17,0.10658522782473177,0.1487552824584311,0.09998181942960306
5,0.3724528663161875,25.93876391536322,18,0.10658434090918487,0.1487531463713674,0.0999861434045768
5,0.3724528663161875,25.93876391536322,19,0.1065840806053353,0.14875176020274386,0.09998786940646706
5,0.3724528663161875,25.93876391536322,20,0.10657881101630622,0.14874794637118602,0.09998766821115643
5,0.3724528663161875,25.93876391536322,21,0.10657772598773484,0.14874798320354962,0.09998634485951415
5,0.3724528663161875,25.93876391536322,22,0.10657815412363093,0.14874987779773272,0.09998667494209539
5,0.3724528663161875,25.93876391536322,23,0.10657946783565823,0.14875149129322596,0.09998779270086214
5,0.3724528663161875,25.93876391536322,24,0.10658296394948441,0.14875175426533463,0.09998808489901866
5,0.3724528663161875,25.93876391536322,25,0.10658505625418273,0.14875192427160278,0.09998895438663384
5,0.3724528663161875,25.93876391536322,26,0.10658587536637272,0.148752621981541,0.09999005165196846
5,0.3724528663161875,25.93876391536322,27,0.106586497012322,0.14875360603672239,0.09999038181505629
5,0.3724528663161875,25.93876391536322,28,0.10658684663076137,0.1487550201538466,0.09999039453951862
5,0.3724528663161875,25.93876391536322,29,0.10658732424287065,0.14875693435499318,0.0999904398735978
5,0.3724528663161875,25.93876391536322,30,0.10658782476672089,0.14875857569095277,0.09999033885117113
6,0.3610066688860726,15.674949352542953,1,-0.31885039345834953,0.11985828755123953,0.47629216293992627
6,0.3610066688860726,15.674949352542953,2,-0.3245770095157005,0.15616519203716006,0.3367825953216625
6,0.3610066688860726,15.674949352542953,3,-0.27962957001716865,0.17287901103637232,0.20397847173202752
6,0.3610066688860726,15.674949352542953,4,-0.20192928436899577,0.1541268546776553,0.12541784958649047
6,0.3610066688860726,15.674949352542953,5,-0.11723447718661564,0.1376878736976746,0.12181998395806877
6,0.3610066688860726,15.674949352542953,6,-0.03851514886284351,0.12171025609395195,0.1266519406506554
6,0.3610066688860726,15.674949352542953,7,0.039833805986393196,0.10580781298514304,0.11742808295246793
6,0.3610066688860726,15.674949352542953,8,0.07203210497047162,0.12069229248233501,0.09948638526800455
6,0.3610066688860726,15.674949352542953,9,0.08104397217535778,0.1434496613435248,0.0979027105555949
6,0.3610066688860726,15.674949352542953,10,0.08702641051066268,0.14676168510008428,0.09807101978041939
6,0.3610066688860726,15.674949352542953,11,0.08942150067211699,0.1437541321877442,0.09898023068216279
6,0.3610066688860726,15.674949352542953,12,0.0894166416148367,0.14372574910583188,0.0994013297107651
6,0.3610066688860726,15.674949352542953,13,0.0893263286021506,0.14369235202997932,0.09971214963565467
6,0.3610066688860726,15.674949352542953,14,0.08932552756884321,0.14367980871821914,0.09985912677738625
6,0.3610066688860726,15.674949352542953,15,0.08932963809504745,0.14367521385742982,0.09992880651919951
6,0.3610066688860726,15.674949352542953,16,0.0893318647405792,0.14367457172796658,0.09996157100416532
6,0.3610066688860726,15.674949352542953,17,0.08933335803339645,0.14367510507964817,0.09997722106354927
6,0.3610066688860726,15.674949352542953,18,0.08933421210431133,0.14367685137472158,0.09998501683721255
6,0.3610066688860726,15.674949352542953,19,0.0893318429506638,0.14367555639638893,0.09998599160676241
6,0.3610066688860726,15.674949352542953,20,0.0893303114162682,0.14367496664694598,0.09998647129249698
6,0.3610066688860726,15.674949352542953,21,0.08932892111906375,0.1436742469949245,0.09998708980431906
6,0.3610066688860726,15.674949352542953,22,0.08932615021525016,0.1436716766567029,0.09999023180827384
6,0.3610066688860726,15.674949352542953,23,0.08932590605256689,0.14367109722119045,0.0999899081809571
6,0.3610066688860726,15.674949352542953,24,0.08932567702810752,0.14367061117141314,0.09998960243222026
6,0.3610066688860726,15.674949352542953,25,0.08932554099018605,0.1436699183426423,0.09998940805073478
6,0.3610066688860726,15.674949352542953,26,0.08932537249229029,0.14366915104399505,0.0999892580490225
6,0.3610066688860726,15.674949352542953,27,0.08932509801641403,0.14366811374937075,0.09998903696577055
6,0.3610066688860726,15.674949352542953,28,0.08932491753551278,0.14366745438131287,0.09998855083978646
6,0.3610066688860726,15.674949352542953,29,0.08932507193409993,0.14366705432396534,0.09998825040122918
6,0.3610066688860726,15.674949352542953,30,0.08932534342454497,0.14366676962062874,0.09998821898443856
7,0.3724528663161875,26.293306069094722,1,-0.31885039345834953,0.11985828755123953,0.47629216293992627
7,0.3724528663161875,26.293306069094722,2,-0.3230695594803604,0.1564020786853269,0.3370878967324224
7,0.3724528663161875,26.293306069094722,3,-0.27633590943578434,0.17344908188494632,0.20463182529137644
7,0.3724528663161875,26.293306069094722,4,-0.19696409506523108,0.1562533539048711,0.1254914367941208
7,0.3724528663161875,26.293306069094722,5,-0.11145314541261907,0.1422397348171971,0.12224394948701908
7,0.3724528663161875,26.293306069094722,6,-0.03214603197782325,0.12854340630960823,0.12827617133939948
7,0.3724528663161875,26.293306069094722,7,0.04678748891717601,0.1149115971866171,0.1202469134540602
7,0.3724528663161875,26.293306069094722,8,0.0852766501662232,0.12919581871314098,0.10219776072079004
7,0.3724528663161875,26.293306069094722,9,0.10224529771760729,0.14967310589253038,0.09935838503926653
7,0.3724528663161875,26.293306069094722,10,0.10792670037113175,0.14891593089164576,0.09977769830693435
7,0.3724528663161875,26.293306069094722,11,0.10753498618441472,0.14885863282101447,0.09985351073198719
7,0.3724528663161875,26.293306069094722,12,0.10739261061311033,0.14886511059472482,0.09992568047668265
7,0.3724528663161875,26.293306069094722,13,0.10732781078477249,0.14886984674349407,0.09995853780874359
7,0.3724528663161875,26.293306069094722,14,0.10729930413648985,0.14887091460319093,0.0999721402273383
7,0.3724528663161875,26.293306069094722,15,0.10728519224672628,0.14887071473365043,0.09997813970577822
7,0.3724528663161875,26.293306069094722,16,0.10727154098125301,0.14886855384520864,0.09998154252034176
7,0.3724528663161875,26.293306069094722,17,0.10725695218621865,0.14886388979059792,0.09998282792324645
7,0.3724528663161875,26.293306069094722,18,0.10724957141209537,0.14885949631205533,0.09998222514206175
7,0.3724528663161875,26.293306069094722,19,0.10724369521735803,0.14885631849036865,0.09998207113721382
7,0.3724528663161875,26.293306069094722,20,0.10723701713383019,0.14885320488600465,0.09998227429378136
7,0.3724528663161875,26.293306069094722,21,0.10723159693424221,0.14884996130156372,0.09998227260610858
7,0.3724528663161875,26.293306069094722,22,0.10722550538688509,0.14884618545310885,0.09998261133579071
7,0.3724528663161875,26.293306069094722,23,0.10721878222036456,0.14884278151110697,0.09998267955417388
7,0.3724528663161875,26.293306069094722,24,0.10721312734157433,0.14883917625114104,0.0999832144884263
7,0.3724528663161875,26.293306069094722,25,0.10720727012331303,0.14883606037223557,0.09998360351601832
7,0.3724528663161875,26.293306069094722,26,0.10720206686916245,0.1488329277351098,0.09998350759791282
7,0.3724528663161875,26.293306069094722,27,0.10719719000926202,0.14883070824326064,0.09998336287381565
7,0.3724528663161875,26.293306069094722,28,0.10719184912588614,0.14882838794361286,0.09998349169390573
7,0.3724528663161875,26.293306069094722,29,0.1071857222413972,0.14882590907929558,0.0999837083898839
7,0.3724528663161875,26.293306069094722,30,0.10717849882341458,0.14882406887562954,0.0999840070154676
8,0.36573574640594436,26.137605431486367,1,-0.31885039345834953,0.11985828755123953,0.47629216293992627
8,0.36573574640594436,26.137605431486367,2,-0.3239542234076976,0.1562630111129231,0.3369087588552825
8,0.36573574640594436,26.137605431486367,3,-0.2782441254785049,0.173072212603756,0.20426919842090388
8,0.36573574640594436,26.137605431486367,4,-0.19983542639637442,0.15489118162532547,0.12551210297727292
8,0.36573574640594436,26.137605431486367,5,-0.11481793976628961,0.13914802715508706,0.12255235573152339
8,0.36573574640594436,26.137605431486367,6,-0.03591020656914808,0.12366568215975676,0.12868613175359564
8,0.36573574640594436,26.137605431486367,7,0.0426260311600377,0.10825622762479141,0.12075794771947525
8,0.36573574640594436,26.137605431486367,8,0.07829241947235058,0.12312302880846701,0.10333599373448948
8,0.36573574640594436,26.137605431486367,9,0.09512446923515597,0.1442322162139415,0.09983369129833373
8,0.36573574640594436,26.137605431486367,10,0.10667420111228458,0.148770007953301,0.09939913372237205
8,0.36573574640594436,26.137605431486367,11,0.10752523054701683,0.14891709355569135,0.09935273243913603
8,0.36573574640594436,26.137605431486367,12,0.10750528420609835,0.1488999428241625,0.09968838578735828
8,0.36573574640594436,26.137605431486367,13,0.1075038784485409,0.148895339261428,0.0998464459436558
8,0.36573574640594436,26.137605431486367,14,0.10750914687252645,0.14889268107720846,0.09991910997501784
8,0.36573574640594436,26.137605431486367,15,0.10751033944279526,0.14889360753327388,0.09995306574359658
8,0.36573574640594436,26.137605431486367,16,0.10750946586289195,0.14889368531816505,0.09996917476189779
8,0.36573574640594436,26.137605431486367,17,0.10750810126023563,0.14889323517679184,0.09997381068264624
8,0.36573574640594436,26.137605431486367,18,0.10750686891925001,0.14889308222341635,0.09997631401556192
8,0.36573574640594436,26.137605431486367,19,0.10750119198592085,0.1488923598268789,0.09998008957435568
8,0.36573574640594436,26.137605431486367,20,0.10749589860786983,0.1488907747977782,0.09998171315228678
8,0.36573574640594436,26.137605431486367,21,0.10749254326867083,0.14888904808390854,0.09998161775897027
8,0.36573574640594436,26.137605431486367,22,0.10748853864562144,0.14888773928950053,0.09998195998324554
8,0.36573574640594436,26.137605431486367,23,0.10748174010081775,0.14888395535165852,0.09998289640025486
8,0.36573574640594436,26.137605431486367,24,0.1074763209851306,0.14888086521776384,0.09998350108855818
8,0.36573574640594436,26.137605431486367,25,0.10746983743293735,0.14887773935640133,0.0999836516572078
8,0.36573574640594436,26.137605431486367,26,0.10746494434708813,0.1488756212929027,0.09998420340316078
8,0.36573574640594436,26.137605431486367,27,0.10746104699074066,0.14887417770002426,0.0999843482844282
8,0.36573574640594436,26.137605431486367,28,0.10745882578805756,0.1488739874832574,0.0999844142084083
8,0.36573574640594436,26.137605431486367,29,0.10745798334789627,0.14887394354946099,0.09998433755035492
8,0.36573574640594436,26.137605431486367,30,0.10745625191544002,0.14887390500459538,0.09998438912423849
9,0.3698257835951689,26.32706572042663,1,-0.31885039345834953,0.11985828755123953,0.47629216293992627
9,0.3698257835951689,26.32706572042663,2,-0.3234155630833069,0.1563476713382864,0.3370178442762102
9,0.3698257835951689,26.32706572042663,3,-0.27715169603650114,0.17360009661251347,0.20439112930030928
9,0.3698257835951689,26.32706572042663,4,-0.1981295818638606,0.15647469337412265,0.1251953731086333
9,0.3698257835951689,26.32706572042663,5,-0.11279503448722132,0.14218506587781396,0.12201506695915232
9,0.3698257835951689,26.32706572042663,6,-0.033709325231647616,0.12814952492438186,0.1283704149688923
9,0.3698257835951689,26.32706572042663,7,0.04500433490777973,0.11418001246908825,0.12066275660976943
9,0.3698257835951689,26.32706572042663,8,0.08348823890585474,0.12825284155022,0.10406075567775137
9,0.3698257835951689,26.32706572042663,9,0.10034401865039975,0.14962357302962934,0.0996602896379818
9,0.3698257835951689,26.32706572042663,10,0.10710778809228344,0.14827906327249027,0.09952740341989039
9,0.3698257835951689,26.32706572042663,11,0.10737285526655202,0.1489465357236448,0.09951646594673963
9,0.3698257835951689,26.32706572042663,12,0.10743167868050804,0.14891798450436594,0.09976673963808089
9,0.3698257835951689,26.32706572042663,13,0.10745916168991321,0.1489055374448119,0.09988488328072634
9,0.3698257835951689,26.32706572042663,14,0.10747127375789411,0.1488946209300157,0.099940615285798
9,0.3698257835951689,26.32706572042663,15,0.10747681966826286,0.14888820148950505,0.09996716609733546
9,0.3698257835951689,26.32706572042663,16,0.10747927202640892,0.14888522816353533,0.09997973999995156
9,0.3698257835951689,26.32706572042663,17,0.10748070895160786,0.14888343571304627,0.09998609464346588
9,0.3698257835951689,26.32706572042663,18,0.1074812977152318,0.14888218216423132,0.09998882697629351
9,0.3698257835951689,26.32706572042663,19,0.10748166099851762,0.1488815469174871,0.099989595765379
9,0.3698257835951689,26.32706572042663,20,0.10748175258097968,0.14888113245138607,0.09998989046415183
9,0.3698257835951689,26.32706572042663,21,0.10748172559061837,0.1488808719193967,0.09998997744766633
9,0.3698257835951689,26.32706572042663,22,0.10748173325161914,0.1488806813787322,0.09998992929638646
9,0.3698257835951689,26.32706572042663,23,0.10748191619988,0.14888047884744704,0.09998978265944437
9,0.3698257835951689,26.32706572042663,24,0.10748312495965252,0.14888035728007226,0.09998959868340553
9,0.3698257835951689,26.32706572042663,25,0.1074848604190451,0.14888026454933126,0.0999895062731416
9,0.3698257835951689,26.32706572042663,26,0.10748696098288932,0.1488802307926696,0.09998945524975848
9,0.3698257835951689,26.32706572042663,27,0.10748880523141176,0.14888005140379107,0.0999894111422473
9,0.3698257835951689,26.32706572042663,28,0.10749064687078812,0.14887979475684687,0.09998932504568185
9,0.3698257835951689,26.32706572042663,29,0.1074927441705342,0.14887959953880078,0.09998923205825591
9,0.3698257835951689,26.32706572042663,30,0.10749510328183988,0.14887945639859274,0.09998914723420103
10,0.3698257835951689,26.317728570129237,1,-0.31885039345834953,0.11985828755123953,0.47629216293992627
10,0.3698257835951689,26.317728570129237,2,-0.3234155630833069,0.1563476713382864,0.3370178442762102
10,0.3698257835951689,26.317728570129237,3,-0.27713674955763845,0.17341140101537478,0.20444059590396674
10,0.3698257835951689,26.317728570129237,4,-0.19813316867547773,0.15594592852329575,0.12534778937926355
10,0.3698257835951689,26.317728570129237,5,-0.1128454109360017,0.14146021884544524,0.1221460176284924
10,0.3698257835951689,26.317728570129237,6,-0.033765825869150556,0.1272776763320388,0.12828698673537178
10,0.3698257835951689,26.317728570129237,7,0.044941676884747435,0.113161864988472,0.12036596152179185
10,0.3698257835951689,26.317728570129237,8,0.083676817180369,0.1275547577784034,0.10316131649738725
10,0.3698257835951689,26.317728570129237,9,0.10118521464304907,0.15002622147092584,0.09975870376864028
10,0.3698257835951689,26.317728570129237,10,0.10732326684101626,0.1484748760105062,0.09918315434888672
10,0.3698257835951689,26.317728570129237,11,0.10754360145190775,0.14880588534991696,0.09960915901404477
10,0.3698257835951689,26.317728570129237,12,0.10753947263596601,0.14879943981222005,0.09981021892276601
10,0.3698257835951689,26.317728570129237,13,0.10753603613426325,0.14879286582617074,0.09990480341101506
10,0.3698257835951689,26.317728570129237,14,0.1075331751456379,0.14878741734271916,0.09994940348461535
10,0.3698257835951689,26.317728570129237,15,0.10753122402157056,0.1487850173310831,0.09997046922579096
10,0.3698257835951689,26.317728570129237,16,0.1075296889222939,0.14878400660025065,0.09998039759582111
10,0.3698257835951689,26.317728570129237,17,0.10752815901699662,0.1487830859261837,0.09998494505492958
10,0.3698257835951689,26.317728570129237,18,0.10752659593577915,0.14878297974703256,0.09998708712326539
10,0.3698257835951689,26.317728570129237,19,0.10752496177133887,0.1487835573924049,0.09998793668227955
10,0.3698257835951689,26.317728570129237,20,0.10752376171359984,0.14878393746784913,0.09998815168061269
10,0.3698257835951689,26.317728570129237,21,0.10752275448486719,0.1487843043547648,0.09998821469089035
10,0.3698257835951689,26.317728570129237,22,0.10752189405293544,0.14878470377213332,0.09998824516140632
10,0.3698257835951689,26.317728570129237,23,0.10752110128188486,0.14878513307334393,0.09998833999650102
10,0.3698257835951689,26.317728570129237,24,0.10752026215090008,0.14878570008669265,0.0999884221925409
10,0.3698257835951689,26.317728570129237,25,0.10751942400500612,0.14878622963998586,0.0999884720688198
10,0.3698257835951689,26.317728570129237,26,0.1075185876014939,0.14878680077662754,0.09998847317127847
10,0.3698257835951689,26.317728570129237,27,0.1075177753193425,0.14878734053510395,0.09998854730832421
10,0.3698257835951689,26.317728570129237,28,0.1075168634430071,0.14878790537566614,0.09998855443499535
10,0.3698257835951689,26.317728570129237,29,0.10751617531835099,0.1487883164762604,0.09998842619427085
10,0.3698257835951689,26.317728570129237,30,0.1075153749243349,0.14878876788104103,0.09998841501680356
11,0.3698257835951689,26.57280298322143,1,-0.31885039345834953,0.11985828755123953,0.47629216293992627
11,0.3698257835951689,26.57280298322143,2,-0.3234155630833069,0.1563476713382864,0.3370178442762102
11,0.3698257835951689,26.57280298322143,3,-0.27713107923853386,0.17336756612201082,0.20445294585139048
11,0.3698257835951689,26.57280298322143,4,-0.1981470655248005,0.15584913457185204,0.12538611284002946
11,0.3698257835951689,26.57280298322143,5,-0.11286616406290759,0.14131983538984608,0.12219094145344371
11,0.3698257835951689,26.57280298322143,6,-0.03378002077916,0.12710396834292273,0.12827974597617975
11,0.3698257835951689,26.57280298322143,7,0.044933970400466025,0.11295499626158702,0.12030680253578632
11,0.3698257835951689,26.57280298322143,8,0.08351469529708058,0.12764743195879216,0.10316106447307681
11,0.3698257835951689,26.57280298322143,9,0.10087127984523728,0.14932616934036153,0.09958512245686596
11,0.3698257835951689,26.57280298322143,10,0.1075208190702641,0.14858418199937107,0.09946913234330548
11,0.3698257835951689,26.57280298322143,11,0.10785529986058506,0.1491667846760179,0.09956204801219486
11,0.3698257835951689,26.57280298322143,12,0.10788823062555877,0.1491244475963747,0.09978727081883695
11,0.3698257835951689,26.57280298322143,13,0.10790102660298552,0.14911858900142969,0.0998936931001189
11,0.3698257835951689,26.57280298322143,14,0.10790669286159671,0.1491186854488834,0.0999446326006926
11,0.3698257835951689,26.57280298322143,15,0.10790917041473543,0.1491172139375846,0.0999694966988908
11,0.3698257835951689,26.57280298322143,16,0.10790955702665424,0.14911571537631418,0.09998133449442924
11,0.3698257835951689,26.57280298322143,17,0.10790887469538579,0.14911395367740443,0.09998682522239373
11,0.3698257835951689,26.57280298322143,18,0.10790820005523469,0.14911323172836874,0.09998842167555468
11,0.3698257835951689,26.57280298322143,19,0.10790841461664322,0.14911285434598906,0.09998859379263889
11,0.3698257835951689,26.57280298322143,20,0.10790851146641699,0.14911177132169318,0.09998930715068706
11,0.3698257835951689,26.57280298322143,21,0.10790804597827558,0.14911079716971293,0.09998905590243275
11,0.3698257835951689,26.57280298322143,22,0.10790741372548003,0.14910960786179342,0.09998871491970099
11,0.3698257835951689,26.57280298322143,23,0.10790635251185086,0.14910772467427247,0.09998797087766283
11,0.3698257835951689,26.57280298322143,24,0.10790524722265589,0.14910598296142868,0.09998751753496685
11,0.3698257835951689,26.57280298322143,25,0.10790546315381905,0.1491041688101201,0.09998768286737116
11,0.3698257835951689,26.57280298322143,26,0.10790654967757551,0.14910262407153677,0.09998787425731712
11,0.3698257835951689,26.57280298322143,27,0.10790731428618017,0.1491014332646973,0.09998786312815723
11,0.3698257835951689,26.57280298322143,28,0.1079069231953629,0.14909991778093754,0.09998762871704558
11,0.3698257835951689,26.57280298322143,29,0.10790550928553179,0.14909568941606174,0.09998661645343614
11,0.3698257835951689,26.57280298322143,30,0.10790276272417298,0.14909125466754872,0.09998674768379757
12,0.3724528663161875,27.035232517800697,1,-0.31885039345834953,0.11985828755123953,0.47629216293992627
12,0.3724528663161875,27.035232517800697,2,-0.3230695594803604,0.1564020786853269,0.3370878967324224
12,0.3724528663161875,27.035232517800697,3,-0.2763623059613972,0.1734558419304938,0.20461822012984784
12,0.3724528663161875,27.035232517800697,4,-0.1970097066138381,0.15625091175142583,0.12544706598218164
12,0.3724528663161875,27.035232517800697,5,-0.11151837322355748,0.14224152231594467,0.12218078354845001
12,0.3724528663161875,27.035232517800697,6,-0.032231685406266544,0.128552972977347,0.12819693087243364
12,0.3724528663161875,27.035232517800697,7,0.04668157328756996,0.1149288947766111,0.12015167424839385
12,0.3724528663161875,27.035232517800697,8,0.08593141957141806,0.12987142558535572,0.10241993215891869
12,0.3724528663161875,27.035232517800697,9,0.10428745442928339,0.15095567417707403,0.09971625414295353
12,0.3724528663161875,27.035232517800697,10,0.10930375221182104,0.1494620494845017,0.09993093876258004
12,0.3724528663161875,27.035232517800697,11,0.10889726563735108,0.14929401385277835,0.09995871774881154
12,0.3724528663161875,27.035232517800697,12,0.10873399325771067,0.1492339667326229,0.0999741897752728
12,0.3724528663161875,27.035232517800697,13,0.10865620241916867,0.1492123355921068,0.09998242027720411
12,0.3724528663161875,27.035232517800697,14,0.10862824168017418,0.14920789882736799,0.09998596441123074
12,0.3724528663161875,27.035232517800697,15,0.10860552448214439,0.1492057151564959,0.09998540601305639
12,0.3724528663161875,27.035232517800697,16,0.10858652266924633,0.14920011755881274,0.0999826895300543
12,0.3724528663161875,27.035232517800697,17,0.10858226923479879,0.1491966854722795,0.09998236735389525
12,0.3724528663161875,27.035232517800697,18,0.10857436367111513,0.14919412077462482,0.09998204340831478
12,0.3724528663161875,27.035232517800697,19,0.108562057782325,0.14919162968405839,0.09998259321198216
12,0.3724528663161875,27.035232517800697,20,0.10854425661102803,0.1491895650443025,0.09998274898985873
12,0.3724528663161875,27.035232517800697,21,0.10852689327241209,0.14918636839235824,0.09998193602039042
12,0.3724528663161875,27.035232517800697,22,0.10851063065241703,0.1491829384394491,0.09998106329175828
12,0.3724528663161875,27.035232517800697,23,0.10849712371386927,0.1491807524137508,0.09998137380904572
12,0.3724528663161875,27.035232517800697,24,0.10848748581386645,0.14917814132472593,0.09998372933123549
12,0.3724528663161875,27.035232517800697,25,0.10847756646943546,0.14917592657627982,0.09998561927991104
12,0.3724528663161875,27.035232517800697,26,0.10846902690354361,0.14917400967028713,0.09998647005340353
12,0.3724528663161875,27.035232517800697,27,0.10846108418420577,0.14917214349607316,0.09998704147547724
12,0.3724528663161875,27.035232517800697,28,0.10845321026960354,0.1491703536008757,0.09998730430617671
12,0.3724528663161875,27.035232517800697,29,0.10844263214540792,0.1491673046279953,0.09998617055583338
12,0.3724528663161875,27.035232517800697,30,0.10843348448935165,0.14916337336240992,0.09998442975679069
13,0.3724528663161875,27.16951677310161,1,-0.31885039345834953,0.11985828755123953,0.47629216293992627
13,0.3724528663161875,27.16951677310161,2,-0.3230695594803604,0.1564020786853269,0.3370878967324224
13,0.3724528663161875,27.16951677310161,3,-0.27636006520653034,0.1734546259666339,0.20461951980629695
13,0.3724528663161875,27.16951677310161,4,-0.19700688762314755,0.15625343633694697,0.12545333750277377
13,0.3724528663161875,27.16951677310161,5,-0.1115152976405917,0.14225218417771898,0.12219021131295087
13,0.3724528663161875,27.16951677310161,6,-0.03222655266758551,0.1285716745419591,0.12820259496941125
13,0.3724528663161875,27.16951677310161,7,0.04668875138677291,0.11495559854161227,0.12015359247073336
13,0.3724528663161875,27.16951677310161,8,0.08601068913972827,0.12996953729011193,0.10243003471913797
13,0.3724528663161875,27.16951677310161,9,0.10451078626249252,0.15108015113114384,0.09979833906944356
13,0.3724528663161875,27.16951677310161,10,0.10961077270513557,0.14959791958039553,0.09996107244783317
13,0.3724528663161875,27.16951677310161,11,0.10917128840198144,0.1493934675671447,0.09997299725376595
13,0.3724528663161875,27.16951677310161,12,0.10897488494487907,0.14930315148802228,0.09998022157339989
13,0.3724528663161875,27.16951677310161,13,0.10891594257505618,0.14927926575454378,0.09998338332869683
13,0.3724528663161875,27.16951677310161,14,0.10888238609193089,0.1492683940453718,0.09998430944634047
13,0.3724528663161875,27.16951677310161,15,0.10885369893680966,0.14925869675906453,0.09998481129080596
13,0.3724528663161875,27.16951677310161,16,0.10882989240971637,0.1492484936254138,0.0999851313276641
13,0.3724528663161875,27.16951677310161,17,0.10881056017045096,0.14924026754265216,0.09998506124460593
13,0.3724528663161875,27.16951677310161,18,0.10880076146885766,0.1492340312851074,0.09998494174348863
13,0.3724528663161875,27.16951677310161,19,0.10879535703909206,0.14922838401996347,0.0999862428952092
13,0.3724528663161875,27.16951677310161,20,0.10878317819939252,0.1492243901830014,0.09998664655568008
13,0.3724528663161875,27.16951677310161,21,0.10877124719103065,0.1492222151209314,0.09998581986175115
13,0.3724528663161875,27.16951677310161,22,0.1087617613862576,0.1492202081989094,0.09998538088121928
13,0.3724528663161875,27.16951677310161,23,0.10875314951426661,0.14921778956925433,0.09998567156989943
13,0.3724528663161875,27.16951677310161,24,0.10874751091017835,0.14921477387248183,0.09998731579599314
13,0.3724528663161875,27.16951677310161,25,0.108746479678081,0.14921216283473437,0.09998878700637108
13,0.3724528663161875,27.16951677310161,26,0.10874463338738909,0.14921205900494844,0.099988805196294
13,0.3724528663161875,27.16951677310161,27,0.10873922429544976,0.14921161276369424,0.09998922741498999
13,0.3724528663161875,27.16951677310161,28,0.10873289064133591,0.14921047068033017,0.09998991354959377
13,0.3724528663161875,27.16951677310161,29,0.1087213282778677,0.1492071785996453,0.09999018880335779
13,0.3724528663161875,27.16951677310161,30,0.10871080123675869,0.14920367723863776,0.0999894182069557
14,0.36780779960248083,26.219437276167792,1,-0.31885039345834953,0.11985828755123953,0.47629216293992627
14,0.36780779960248083,26.219437276167792,2,-0.32368133639260394,0.15630589393745065,0.33696402604024994
14,0.36780779960248083,26.219437276167792,3,-0.2777124941132069,0.17327750350584684,0.20433509922574353
14,0.36780779960248083,26.219437276167792,4,-0.19901688664574677,0.1554988845284621,0.12536410655018895
14,0.36780779960248083,26.219437276167792,5,-0.11387594946669909,0.1404876068174719,0.1222434834619242
14,0.36780779960248083,26.219437276167792,6,-0.03490376204404359,0.12577144833783344,0.12836618353659093
14,0.36780779960248083,26.219437276167792,7,0.043696878536225274,0.11112452616015916,0.12042697549798027
14,0.36780779960248083,26.219437276167792,8,0.07988975076883947,0.12683728487120982,0.10293489350263009
14,0.36780779960248083,26.219437276167792,9,0.09573665717778897,0.14791134480979543,0.10247530749302837
14,0.36780779960248083,26.219437276167792,10,0.10600260886950237,0.14755352450748388,0.0994077535426098
14,0.36780779960248083,26.219437276167792,11,0.10779673440109097,0.14830775895586032,0.09945385365747851
14,0.36780779960248083,26.219437276167792,12,0.10777126563313835,0.14844459723077227,0.09973688942362972
14,0.36780779960248083,26.219437276167792,13,0.1077546458090678,0.14850651894544226,0.09987051608501729
14,0.36780779960248083,26.219437276167792,14,0.10774615900160431,0.1485335521591801,0.09993340058108321
14,0.36780779960248083,26.219437276167792,15,0.10774228724657153,0.14854683945468977,0.09996291962002314
14,0.36780779960248083,26.219437276167792,16,0.10774078161102103,0.1485535001384593,0.0999767044930863
14,0.36780779960248083,26.219437276167792,17,0.1077388593923737,0.14855634037007062,0.09998395399747362
14,0.36780779960248083,26.219437276167792,18,0.10773769996888274,0.14855779902075114,0.09998743271157046
14,0.36780779960248083,26.219437276167792,19,0.10773631192382345,0.1485575346963146,0.09998879061517685
14,0.36780779960248083,26.219437276167792,20,0.10773562336585539,0.1485575059071827,0.09998893619819321
14,0.36780779960248083,26.219437276167792,21,0.10773527337938485,0.14855763227487903,0.09998881002197617
14,0.36780779960248083,26.219437276167792,22,0.10773660901737027,0.14855882733258421,0.09998881809909584
14,0.36780779960248083,26.219437276167792,23,0.1077390816928203,0.14855969864697466,0.09998812748793247
14,0.36780779960248083,26.219437276167792,24,0.10774132982481946,0.14856035399045833,0.09998771063459297
14,0.36780779960248083,26.219437276167792,25,0.1077434847844723,0.14856095891133705,0.09998722428309101
14,0.36780779960248083,26.219437276167792,26,0.10774584881839795,0.1485611758494354,0.09998702779067575
14,0.36780779960248083,26.219437276167792,27,0.10774815878291454,0.14856137900822253,0.09998699506791099
14,0.36780779960248083,26.219437276167792,28,0.10774988880099529,0.1485614221067896,0.09998671179307198
14,0.36780779960248083,26.219437276167792,29,0.10774958594523747,0.148560595067141,0.0999872019073563
14,0.36780779960248083,26.219437276167792,30,0.10774931427994279,0.14856066808568988,0.09998762422436955
15,0.3698257835951689,26.740592583778692,1,-0.31885039345834953,0.11985828755123953,0.47629216293992627
15,0.3698257835951689,26.740592583778692,2,-0.3234155630833069,0.1563476713382864,0.3370178442762102
15,0.3698257835951689,26.740592583778692,3,-0.2771211737802298,0.17335277014681644,0.20446078115351976
15,0.3698257835951689,26.740592583778692,4,-0.19812759571888341,0.15581860564880107,0.12540838600605128
15,0.3698257835951689,26.740592583778692,5,-0.1128433975379214,0.14128697806562787,0.12221355331946705
15,0.3698257835951689,26.740592583778692,6,-0.03374973249369506,0.12707037575952548,0.1282855141842082
15,0.3698257835951689,26.740592583778692,7,0.044971721347723176,0.11292067613951351,0.12029580666804053
15,0.3698257835951689,26.740592583778692,8,0.08391448281687414,0.1277742127645303,0.10310336663973915
15,0.3698257835951689,26.740592583778692,9,0.10197885865610341,0.15052217507747093,0.09946414131633304
15,0.3698257835951689,26.740592583778692,10,0.10732785234706134,0.14929911777491917,0.0991978876554247
15,0.3698257835951689,26.740592583778692,11,0.10825151250475003,0.14890895730995177,0.09942103727187795
15,0.3698257835951689,26.740592583778692,12,0.10829574759585646,0.14896861679383952,0.09972138463214379
15,0.3698257835951689,26.740592583778692,13,0.10831663714911233,0.14899678869863037,0.0998631761868662
15,0.3698257835951689,26.740592583778692,14,0.10832650231664878,0.14901009317805158,0.09993012002976263
15,0.3698257835951689,26.740592583778692,15,0.10833116075676712,0.14901637607248722,0.09996172728911386
15,0.3698257835951689,26.740592583778692,16,0.10833336037292031,0.14901934286666157,0.0999766507845984
15,0.3698257835951689,26.740592583778692,17,0.10833439897264081,0.14902074367146717,0.09998369703104107
15,0.3698257835951689,26.740592583778692,18,0.10833488936451248,0.1490214050776611,0.09998702398487944
15,0.3698257835951689,26.740592583778692,19,0.1083351209095118,0.14902171736800368,0.09998859484137827
15,0.3698257835951689,26.740592583778692,20,0.108335230236316,0.14902186481941354,0.09998933653855334
15,0.3698257835951689,26.740592583778692,21,0.10833528185625385,0.14902193444026685,0.09998968673917538
15,0.3698257835951689,26.740592583778692,22,0.10833530622920409,0.14902196731254266,0.09998985209035013
15,0.3698257835951689,26.740592583778692,23,0.10833531773717174,0.14902198283356097,0.0999899301627799
15,0.3698257835951689,26.740592583778692,24,0.10833532317078994,0.14902199016198608,0.09998996702556337
15,0.3698257835951689,26.740592583778692,25,0.10833532573633463,0.14902199362218527,0.09998998443074514
15,0.3698257835951689,26.740592583778692,26,0.10833532694768572,0.1490219952559576,0.09998999264879943
15,0.3698257835951689,26.740592583778692,27,0.10833532751963888,0.14902199602736177,0.09998999652904712
15,0.3698257835951689,26.740592583778692,28,0.10833532778969308,0.149021996391589,0.09998999836115018
15,0.3698257835951689,26.740592583778692,29,0.10833532791720224,0.14902199656356302,0.09998999922619843
15,0.3698257835951689,26.740592583778692,30,0.10833532797740714,0.14902199664476246,0.09998999963464078
16,0.3724528663161875,27.36129008176023,1,-0.31885039345834953,0.11985828755123953,0.47629216293992627
16,0.3724528663161875,27.36129008176023,2,-0.3230695594803604,0.1564020786853269,0.3370878967324224
16,0.3724528663161875,27.36129008176023,3,-0.27637281086539395,0.17346108686085987,0.2046122236704607
16,0.3724528663161875,27.36129008176023,4,-0.19703159333047168,0.15627543821934523,0.12542835629269905
16,0.3724528663161875,27.36129008176023,5,-0.11154278651287998,0.14228975647713127,0.1221583901125097
16,0.3724528663161875,27.36129008176023,6,-0.03225382298754841,0.12862611313588876,0.12815311291051684
16,0.3724528663161875,27.36129008176023,7,0.046661706739481765,0.11502682258732627,0.12008653299237705
16,0.3724528663161875,27.36129008176023,8,0.08633904681801721,0.13086926309692484,0.10137739008919797
16,0.3724528663161875,27.36129008176023,9,0.10589126005544927,0.150227689063749,0.09976922658487246
16,0.3724528663161875,27.36129008176023,10,0.10962561206690655,0.1494041419394697,0.09948677295093848
16,0.3724528663161875,27.36129008176023,11,0.10938393559449527,0.1493792833326539,0.099750598096048
16,0.3724528663161875,27.36129008176023,12,0.1092745293348874,0.14937318036449723,0.0998750409119048
16,0.3724528663161875,27.36129008176023,13,0.10922832808479241,0.14936796562427954,0.0999344339484211
16,0.3724528663161875,27.36129008176023,14,0.109207844666458,0.14936570209228336,0.09996088698956988
16,0.3724528663161875,27.36129008176023,15,0.10919801202704453,0.14936439882523933,0.09997255407466893
16,0.3724528663161875,27.36129008176023,16,0.10919250304450652,0.14936279849593814,0.09997794456232387
16,0.3724528663161875,27.36129008176023,17,0.10918460798754243,0.1493620491552489,0.09998175149499047
16,0.3724528663161875,27.36129008176023,18,0.10917811575838446,0.14936020723863347,0.0999844517170943
16,0.3724528663161875,27.36129008176023,19,0.10917387395354304,0.14935819942220835,0.09998520412013712
16,0.3724528663161875,27.36129008176023,20,0.10916963762230014,0.1493564313290108,0.09998581052352044
16,0.3724528663161875,27.36129008176023,21,0.10916533896628401,0.14935494874757416,0.09998610965121876
16,0.3724528663161875,27.36129008176023,22,0.10916131556785652,0.14935336717210435,0.09998628107682991
16,0.3724528663161875,27.36129008176023,23,0.10915745809962052,0.1493509085927546,0.09998651577315074
16,0.3724528663161875,27.36129008176023,24,0.10915379854750269,0.14934803304013153,0.09998672729793548
16,0.3724528663161875,27.36129008176023,25,0.109150205387208,0.1493457788906314,0.09998699270014866
16,0.3724528663161875,27.36129008176023,26,0.10914618235149061,0.14934380119153387,0.09998740371582304
16,0.3724528663161875,27.36129008176023,27,0.10914194369829848,0.1493416470632231,0.0999878444006395
16,0.3724528663161875,27.36129008176023,28,0.10913730634457276,0.14933942879422785,0.09998814136815787
16,0.3724528663161875,27.36129008176023,29,0.10913192969437988,0.14933728027822296,0.09998844103260034
16,0.3724528663161875,27.36129008176023,30,0.10912636057262627,0.14933451004522263,0.09998858941552162
17,0.3698257835951689,27.351078783906768,1,-0.31885039345834953,0.11985828755123953,0.47629216293992627
17,0.3698257835951689,27.351078783906768,2,-0.3234155630833069,0.1563476713382864,0.3370178442762102
17,0.3698257835951689,27.351078783906768,3,-0.27712873508188907,0.17336250794987992,0.20445514528166375
17,0.3698257835951689,27.351078783906768,4,-0.1981452804049842,0.15584120367668147,0.12539249911715217
17,0.3698257835951689,27.351078783906768,5,-0.11286345348618075,0.14131011639170502,0.12219921153142543
17,0.3698257835951689,27.351078783906768,6,-0.03377445104388204,0.12709328598672792,0.12828186695112062
17,0.3698257835951689,27.351078783906768,7,0.04494237645444909,0.11294335676770562,0.12030280346102347
17,0.3698257835951689,27.351078783906768,8,0.08420013402106118,0.12899071814464627,0.10155400404747449
17,0.3698257835951689,27.351078783906768,9,0.10372320701780133,0.1505295530822316,0.09950212564636066
17,0.3698257835951689,27.351078783906768,10,0.11023515917455128,0.1493796497563693,0.09891492063630909
17,0.3698257835951689,27.351078783906768,11,0.10969504431269259,0.14938007411578128,0.09948224654298587
17,0.3698257835951689,27.351078783906768,12,0.10946507935962453,0.14938923261671616,0.09974948745727177
17,0.3698257835951689,27.351078783906768,13,0.10936434041136336,0.1493967003763664,0.09987540193013532
17,0.3698257835951689,27.351078783906768,14,0.10932547834700826,0.14939520752351235,0.09993456334758943
17,0.3698257835951689,27.351078783906768,15,0.10931314457503803,0.1493925024101612,0.09996120998592951
17,0.3698257835951689,27.351078783906768,16,0.10930842605792082,0.1493918577129478,0.0999736628538927
17,0.3698257835951689,27.351078783906768,17,0.10930580755527351,0.1493910936439497,0.09998074747568858
17,0.3698257835951689,27.351078783906768,18,0.10929512014608922,0.14938872792011387,0.09998493020381863
17,0.3698257835951689,27.351078783906768,19,0.10928215685489774,0.14938940655637364,0.09998477798785375
17,0.3698257835951689,27.351078783906768,20,0.10926948447434796,0.14938767754615595,0.09998557048698893
17,0.3698257835951689,27.351078783906768,21,0.1092634915586087,0.14938715839030736,0.09998626230376259
17,0.3698257835951689,27.351078783906768,22,0.10925672184942642,0.14938534925788213,0.09998763084969542
17,0.3698257835951689,27.351078783906768,23,0.10925336454252907,0.14938413467989975,0.0999884898840127
17,0.3698257835951689,27.351078783906768,24,0.10924966370895077,0.14938287496281696,0.09998825357610328
17,0.3698257835951689,27.351078783906768,25,0.10924756524458804,0.14938183458455592,0.09998812390559125
17,0.3698257835951689,27.351078783906768,26,0.10924694526039756,0.1493813047395628,0.09998774238056249
17,0.3698257835951689,27.351078783906768,27,0.10924450922134174,0.14937983992364343,0.09998711875891435
17,0.3698257835951689,27.351078783906768,28,0.10924356505283946,0.14937920330605178,0.09998677727799239
17,0.3698257835951689,27.351078783906768,29,0.10924259274796597,0.149378810450398,0.09998650401486116
17,0.3698257835951689,27.351078783906768,30,0.10924460444312267,0.14937790614842775,0.09998675899703116
18,0.3698257835951689,27.30070705767681,1,-0.31885039345834953,0.11985828755123953,0.47629216293992627
18,0.3698257835951689,27.30070705767681,2,-0.3234155630833069,0.1563476713382864,0.3370178442762102
18,0.3698257835951689,27.30070705767681,3,-0.27713171878339227,0.1733550428310875,0.20445542484003143
18,0.3698257835951689,27.30070705767681,4,-0.1981538621992189,0.15582130950114334,0.12539093422192418
18,0.3698257835951689,27.30070705767681,5,-0.11287667962832071,0.14128375033952414,0.12219372876191974
18,0.3698257835951689,27.30070705767681,6,-0.03379102994462725,0.12706360427546856,0.1282641888361061
18,0.3698257835951689,27.30070705767681,7,0.044922468984302445,0.11291037348759467,0.12027298756698884
18,0.3698257835951689,27.30070705767681,8,0.08424285374739626,0.1288760560309408,0.10158154253470784
18,0.3698257835951689,27.30070705767681,9,0.10376571772885018,0.15041782406219284,0.09948527300506797
18,0.3698257835951689,27.30070705767681,10,0.10934745938806094,0.14940989209358047,0.09931569781052964
18,0.3698257835951689,27.30070705767681,11,0.1092725877000101,0.14939947195103156,0.09966988924334151
18,0.3698257835951689,27.30070705767681,12,0.10923678531210117,0.1493994592625997,0.09983636922464224
18,0.3698257835951689,27.30070705767681,13,0.10922076568993205,0.14939960260399046,0.09991495602429251
18,0.3698257835951689,27.30070705767681,14,0.10921358267991653,0.14940139580914644,0.099952465998259
18,0.3698257835951689,27.30070705767681,15,0.10921006926885908,0.1494016595938783,0.09997011034217795
18,0.3698257835951689,27.30070705767681,16,0.10920810727466021,0.14940120619724664,0.09997801208733302
18,0.3698257835951689,27.30070705767681,17,0.10920708535830663,0.14940015889996866,0.09998187724698483
18,0.3698257835951689,27.30070705767681,18,0.10920664881674154,0.14939905090738628,0.09998417283489344
18,0.3698257835951689,27.30070705767681,19,0.10920581446086078,0.14939726566049077,0.09998455946527816
18,0.3698257835951689,27.30070705767681,20,0.10920437475896963,0.1493931933225141,0.09998351630794895
18,0.3698257835951689,27.30070705767681,21,0.10920598160766484,0.1493921102586674,0.09998295869310461
18,0.3698257835951689,27.30070705767681,22,0.10920716285318995,0.1493918200119726,0.09998328591035589
18,0.3698257835951689,27.30070705767681,23,0.10920745811095985,0.1493922273213895,0.09998231589441951
18,0.3698257835951689,27.30070705767681,24,0.10920797702471435,0.1493921072519303,0.09998107403674544
18,0.3698257835951689,27.30070705767681,25,0.10920860341883692,0.14939164986431713,0.09998021092896996
18,0.3698257835951689,27.30070705767681,26,0.1092085025929221,0.14939058083005866,0.09997931217380937
18,0.3698257835951689,27.30070705767681,27,0.10920739008131895,0.14938904773652506,0.09997838755447168
18,0.3698257835951689,27.30070705767681,28,0.10920659913674298,0.1493880793817192,0.09997819819347685
18,0.3698257835951689,27.30070705767681,29,0.10920595803418719,0.14938744269044626,0.09997821021277777
18,0.3698257835951689,27.30070705767681,30,0.10920591100152438,0.1493872902964605,0.09997812235541706
19,0.3698257835951689,27.380062926657292,1,-0.31885039345834953,0.11985828755123953,0.47629216293992627
19,0.3698257835951689,27.380062926657292,2,-0.3234155630833069,0.1563476713382864,0.3370178442762102
19,0.3698257835951689,27.380062926657292,3,-0.27713861748979807,0.17336069544226765,0.20445099481899737
19,0.3698257835951689,27.380062926657292,4,-0.19816202306401567,0.15582381360166478,0.12537638965804232
19,0.3698257835951689,27.380062926657292,5,-0.11288885508784746,0.14128326429746235,0.12217297002559736
19,0.3698257835951689,27.380062926657292,6,-0.03381045646706313,0.12706081806850938,0.1282485879729294
19,0.3698257835951689,27.380062926657292,7,0.04489584662593271,0.11290529414360287,0.12026252017844853
19,0.3698257835951689,27.380062926657292,8,0.08410443091601377,0.12899243948477404,0.10153501332003667
19,0.3698257835951689,27.380062926657292,9,0.10358744271078461,0.1505687791626658,0.09951100759057975
19,0.3698257835951689,27.380062926657292,10,0.11012710302502059,0.1494251881677551,0.09900797758218008
19,0.3698257835951689,27.380062926657292,11,0.10969265272351739,0.14941779437998975,0.09952519521928548
19,0.3698257835951689,27.380062926657292,12,0.1094979697069034,0.14942267892469235,0.09976895485907103
19,0.3698257835951689,27.380062926657292,13,0.10941269811223364,0.14942914178199437,0.09988379614172607
19,0.3698257835951689,27.380062926657292,14,0.10937861261291608,0.14942806412434323,0.0999370072648009
19,0.3698257835951689,27.380062926657292,15,0.10935756138694357,0.14942720022434364,0.09996180741060075
19,0.3698257835951689,27.380062926657292,16,0.10935048955813592,0.14942389710217377,0.0999735936710533
19,0.3698257835951689,27.380062926657292,17,0.10934596171525517,0.14942040896502223,0.09997922146570136
19,0.3698257835951689,27.380062926657292,18,0.1093412392822559,0.1494174901486253,0.09998259035993542
19,0.3698257835951689,27.380062926657292,19,0.10933771101442799,0.14941374831200743,0.09998431828128468
19,0.3698257835951689,27.380062926657292,20,0.1093339504276495,0.14941414374335846,0.09998496877079685
19,0.3698257835951689,27.380062926657292,21,0.10932740873399505,0.14942029683916036,0.09998573167843944
19,0.3698257835951689,27.380062926657292,22,0.1093142626381274,0.14942264344411207,0.0999864398038445
19,0.3698257835951689,27.380062926657292,23,0.10930729093647115,0.14942184058494526,0.09998598372910017
19,0.3698257835951689,27.380062926657292,24,0.10930122871525139,0.1494209015886953,0.09998808770071965
19,0.3698257835951689,27.380062926657292,25,0.10929539011507491,0.1494208620041954,0.09999052576646728
19,0.3698257835951689,27.380062926657292,26,0.10929012934362882,0.14942222050313606,0.099990055118762
19,0.3698257835951689,27.380062926657292,27,0.1092879403030764,0.14942306304601694,0.09998969430476409
19,0.3698257835951689,27.380062926657292,28,0.10928546014891002,0.14942292287178854,0.09998966701006526
19,0.3698257835951689,27.380062926657292,29,0.10928363965813738,0.14942335198850465,0.09999011613875372
19,0.3698257835951689,27.380062926657292,30,0.10928249303325775,0.14942279779236362,0.09998978438412666
20,0.36780779960248083,27.264835282035964,1,-0.31885039345834953,0.11985828755123953,0.47629216293992627
20,0.36780779960248083,27.264835282035964,2,-0.32368133639260394,0.15630589393745065,0.33696402604024994
20,0.36780779960248083,27.264835282035964,3,-0.27771333599101844,0.17324453280639238,0.2043419984044487
20,0.36780779960248083,27.264835282035964,4,-0.19903653122808967,0.1554294697899088,0.1253910226466213
20,0.36780779960248083,27.264835282035964,5,-0.11390536747182965,0.14040675115109755,0.12227350633027834
20,0.36780779960248083,27.264835282035964,6,-0.034930247457525425,0.12569347003773595,0.1283369519091162
20,0.36780779960248083,27.264835282035964,7,0.043673304182069626,0.11104941313003486,0.12033876912492432
20,0.36780779960248083,27.264835282035964,8,0.08196220790476358,0.1276608712312381,0.10205726104889871
20,0.36780779960248083,27.264835282035964,9,0.10359777352010655,0.14949618076409718,0.09924292742680209
20,0.36780779960248083,27.264835282035964,10,0.11022901974446309,0.1496982780236105,0.09907491235535726
20,0.36780779960248083,27.264835282035964,11,0.10928818388712304,0.14933293377496343,0.09942356416581159
20,0.36780779960248083,27.264835282035964,12,0.10922808249016361,0.1493726416831801,0.09972281641639119
20,0.36780779960248083,27.264835282035964,13,0.10920469794070406,0.14939328206752084,0.09986421853158388
20,0.36780779960248083,27.264835282035964,14,0.10919911093373214,0.14939988868868753,0.09993016306991241
20,0.36780779960248083,27.264835282035964,15,0.10919748851565328,0.1494027867591089,0.09996151990084284
20,0.36780779960248083,27.264835282035964,16,0.10919796563267403,0.14940392589578097,0.09997654132969522
20,0.36780779960248083,27.264835282035964,17,0.10920031565798195,0.14940713066400474,0.09998268983669813
20,0.36780779960248083,27.264835282035964,18,0.10920284420162128,0.14940714688943849,0.09998400070659204
20,0.36780779960248083,27.264835282035964,19,0.10920401104778371,0.1494069955845291,0.0999856979270626
20,0.36780779960248083,27.264835282035964,20,0.10920485614107918,0.14940635620287288,0.09998695250374723
20,0.36780779960248083,27.264835282035964,21,0.10920503759489036,0.14940553840565163,0.09998675522851991
20,0.36780779960248083,27.264835282035964,22,0.10920562468421433,0.14940538106423742,0.09998770019491188
20,0.36780779960248083,27.264835282035964,23,0.10920670907013548,0.1494045740841051,0.09998966340420802
20,0.36780779960248083,27.264835282035964,24,0.10920763409399732,0.14940339918897105,0.09999036985330956
20,0.36780779960248083,27.264835282035964,25,0.10920897544061234,0.14940238400334058,0.09999020349698633
20,0.36780779960248083,27.264835282035964,26,0.10921053243298821,0.14940137927426436,0.09999020472293987
20,0.36780779960248083,27.264835282035964,27,0.10921239364785856,0.14939983993204517,0.09999014373087288
20,0.36780779960248083,27.264835282035964,28,0.1092138449868083,0.14939818312647177,0.09998995589794274
20,0.36780779960248083,27.264835282035964,29,0.10921632933680797,0.1493972986574357,0.09999006130990974
20,0.36780779960248083,27.264835282035964,30,0.10921773182565157,0.14939648462096375,0.09998986424952534
