particle,elasticity,weight,frame,x,y,z
1,0.8248394490899034,-24.595181854944695,1,-0.1974310493274026,-0.3008874358178133,0.29064186085141497
1,0.8248394490899034,-24.595181854944695,2,-0.15344589202910336,-0.22219518374778965,0.0919252717698403
1,0.8248394490899034,-24.595181854944695,3,-0.09039836730929829,-0.160570137495876,0.21267120369613027
1,0.8248394490899034,-24.595181854944695,4,-0.02780728646680919,-0.09939123683296058,0.31852465712053024
1,0.8248394490899034,-24.595181854944695,5,0.034360095410018686,-0.03862647563819719,0.4096403580302893
1,0.8248394490899034,-24.595181854944695,6,0.09613392392257342,0.02175361154464087,0.4861553816381544
1,0.8248394490899034,-24.595181854944695,7,0.15754143465742396,0.08177564581272545,0.5481903959651918
1,0.8248394490899034,-24.595181854944695,8,0.21860651858596783,0.1414629791092758,0.5958511132515766
1,0.8248394490899034,-24.595181854944695,9,0.2793491654976603,0.20083515021404938,0.629230093713397
1,0.8248394490899034,-24.595181854944695,10,0.3343182377541205,0.2600835744938601,0.6497642896503757
1,0.8248394490899034,-24.595181854944695,11,0.34539619628617535,0.3204746569098087,0.6669901344808813
1,0.8248394490899034,-24.595181854944695,12,0.33912016267846645,0.3798199679140158,0.671608561434966
1,0.8248394490899034,-24.595181854944695,13,0.31584596940232124,0.37888315188257116,0.6597914003347367
1,0.8248394490899034,-24.595181854944695,14,0.29564485750382136,0.3635879131365437,0.6351254156822188
1,0.8248394490899034,-24.595181854944695,15,0.27550635267221024,0.3483400772285416,0.5964937412561159
1,0.8248394490899034,-24.595181854944695,16,0.25543942732661606,0.33314643761099344,0.54396021946444
1,0.8248394490899034,-24.595181854944695,17,0.23545372514428245,0.3180142959783097,0.47760331932592753
1,0.8248394490899034,-24.595181854944695,18,0.2155591187120337,0.30295112734341434,0.3975160846061899
1,0.8248394490899034,-24.595181854944695,19,0.20717096528105236,0.28761424974260624,0.3739239114547413
1,0.8248394490899034,-24.595181854944695,20,0.20450793118721822,0.27214361283960653,0.37140318320636057
1,0.8248394490899034,-24.595181854944695,21,0.201850873004579,0.25670769240999863,0.35484022159933065
1,0.8248394490899034,-24.595181854944695,22,0.19921227677141398,0.24128989133815337,0.3243772004030647
1,0.8248394490899034,-24.595181854944695,23,0.19785547544533472,0.22929794762903263,0.3047481590369892
1,0.8248394490899034,-24.595181854944695,24,0.18848863920988085,0.22540504896953895,0.31962797033140894
1,0.8248394490899034,-24.595181854944695,25,0.17885517549174348,0.2200235436870957,0.3291034219855791
1,0.8248394490899034,-24.595181854944695,26,0.16938304976348986,0.2139552996859489,0.3275728603852228
1,0.8248394490899034,-24.595181854944695,27,0.16020826989534107,0.2068306532564388,0.31769094904388423
1,0.8248394490899034,-24.595181854944695,28,0.15277602098859502,0.19774562179665292,0.30318536355223996
1,0.8248394490899034,-24.595181854944695,29,0.14623308587918935,0.18671235832083424,0.27925789939366147
1,0.8248394490899034,-24.595181854944695,30,0.14028427293194745,0.17501274794097674,0.24420668663531
2,0.7272816128234302,-0.6815457549123356,1,-0.19633631743914015,-0.30950697141634126,0.2887563777260257
2,0.7272816128234302,-0.6815457549123356,2,-0.15258794920518096,-0.24496855848969698,0.09407308509858393
2,0.7272816128234302,-0.6815457549123356,3,-0.1168653053508106,-0.19943680090094154,0.15643363843387817
2,0.7272816128234302,-0.6815457549123356,4,-0.08184764986586425,-0.15480856186261094,0.2079408128487619
2,0.7272816128234302,-0.6815457549123356,5,-0.0469838575091774,-0.1103764136353885,0.24518581862446628
2,0.7272816128234302,-0.6815457549123356,6,-0.012262051905778901,-0.06612522037726025,0.2682414675948931
2,0.7272816128234302,-0.6815457549123356,7,0.02232615462679855,-0.022044292409178726,0.27716958140501347
2,0.7272816128234302,-0.6815457549123356,8,0.056784816503431076,0.02187153741650621,0.27202510046070616
2,0.7272816128234302,-0.6815457549123356,9,0.09111323654732374,0.06562138058306706,0.2528614407449637
2,0.7272816128234302,-0.6815457549123356,10,0.12530628846186362,0.10919870388354135,0.2197360271958384
2,0.7272816128234302,-0.6815457549123356,11,0.13454382578406995,0.12575836331841578,0.18476653496389056
2,0.7272816128234302,-0.6815457549123356,12,0.129517825128295,0.1269917512910404,0.1504879181372016
2,0.7272816128234302,-0.6815457549123356,13,0.13270271416601,0.12266063557733237,0.15154251436689603
2,0.7272816128234302,-0.6815457549123356,14,0.14091418154599666,0.11698851711089682,0.15939293411187042
2,0.7272816128234302,-0.6815457549123356,15,0.149109575731456,0.11132750129631071,0.15317756479555786
2,0.7272816128234302,-0.6815457549123356,16,0.15754830147330762,0.10461568373841158,0.13734574752639273
2,0.7272816128234302,-0.6815457549123356,17,0.16270846988590038,0.09562985567905881,0.11440734751287651
2,0.7272816128234302,-0.6815457549123356,18,0.16729974162415986,0.08971233704794955,0.10443429935312698
2,0.7272816128234302,-0.6815457549123356,19,0.17051837553598947,0.08656157470158829,0.10444262554469579
2,0.7272816128234302,-0.6815457549123356,20,0.17029528856683415,0.08155476844310082,0.10065578703372706
2,0.7272816128234302,-0.6815457549123356,21,0.16813983969593316,0.07766622202716264,0.09971185969550331
2,0.7272816128234302,-0.6815457549123356,22,0.1669100150069975,0.07443682292028395,0.09959553682454679
2,0.7272816128234302,-0.6815457549123356,23,0.1665866288106963,0.07391605214414397,0.09980383119787892
2,0.7272816128234302,-0.6815457549123356,24,0.1665324145062315,0.07399903729229944,0.09990216920087515
2,0.7272816128234302,-0.6815457549123356,25,0.1665069079931821,0.07403813518200418,0.0999485535953154
2,0.7272816128234302,-0.6815457549123356,26,0.16649489367930623,0.07405655145342256,0.09997044497217064
2,0.7272816128234302,-0.6815457549123356,27,0.1664892318498419,0.07406522930135617,0.09998077921584193
2,0.7272816128234302,-0.6815457549123356,28,0.16648656412957458,0.07406931856960641,0.09998565812525817
2,0.7272816128234302,-0.6815457549123356,29,0.16648530724739263,0.0740712454587792,0.09998796160963572
2,0.7272816128234302,-0.6815457549123356,30,0.1664847150952657,0.07407215340674315,0.09998904917802233
3,0.8165782260994954,6.438102207805643,1,-0.19733770114834326,-0.3016179040538521,0.2904823187475214
3,0.8165782260994954,6.438102207805643,2,-0.15304026298527815,-0.2236232782709681,0.09135124516947714
3,0.8165782260994954,6.438102207805643,3,-0.08942837191257104,-0.162698553111384,0.2107684885615426
3,0.8165782260994954,6.438102207805643,4,-0.026274246835823377,-0.10221225647547572,0.31530779417659727
3,0.8165782260994954,6.438102207805643,5,0.03645495096621187,-0.042132936852639975,0.40512226918458133
3,0.8165782260994954,6.438102207805643,6,0.09878941304514643,0.017568321922844247,0.48034747445927306
3,0.8165782260994954,6.438102207805643,7,0.1607563594330241,0.07691759002344217,0.5411026813893905
3,0.8165782260994954,6.438102207805643,8,0.22237958830121715,0.1359376603110811,0.5874923479787487
3,0.8165782260994954,6.438102207805643,9,0.28367890413141866,0.19464750066399486,0.6196079615030323
3,0.8165782260994954,6.438102207805643,10,0.3336213711901717,0.2534991358859755,0.6402579190925701
3,0.8165782260994954,6.438102207805643,11,0.34475028997729723,0.31361940193395543,0.6563075387862992
3,0.8165782260994954,6.438102207805643,12,0.33977723804378324,0.37001828175762197,0.6587360360719858
3,0.8165782260994954,6.438102207805643,13,0.3138705364564293,0.3797716844386529,0.6497149322647938
3,0.8165782260994954,6.438102207805643,14,0.2924807566263461,0.36596109924778414,0.6295221946247318
3,0.8165782260994954,6.438102207805643,15,0.27122375140395294,0.35119493291577536,0.5955859823291242
3,0.8165782260994954,6.438102207805643,16,0.2500391915891559,0.3364790907440781,0.5477253138452876
3,0.8165782260994954,6.438102207805643,17,0.22893701883802084,0.32182047869830455,0.48601375000335206
3,0.8165782260994954,6.438102207805643,18,0.20792755259173804,0.30722626517228413,0.41053946426405075
3,0.8165782260994954,6.438102207805643,19,0.18889869943195692,0.2925297985540411,0.32475910431981303
3,0.8165782260994954,6.438102207805643,20,0.17464555450136204,0.2813966884488168,0.2627364599125902
3,0.8165782260994954,6.438102207805643,21,0.13988460760561197,0.28005480065901933,0.20811209521709154
3,0.8165782260994954,6.438102207805643,22,0.10412533781074307,0.27830422313535275,0.1445681536222819
3,0.8165782260994954,6.438102207805643,23,0.06254269504801317,0.28107600975031294,0.14003233230445122
3,0.8165782260994954,6.438102207805643,24,0.036523305604276954,0.28626104364999694,0.1336094586507956
3,0.8165782260994954,6.438102207805643,25,0.029769088746205385,0.29295396328260037,0.1171950598830942
3,0.8165782260994954,6.438102207805643,26,0.021018569364380645,0.2997162801497943,0.10154135186228298
3,0.8165782260994954,6.438102207805643,27,0.015323739520011226,0.3079490072793575,0.10580249360507489
3,0.8165782260994954,6.438102207805643,28,0.017326506514712542,0.31449291081579256,0.10666187125551857
3,0.8165782260994954,6.438102207805643,29,0.019193335522325463,0.31918905932693054,0.10061894581396345
3,0.8165782260994954,6.438102207805643,30,0.02211196040589209,0.32026351109453716,0.10074713847848318
4,0.7272816128234302,5.594870789008802,1,-0.19633631743914015,-0.30950697141634126,0.2887563777260257
4,0.7272816128234302,5.594870789008802,2,-0.15258813866330181,-0.2449685956849498,0.0940730747684333
4,0.7272816128234302,5.594870789008802,3,-0.11686586224017502,-0.19943692037400768,0.1564337122326474
4,0.7272816128234302,5.594870789008802,4,-0.08184856804173932,-0.15480875938013183,0.2079409492137553
4,0.7272816128234302,5.594870789008802,5,-0.0469851351287169,-0.11037668852895058,0.24518601760775155
4,0.7272816128234302,5.594870789008802,6,-0.012263687203474694,-0.06612557194732144,0.26824172920632516
4,0.7272816128234302,5.594870789008802,7,0.022324163373226735,-0.022044719919693697,0.2771699055682361
4,0.7272816128234302,5.594870789008802,8,0.056782471005086516,0.02187103473161327,0.27202548696903456
4,0.7272816128234302,5.594870789008802,9,0.091110538531269,0.06562080350259814,0.2528618892343179
4,0.7272816128234302,5.594870789008802,10,0.12485198052666419,0.1081468793346336,0.22072477196466742
4,0.7272816128234302,5.594870789008802,11,0.1411585861544612,0.1335218939871154,0.18740289841634605
4,0.7272816128234302,5.594870789008802,12,0.1431049335577503,0.14105480807184356,0.15495345201030541
4,0.7272816128234302,5.594870789008802,13,0.14998718445561166,0.1362027400600846,0.14645177154425518
4,0.7272816128234302,5.594870789008802,14,0.162582714669544,0.12909985503100307,0.1484658924936049
4,0.7272816128234302,5.594870789008802,15,0.16074004559755337,0.12166867002303576,0.13927349010940027
4,0.7272816128234302,5.594870789008802,16,0.15517649782639736,0.11382019492227735,0.11891847341416617
4,0.7272816128234302,5.594870789008802,17,0.15179789846561442,0.10339436103148504,0.09858979824776504
4,0.7272816128234302,5.594870789008802,18,0.15238539720356475,0.09981518889266722,0.10263772577721203
4,0.7272816128234302,5.594870789008802,19,0.15355315034328657,0.09758302882635424,0.09962605685573811
4,0.7272816128234302,5.594870789008802,20,0.15271985344161312,0.09609807309931308,0.09998957451175006
4,0.7272816128234302,5.594870789008802,21,0.15280383825518082,0.09624562936828132,0.099989693711065
4,0.7272816128234302,5.594870789008802,22,0.1528468643102559,0.09632907736884366,0.09998963458835615
4,0.7272816128234302,5.594870789008802,23,0.15284664663534683,0.09632982223532267,0.09998885704903132
4,0.7272816128234302,5.594870789008802,24,0.15284653373749787,0.09633017928049424,0.09998849720226351
4,0.7272816128234302,5.594870789008802,25,0.1528464779812892,0.09633035510964931,0.09998832771454735
4,0.7272816128234302,5.594870789008802,26,0.15284644913917195,0.09633044558686196,0.09998824788598934
4,0.7272816128234302,5.594870789008802,27,0.15284643297361347,0.09633049586350012,0.09998821028682421
4,0.7272816128234302,5.594870789008802,28,0.15284646680585084,0.0963303550100323,0.09998823634401718
4,0.7272816128234302,5.594870789008802,29,0.1528464724523804,0.09633031110562393,0.09998828859369774
4,0.7272816128234302,5.594870789008802,30,0.15284645037265682,0.09633036760209539,0.09998836882787397
5,0.804354144725109,18.581003454835113,1,-0.19719981891233915,-0.3026982781793736,0.29024627294264227
5,0.804354144725109,18.581003454835113,2,-0.15244902177353417,-0.22573721888432385,0.09050744706713446
5,0.804354144725109,18.581003454835113,3,-0.08802677490140846,-0.16584396865761056,0.2079617923779256
5,0.804354144725109,18.581003454835113,4,-0.024064011437498443,-0.10637789935176625,0.3105594342018164
5,0.804354144725109,18.581003454835113,5,0.03947222323081805,-0.04730837312108185,0.3984511017751487
5,0.804354144725109,18.581003454835113,6,0.10261216428811053,0.011392719632648204,0.4717701340498019
5,0.804354144725109,18.581003454835113,7,0.1653829824585564,0.0697506394841634,0.5306337577063764
5,0.804354144725109,18.581003454835113,8,0.22780831016726139,0.1277873574577456,0.5751446019451324
5,0.804354144725109,18.581003454835113,9,0.2899076476614505,0.18552100289912926,0.6053926011198397
5,0.804354144725109,18.581003454835113,10,0.33550842114603063,0.24358146141846462,0.6254581540666994
5,0.804354144725109,18.581003454835113,11,0.34738666254739403,0.3027993254870984,0.6396302398010755
5,0.804354144725109,18.581003454835113,12,0.33176397485909753,0.3588715765290838,0.6406853805289593
5,0.804354144725109,18.581003454835113,13,0.3017527719708753,0.3783347594469955,0.6265169427995446
5,0.804354144725109,18.581003454835113,14,0.27897280755844905,0.3639008292047449,0.6017981453873501
5,0.804354144725109,18.581003454835113,15,0.2562644392292262,0.34951226395305635,0.5631151516957916
5,0.804354144725109,18.581003454835113,16,0.23363756611996728,0.33517533602172267,0.5105320217644848
5,0.804354144725109,18.581003454835113,17,0.21110290943887539,0.3208968386246627,0.4441273442740049
5,0.804354144725109,18.581003454835113,18,0.18867149236004646,0.3066837563086064,0.36399423584149937
5,0.804354144725109,18.581003454835113,19,0.16635438367002245,0.2925431025214207,0.2702400572070334
5,0.804354144725109,18.581003454835113,20,0.14416255438605227,0.27848182876200983,0.16298600166454716
5,0.804354144725109,18.581003454835113,21,0.11588198504829046,0.3018985786236206,0.19389403518506432
5,0.804354144725109,18.581003454835113,22,0.08769394870331028,0.325238709732616,0.21065817228132197
5,0.804354144725109,18.581003454835113,23,0.05959139574125938,0.3485080592752478,0.21332757360165724
5,0.804354144725109,18.581003454835113,24,0.03373282769103229,0.36285683704685157,0.20242038591396955
5,0.804354144725109,18.581003454835113,25,0.016421329144938854,0.3662360819077702,0.18104500739770998
5,0.804354144725109,18.581003454835113,26,0.02352508570148637,0.3719047428560178,0.15354511416194527
5,0.804354144725109,18.581003454835113,27,0.03071897511017273,0.37694322569693256,0.11224935119649479
5,0.804354144725109,18.581003454835113,28,0.03661446993610427,0.3799932295122407,0.10529864130579474
5,0.804354144725109,18.581003454835113,29,0.044151598057377894,0.3824079670196799,0.11024949259380142
5,0.804354144725109,18.581003454835113,30,0.05015333431105654,0.38444907947614143,0.10760310177880812
6,0.7272816128234302,31.59541763042916,1,-0.19633631743914015,-0.30950697141634126,0.2887563777260257
6,0.7272816128234302,31.59541763042916,2,-0.15258805003738035,-0.24496855909621568,0.09407308685194993
6,0.7272816128234302,31.59541763042916,3,-0.11686561535061914,-0.19943680289333032,0.15643368159127402
6,0.7272816128234302,31.59541763042916,4,-0.08184816475975051,-0.15480856245721605,0.20794088118793547
6,0.7272816128234302,31.59541763042916,5,-0.04698457628220555,-0.11037641269222587,0.24518591218161367
6,0.7272816128234302,31.59541763042916,6,-0.012262973593086476,-0.06612521773112517,0.26824158638551093
6,0.7272816128234302,31.59541763042916,7,0.022325030959429896,-0.02204428787103892,0.2771697254050721
6,0.7272816128234302,31.59541763042916,8,0.05678349177923083,0.021871544052074057,0.27202526958801654
6,0.7272816128234302,31.59541763042916,9,0.091111711696675,0.0656213895253765,0.25286163484819923
6,0.7272816128234302,31.59541763042916,10,0.1253045644386825,0.10919871533346608,0.21973624605508915
6,0.7272816128234302,31.59541763042916,11,0.1348605085392824,0.12191212131190751,0.18088693099089256
6,0.7272816128234302,31.59541763042916,12,0.1320785867759733,0.12078082645937376,0.13349698694601253
6,0.7272816128234302,31.59541763042916,13,0.14534165456101764,0.12567974264453322,0.1522196065502364
6,0.7272816128234302,31.59541763042916,14,0.15888209794442504,0.129923303641086,0.1584817212624362
6,0.7272816128234302,31.59541763042916,15,0.16588207700968588,0.1338584604809567,0.16015742087648724
6,0.7272816128234302,31.59541763042916,16,0.1602823273030984,0.1373432671489527,0.15101822767871287
6,0.7272816128234302,31.59541763042916,17,0.15408754823698442,0.14250758000737004,0.13504834369026528
6,0.7272816128234302,31.59541763042916,18,0.1473753819179156,0.14875105850846854,0.10992743240792778
6,0.7272816128234302,31.59541763042916,19,0.14118376966218765,0.1565395943822331,0.10570306860677153
6,0.7272816128234302,31.59541763042916,20,0.1336649425806666,0.16190954229094062,0.10681289067667879
6,0.7272816128234302,31.59541763042916,21,0.12768025508180292,0.16727687562798038,0.10040242786356483
6,0.7272816128234302,31.59541763042916,22,0.12396005817343976,0.1689426799308278,0.10005867635814844
6,0.7272816128234302,31.59541763042916,23,0.12306292774269804,0.1693091893430665,0.09994743982462985
6,0.7272816128234302,31.59541763042916,24,0.1230611604317528,0.169287145306104,0.0999697645184811
6,0.7272816128234302,31.59541763042916,25,0.12306037992234034,0.16927668154749256,0.09998027128666837
6,0.7272816128234302,31.59541763042916,26,0.12306001069440484,0.1692717543390844,0.09998522032347547
6,0.7272816128234302,31.59541763042916,27,0.1230598354693906,0.16926943477014103,0.09998755158182984
6,0.7272816128234302,31.59541763042916,28,0.12305975164125758,0.16926834353714737,0.0999886497497674
6,0.7272816128234302,31.59541763042916,29,0.12305971086506667,0.16926783093164496,0.09998916706014664
6,0.7272816128234302,31.59541763042916,30,0.12305969036849021,0.16926759089975218,0.09998941074893389
7,0.7272816128234302,-13.711909400004787,1,-0.19633631743914015,-0.30950697141634126,0.2887563777260257
7,0.7272816128234302,-13.711909400004787,2,-0.15258794949444643,-0.2449685320067938,0.09407311457141665
7,0.7272816128234302,-13.711909400004787,3,-0.1168653306786354,-0.19943667694934636,0.15643363771276014
7,0.7272816128234302,-13.711909400004787,4,-0.08184769734198218,-0.15480833829715376,0.20794076687899787
7,0.7272816128234302,-13.711909400004787,5,-0.046983927067620196,-0.11037609093371221,0.24518572756541215
7,0.7272816128234302,-13.711909400004787,6,-0.012262143504905234,-0.06612479900465355,0.2682413315884789
7,0.7272816128234302,-13.711909400004787,7,0.022326041004955693,-0.022043772830480764,0.2771694005931084
7,0.7272816128234302,-13.711909400004787,8,0.056784680857233746,0.021872154726272346,0.2720248750056882
7,0.7272816128234302,-13.711909400004787,9,0.09111307886336599,0.0656220951313353,0.25286117084820786
7,0.7272816128234302,-13.711909400004787,10,0.12530610872422193,0.10919951515582223,0.2197357131089843
7,0.7272816128234302,-13.711909400004787,11,0.1370679379370793,0.124219512483399,0.18399979954554266
7,0.7272816128234302,-13.711909400004787,12,0.13567342524020468,0.11795067454791902,0.15235989628781596
7,0.7272816128234302,-13.711909400004787,13,0.13613226022551503,0.10858066366911566,0.15835627025952487
7,0.7272816128234302,-13.711909400004787,14,0.13814026362359833,0.0984542024739908,0.1609065043201594
7,0.7272816128234302,-13.711909400004787,15,0.14014428044762928,0.08834784577046254,0.14940193956990278
7,0.7272816128234302,-13.711909400004787,16,0.14267522245344674,0.07813052667453135,0.126070424148811
7,0.7272816128234302,-13.711909400004787,17,0.14695749624313997,0.0649925376078487,0.10636270027453343
7,0.7272816128234302,-13.711909400004787,18,0.15284793255175896,0.05772405123008525,0.10580094807849094
7,0.7272816128234302,-13.711909400004787,19,0.15931844296388514,0.05324537416544185,0.10522961228976142
7,0.7272816128234302,-13.711909400004787,20,0.16562395242036307,0.04999074021937843,0.09976918065613068
7,0.7272816128234302,-13.711909400004787,21,0.16938984351042333,0.04840578579446001,0.09984672590461054
7,0.7272816128234302,-13.711909400004787,22,0.17261107209241527,0.04844015122921777,0.09990831508769729
7,0.7272816128234302,-13.711909400004787,23,0.17301196357829282,0.0484097220207464,0.09985212135014211
7,0.7272816128234302,-13.711909400004787,24,0.1729793991660847,0.04847982699043759,0.09992491896119568
7,0.7272816128234302,-13.711909400004787,25,0.172962782027863,0.04851088874438417,0.09995927596765007
7,0.7272816128234302,-13.711909400004787,26,0.1729545226447203,0.048525686004739936,0.09997549301593049
7,0.7272816128234302,-13.711909400004787,27,0.1729511074911715,0.04853252833344582,0.09998315015208556
7,0.7272816128234302,-13.711909400004787,28,0.17295040400856088,0.04853546055672939,0.09998676753482252
7,0.7272816128234302,-13.711909400004787,29,0.17294939484221675,0.048536890758855374,0.09998824059863212
7,0.7272816128234302,-13.711909400004787,30,0.17295038385722425,0.04853716210372593,0.09998899975973254
8,0.66253311139608,39.65275153890293,1,-0.19561880834049167,-0.31522278983478075,0.28750254349251775
8,0.66253311139608,39.65275153890293,2,-0.14759011727122673,-0.255271955806878,0.09152351760126436
8,0.66253311139608,39.65275153890293,3,-0.10914077534181578,-0.21279606192873476,0.14759699043585622
8,0.66253311139608,39.65275153890293,4,-0.07144200701421781,-0.17118770522827192,0.19291609135002022
8,0.66253311139608,39.65275153890293,5,-0.03390267941573876,-0.1297553242167789,0.22400671138830736
8,0.66253311139608,39.65275153890293,6,0.0034885632261642493,-0.08848638545999421,0.24093631261180057
8,0.66253311139608,39.65275153890293,7,0.04073887703844778,-0.04737299069767715,0.2437629168109242
8,0.66253311139608,39.65275153890293,8,0.07785042838790987,-0.006412748897800044,0.2325398498931061
8,0.66253311139608,39.65275153890293,9,0.11482026835649539,0.03439108520109361,0.20732138889334842
8,0.66253311139608,39.65275153890293,10,0.1516410169440323,0.07503036624855255,0.16816796935299394
8,0.66253311139608,39.65275153890293,11,0.14975100636938163,0.1041455410173514,0.15464955961404284
8,0.66253311139608,39.65275153890293,12,0.14187092940355464,0.12940877321293212,0.14018227095175123
8,0.66253311139608,39.65275153890293,13,0.1353849865636976,0.14739145791737057,0.14216071844431494
8,0.66253311139608,39.65275153890293,14,0.12633411420976376,0.16241470006988334,0.13442157508389502
8,0.66253311139608,39.65275153890293,15,0.1166032469591827,0.174223629467656,0.12506449208363468
8,0.66253311139608,39.65275153890293,16,0.10652717127532901,0.1843142810154847,0.1087787920471257
8,0.66253311139608,39.65275153890293,17,0.09547481494153177,0.19295432047812183,0.10444851592137645
8,0.66253311139608,39.65275153890293,18,0.0847306046582781,0.2007396593199182,0.10814448327462786
8,0.66253311139608,39.65275153890293,19,0.0753188827859303,0.20729798394417004,0.10537782485724999
8,0.66253311139608,39.65275153890293,20,0.06783938508883365,0.21261865954532264,0.09958093601909766
8,0.66253311139608,39.65275153890293,21,0.06394300392117698,0.21633361929888587,0.09926822499910758
8,0.66253311139608,39.65275153890293,22,0.06264688540946735,0.21844383896401137,0.09887007702224335
8,0.66253311139608,39.65275153890293,23,0.06221269431880801,0.21865779489061146,0.09946131923751662
8,0.66253311139608,39.65275153890293,24,0.062314844494660175,0.2187081982121848,0.09974044043213356
8,0.66253311139608,39.65275153890293,25,0.0623630748078035,0.21873203129089785,0.09987218168869469
8,0.66253311139608,39.65275153890293,26,0.06238584305758644,0.21874328328927012,0.09993437387977576
8,0.66253311139608,39.65275153890293,27,0.06239658992660244,0.2187485937650921,0.09996373619453554
8,0.66253311139608,39.65275153890293,28,0.0624016638662189,0.21875110150335603,0.09997759940235616
8,0.66253311139608,39.65275153890293,29,0.062404059697554554,0.21875228561279392,0.09998414495238903
8,0.66253311139608,39.65275153890293,30,0.062405190940993914,0.21875284471314974,0.09998723548123137
9,0.7378019844617858,61.17760036500664,1,-0.19645358597817167,-0.3085779003255828,0.28895991383596176
9,0.7378019844617858,61.17760036500664,2,-0.1531954945168104,-0.24321945778850726,0.09474480620362619
9,0.7378019844617858,61.17760036500664,3,-0.11818351236293918,-0.19691432317829338,0.15789457066906376
9,0.7378019844617858,61.17760036500664,4,-0.08385401586421058,-0.15150392745109229,0.21009358745873416
9,0.7378019844617858,61.17760036500664,5,-0.04967615830483476,-0.10629411678763998,0.24802631965101887
9,0.7378019844617858,61.17760036500664,6,-0.01563817687818691,-0.06126933157424644,0.2717662520614815
9,0.7378019844617858,61.17760036500664,7,0.01826831817336759,-0.01641847400135719,0.2813757373382858
9,0.7378019844617858,61.17760036500664,8,0.05204751341597104,0.028263993839958843,0.27691002998543646
9,0.7378019844617858,61.17760036500664,9,0.08569895647167554,0.07277747355287892,0.2584225876529232
9,0.7378019844617858,61.17760036500664,10,0.11921783469338258,0.11711559906066057,0.2259706132010375
9,0.7378019844617858,61.17760036500664,11,0.15259583987066416,0.16126738042282118,0.17961952840337592
9,0.7378019844617858,61.17760036500664,12,0.15740968633661587,0.19699454798861551,0.15244896543232167
9,0.7378019844617858,61.17760036500664,13,0.16501276902123568,0.2322204010573948,0.15059882844560696
9,0.7378019844617858,61.17760036500664,14,0.17010728485277715,0.2656296016978792,0.1503691731964548
9,0.7378019844617858,61.17760036500664,15,0.16569908297996347,0.2950932547487948,0.13585331379816182
9,0.7378019844617858,61.17760036500664,16,0.16231768232063695,0.32469477608718167,0.1118650679116239
9,0.7378019844617858,61.17760036500664,17,0.16197738658070923,0.34933346440932556,0.10666502264431454
9,0.7378019844617858,61.17760036500664,18,0.16189257469318988,0.35220854062034934,0.11079000964632615
9,0.7378019844617858,61.17760036500664,19,0.16191022632827826,0.34630172687931193,0.10634223383113107
9,0.7378019844617858,61.17760036500664,20,0.16140113366486805,0.3407084315519883,0.10118772453184184
9,0.7378019844617858,61.17760036500664,21,0.1604417340384267,0.3386137095832026,0.10005247296953897
9,0.7378019844617858,61.17760036500664,22,0.16043499724449503,0.3385336785652566,0.09998998649999068
9,0.7378019844617858,61.17760036500664,23,0.1604338308720979,0.33853832985900956,0.09998924056335377
9,0.7378019844617858,61.17760036500664,24,0.16043405936332839,0.33853894235588305,0.09998861045241238
9,0.7378019844617858,61.17760036500664,25,0.16043417722226358,0.33853925136443225,0.09998831029975526
9,0.7378019844617858,61.17760036500664,26,0.16043423806987714,0.338539419756756,0.09998816083077644
9,0.7378019844617858,61.17760036500664,27,0.16043427015789538,0.33853951519758074,0.0999880908840211
9,0.7378019844617858,61.17760036500664,28,0.16043428380513966,0.3385395635304345,0.09998807288849161
9,0.7378019844617858,61.17760036500664,29,0.16043438905989096,0.33853985717150836,0.09998799728390054
9,0.7378019844617858,61.17760036500664,30,0.16043436234637312,0.3385397785981442,0.09998787327029512
10,0.7272816128234302,1.9542630112471038,1,-0.19633631743914015,-0.30950697141634126,0.2887563777260257
10,0.7272816128234302,1.9542630112471038,2,-0.1525879060284888,-0.24496852551772022,0.09407311233721621
10,0.7272816128234302,1.9542630112471038,3,-0.11686520228883356,-0.1994366657517736,0.1564336232988773
10,0.7272816128234302,1.9542630112471038,4,-0.0818474857651657,-0.15480832357539573,0.20794074689811623
10,0.7272816128234302,1.9542630112471038,5,-0.04698363272337058,-0.11037607277216108,0.24518570197263476
10,0.7272816128234302,1.9542630112471038,6,-0.012261766791855458,-0.06612477749576459,0.26824130035246563
10,0.7272816128234302,1.9542630112471038,7,0.022326499701597245,-0.022043748074150236,0.27716936370294515
10,0.7272816128234302,1.9542630112471038,8,0.056785221158114615,0.021872182625744387,0.2720248324771289
10,0.7272816128234302,1.9542630112471038,9,0.09111370038789697,0.06562212607011322,0.2528611227263051
10,0.7272816128234302,1.9542630112471038,10,0.12530681108392056,0.10919954903501507,0.2197356594659504
10,0.7272816128234302,1.9542630112471038,11,0.13526006248107228,0.11874773735530306,0.18488583523378663
10,0.7272816128234302,1.9542630112471038,12,0.13159434783263593,0.11740129638588934,0.14643730701330263
10,0.7272816128234302,1.9542630112471038,13,0.13953361625653793,0.11634022664611095,0.16064626222240072
10,0.7272816128234302,1.9542630112471038,14,0.1492331068854909,0.1150422954141928,0.16776165359894796
10,0.7272816128234302,1.9542630112471038,15,0.15893207759361835,0.11345580701574709,0.16077309484800142
10,0.7272816128234302,1.9542630112471038,16,0.159998242100217,0.10997871352815994,0.1426875449874293
10,0.7272816128234302,1.9542630112471038,17,0.1574425997359867,0.103718700503607,0.13173677209042356
10,0.7272816128234302,1.9542630112471038,18,0.15830118090790296,0.09630090151042228,0.12267266670322154
10,0.7272816128234302,1.9542630112471038,19,0.1595670503460602,0.0882315234208472,0.10274599966827541
10,0.7272816128234302,1.9542630112471038,20,0.15688155196109826,0.0829023385590317,0.10512834973993679
10,0.7272816128234302,1.9542630112471038,21,0.15432956505722611,0.07905313490431708,0.1019681506767886
10,0.7272816128234302,1.9542630112471038,22,0.15085759412706312,0.07586454291998103,0.10129318298418429
10,0.7272816128234302,1.9542630112471038,23,0.14776978722081438,0.0741705630020373,0.09907284807281434
10,0.7272816128234302,1.9542630112471038,24,0.14548312787567416,0.07402010024675132,0.09980210531374842
10,0.7272816128234302,1.9542630112471038,25,0.14561377446011137,0.07387104345780209,0.09990174624171776
10,0.7272816128234302,1.9542630112471038,26,0.1457705429064105,0.07378359649492412,0.0999484406075066
10,0.7272816128234302,1.9542630112471038,27,0.14578245795325925,0.07377217659163351,0.09997037895056315
10,0.7272816128234302,1.9542630112471038,28,0.14578804888390495,0.07376684538902362,0.099980737252645
10,0.7272816128234302,1.9542630112471038,29,0.145790687092705,0.07376433187869735,0.09998562781349207
10,0.7272816128234302,1.9542630112471038,30,0.14579193126875442,0.07376314855078156,0.09998793689583618
11,0.6627874985213085,-5.518311290146114,1,-0.1956216129783318,-0.3152003408269466,0.28750747350298694
11,0.6627874985213085,-5.518311290146114,2,-0.14760793829772428,-0.25523019260520474,0.09153858360333976
11,0.6627874985213085,-5.518311290146114,3,-0.10917827502123986,-0.21273786065188258,0.14763520904148636
11,0.6627874985213085,-5.518311290146114,4,-0.07149865838521766,-0.17111292936769368,0.19297542114823107
11,0.6627874985213085,-5.518311290146114,5,-0.033978418702901955,-0.129664062898877,0.22408704494479575
11,0.6627874985213085,-5.518311290146114,6,0.003393799543964171,-0.08837871672642356,0.2410375588889982
11,0.6627874985213085,-5.518311290146114,7,0.04062515577662556,-0.04724898178851275,0.24388499512717796
11,0.6627874985213085,-5.518311290146114,8,0.07771782293451149,-0.006272457624033134,0.23268268191474675
11,0.6627874985213085,-5.518311290146114,9,0.11466886077425595,0.03454760765997507,0.20748489027358047
11,0.6627874985213085,-5.518311290146114,10,0.15147089873107447,0.07520307174997283,0.16835204308543458
11,0.6627874985213085,-5.518311290146114,11,0.1788957766863703,0.11337431100404405,0.15342944701476333
11,0.6627874985213085,-5.518311290146114,12,0.20529464344411755,0.14754571202316683,0.14357301320240645
11,0.6627874985213085,-5.518311290146114,13,0.22924022057488197,0.16680885187543984,0.14203320036110165
11,0.6627874985213085,-5.518311290146114,14,0.25043142808628416,0.17360653336904022,0.13017239980078124
11,0.6627874985213085,-5.518311290146114,15,0.27115158597455485,0.17780540241504197,0.11591158694028099
11,0.6627874985213085,-5.518311290146114,16,0.2883137371285616,0.18023612292239455,0.10077203447181339
11,0.6627874985213085,-5.518311290146114,17,0.292095045256402,0.1742514544475779,0.10381117107974255
11,0.6627874985213085,-5.518311290146114,18,0.29567344458937994,0.16946592985072298,0.10032437501103021
11,0.6627874985213085,-5.518311290146114,19,0.2984816346867009,0.16769471562370336,0.09974004406148822
11,0.6627874985213085,-5.518311290146114,20,0.299077396772123,0.16729070970515297,0.0999023793252269
11,0.6627874985213085,-5.518311290146114,21,0.2990074098601625,0.16738575175280165,0.0999486778822303
11,0.6627874985213085,-5.518311290146114,22,0.2989808589665246,0.16741318974698416,0.0999704895650818
11,0.6627874985213085,-5.518311290146114,23,0.29897739928818184,0.16740164062944934,0.099980772257772
11,0.6627874985213085,-5.518311290146114,24,0.2989755253303371,0.1673967843609704,0.09998564264553077
11,0.6627874985213085,-5.518311290146114,25,0.2989746382872442,0.16739449749619148,0.09998794199565397
11,0.6627874985213085,-5.518311290146114,26,0.2989742184582081,0.16739342063086746,0.09998902756967731
11,0.6627874985213085,-5.518311290146114,27,0.2989739260777685,0.1673933971609038,0.09998942799227685
11,0.6627874985213085,-5.518311290146114,28,0.2989737610134929,0.16739346703426267,0.09998961277439426
11,0.6627874985213085,-5.518311290146114,29,0.2989736821095557,0.16739350316062118,0.09998969973641732
11,0.6627874985213085,-5.518311290146114,30,0.2989736448730035,0.16739352029887722,0.09998974072520958
12,0.7303752787315412,49.69388166418714,1,-0.1963707821266831,-0.30923377514852646,0.2888162358774123
12,0.7303752787315412,49.69388166418714,2,-0.15276319020219217,-0.24445330206172233,0.09427050526806856
12,0.7303752787315412,49.69388166418714,3,-0.11724311856276942,-0.19869393766394358,0.15686499023378114
12,0.7303752787315412,49.69388166418714,4,-0.0824215688492639,-0.15383567505418322,0.20857821424575365
12,0.7303752787315412,49.69388166418714,5,-0.04775326306350128,-0.10917482629907892,0.24602804591447974
12,0.7303752787315412,49.69388166418714,6,-0.01322635505494881,-0.06469613079891916,0.26928749745477765
12,0.7303752787315412,49.69388166418714,7,0.02116754648660468,-0.020388778592625563,0.2784185483860197
12,0.7303752787315412,49.69388166418714,8,0.05543253747474,0.02375250681003699,0.2734762320661787
12,0.7303752787315412,49.69388166418714,9,0.08956799458926387,0.06772692242754842,0.2545139760726829
12,0.7303752787315412,49.69388166418714,10,0.12356888458257914,0.11152798426524592,0.22158913843959313
12,0.7303752787315412,49.69388166418714,11,0.15742665884292423,0.15514467972103377,0.17476743495710453
12,0.7303752787315412,49.69388166418714,12,0.17819693059875694,0.2009369846665861,0.16771719409142888
12,0.7303752787315412,49.69388166418714,13,0.1850884155041265,0.23270821177258225,0.1639030596366788
12,0.7303752787315412,49.69388166418714,14,0.17175329105699524,0.23535598785661735,0.14996506293518644
12,0.7303752787315412,49.69388166418714,15,0.16064753630067766,0.2387917589252252,0.13135949497657218
12,0.7303752787315412,49.69388166418714,16,0.15253726190894418,0.2424087387342852,0.11289257208633403
12,0.7303752787315412,49.69388166418714,17,0.1465714171891515,0.24096775870760612,0.10925816773292436
12,0.7303752787315412,49.69388166418714,18,0.13992441766467156,0.24107235585525244,0.11267721171039588
12,0.7303752787315412,49.69388166418714,19,0.1348877136603918,0.24116959663526535,0.1091582525196815
12,0.7303752787315412,49.69388166418714,20,0.1310017387094489,0.24128196451332448,0.10002275766629956
12,0.7303752787315412,49.69388166418714,21,0.1261480914618107,0.24234597127225355,0.10078612189012437
12,0.7303752787315412,49.69388166418714,22,0.12350903760825052,0.24284410936824002,0.09976436320350111
12,0.7303752787315412,49.69388166418714,23,0.12323708153656045,0.24272084430850982,0.09988375071998896
12,0.7303752787315412,49.69388166418714,24,0.12320342271864765,0.24268168802793544,0.0999399234022209
12,0.7303752787315412,49.69388166418714,25,0.12318767219387954,0.2426633884732377,0.09996641318689845
12,0.7303752787315412,49.69388166418714,26,0.12318031053326545,0.24265483711499364,0.09997890125734796
12,0.7303752787315412,49.69388166418714,27,0.12317686955622449,0.2426508416287179,0.09998478876483552
12,0.7303752787315412,49.69388166418714,28,0.12317563495123653,0.2426499784798931,0.0999867223047377
12,0.7303752787315412,49.69388166418714,29,0.1231756484563615,0.24265003547253391,0.09998677479704345
12,0.7303752787315412,49.69388166418714,30,0.12317566377005526,0.24265005971498055,0.09998680351476279
13,0.7344866858158061,48.94754607922594,1,-0.19641661040581007,-0.308870690522501,0.2888957788922384
13,0.7344866858158061,48.94754607922594,2,-0.15300353647608927,-0.24377039819920177,0.09453331500852943
13,0.7344866858158061,48.94754607922594,3,-0.11776677025968661,-0.19770913055946987,0.1574368361459166
13,0.7344866858158061,48.94754607922594,4,-0.0832196103091648,-0.15254544784080543,0.2094205699631945
13,0.7344866858158061,48.94754607922594,5,-0.04882479740165195,-0.1075809292075083,0.24713930734117898
13,0.7344866858158061,48.94754607922594,6,-0.014570531174374539,-0.06280014798366551,0.2706663223837309
13,0.7344866858158061,48.94754607922594,7,0.01955157957573961,-0.018192134305655264,0.28006380060418173
13,0.7344866858158061,48.94754607922594,8,0.05354568198081969,0.026248533394024467,0.27538689623640844
13,0.7344866858158061,48.94754607922594,9,0.0874112484256471,0.07052116536124156,0.2566890511689839
13,0.7344866858158061,48.94754607922594,10,0.12114336871317775,0.11461934246974356,0.22402753489594998
13,0.7344866858158061,48.94754607922594,11,0.15473362808355198,0.15853206405999726,0.1774678979212939
13,0.7344866858158061,48.94754607922594,12,0.17464743833012325,0.20214555085873873,0.17120940921479896
13,0.7344866858158061,48.94754607922594,13,0.17610647486677639,0.23174590751322974,0.17123633814348418
13,0.7344866858158061,48.94754607922594,14,0.15555852467866427,0.233000813975065,0.16470623757354177
13,0.7344866858158061,48.94754607922594,15,0.13506163659859596,0.23425260196674866,0.14414605260291388
13,0.7344866858158061,48.94754607922594,16,0.1121111987332446,0.23383096481845225,0.12166016703139061
13,0.7344866858158061,48.94754607922594,17,0.0883063824205875,0.2328032571012869,0.10008667632281182
13,0.7344866858158061,48.94754607922594,18,0.07346554512813426,0.23449487882378311,0.10741154615675431
13,0.7344866858158061,48.94754607922594,19,0.059270547225997096,0.23705238548002802,0.1050928435555516
13,0.7344866858158061,48.94754607922594,20,0.047252772906745184,0.23994942367754013,0.09906032293036321
13,0.7344866858158061,48.94754607922594,21,0.039500649485456986,0.2423894539236528,0.09939968995233416
13,0.7344866858158061,48.94754607922594,22,0.034337791332417024,0.24398834961933386,0.09940787835591472
13,0.7344866858158061,48.94754607922594,23,0.03187195180841601,0.24489640612153193,0.09967838880755787
13,0.7344866858158061,48.94754607922594,24,0.031841501479742663,0.2448650077308935,0.0998431253966627
13,0.7344866858158061,48.94754607922594,25,0.03195448009737369,0.2447152146290473,0.09992071372927076
13,0.7344866858158061,48.94754607922594,26,0.03197432677481795,0.244736330910281,0.09995728136128179
13,0.7344866858158061,48.94754607922594,27,0.031981307368766664,0.24475282241963958,0.09997455057320598
13,0.7344866858158061,48.94754607922594,28,0.03198474302366361,0.2447602142632038,0.09998270549571592
13,0.7344866858158061,48.94754607922594,29,0.0319863643725994,0.2447637040781694,0.09998655570834357
13,0.7344866858158061,48.94754607922594,30,0.031987129753032396,0.24476535182919262,0.09998837356884308
14,0.766541757517423,-2.214203982545671,1,-0.19677491175693196,-0.3060393369958599,0.2895156706597698
14,0.766541757517423,-2.214203982545671,2,-0.1492274964791822,-0.2319735920838179,0.08880678628836812
14,0.766541757517423,-2.214203982545671,3,-0.08249590048752552,-0.17569647103400743,0.20031808046668476
14,0.766541757517423,-2.214203982545671,4,-0.01622697837971635,-0.11980953927580516,0.297036029429472
14,0.766541757517423,-2.214203982545671,5,0.049612453869179673,-0.06428481154435424,0.3791041907384171
14,0.766541757517423,-2.214203982545671,6,0.11505263285719362,-0.009096788244414315,0.44664920831095345
14,0.766541757517423,-2.214203982545671,7,0.18012043506751932,0.0457771965152707,0.4997821637129233
14,0.766541757517423,-2.214203982545671,8,0.2448388280489699,0.10035651208299176,0.538600221239613
14,0.766541757517423,-2.214203982545671,9,0.3092262104084101,0.15465667465629057,0.5631887279232957
14,0.766541757517423,-2.214203982545671,10,0.3359037007882481,0.21245608850688288,0.582186755504621
14,0.766541757517423,-2.214203982545671,11,0.3438066202635538,0.2718972179237057,0.5913424399870862
14,0.766541757517423,-2.214203982545671,12,0.3217127443458483,0.32362888184634997,0.5859609937950276
14,0.766541757517423,-2.214203982545671,13,0.2883902598874905,0.3567673322001688,0.5658899576251191
14,0.766541757517423,-2.214203982545671,14,0.2637395201000877,0.353407976663245,0.5321788151881078
14,0.766541757517423,-2.214203982545671,15,0.24078820733352205,0.34118589830040846,0.4860604559865941
14,0.766541757517423,-2.214203982545671,16,0.2179248107527003,0.3290106372382837,0.42608135488498916
14,0.766541757517423,-2.214203982545671,17,0.19516046005913554,0.31688812028748226,0.3523278659921328
14,0.766541757517423,-2.214203982545671,18,0.1638822251264962,0.3032815410272411,0.27811707361329757
14,0.766541757517423,-2.214203982545671,19,0.10263268704396776,0.2843512618039895,0.23638074191653352
14,0.766541757517423,-2.214203982545671,20,0.04167052905496867,0.2655098026042683,0.18080782694138095
14,0.766541757517423,-2.214203982545671,21,0.014228664362806554,0.23823122978303618,0.1475894425972853
14,0.766541757517423,-2.214203982545671,22,-0.009310103114298505,0.20876508329285567,0.10771829349031524
14,0.766541757517423,-2.214203982545671,23,-0.023972373488716822,0.18272162484516616,0.12224414816188281
14,0.766541757517423,-2.214203982545671,24,-0.03633594265788814,0.1577906808016714,0.12941270767350554
14,0.766541757517423,-2.214203982545671,25,-0.04873509720373929,0.13333567902641283,0.1242082173744991
14,0.766541757517423,-2.214203982545671,26,-0.0597200130619255,0.11054253346311034,0.11757113665181322
14,0.766541757517423,-2.214203982545671,27,-0.06961243156075593,0.08860640119084841,0.10352375787940035
14,0.766541757517423,-2.214203982545671,28,-0.07704628387537377,0.07192511825927014,0.10095546651864284
14,0.766541757517423,-2.214203982545671,29,-0.08276276029480516,0.05813518408189578,0.0991188842087623
14,0.766541757517423,-2.214203982545671,30,-0.0869369881732066,0.04762592242833374,0.09892370669499137
15,0.7272816128234302,-7.65805730742065,1,-0.19633631743914015,-0.30950697141634126,0.2887563777260257
15,0.7272816128234302,-7.65805730742065,2,-0.1525879107927351,-0.24496852657507673,0.09407310972983202
15,0.7272816128234302,-7.65805730742065,3,-0.11686521490444193,-0.1994366731051866,0.15643362530338478
15,0.7272816128234302,-7.65805730742065,4,-0.08184750628480109,-0.15480833732725957,0.2079407541681911
15,0.7272816128234302,-7.65805730742065,5,-0.04698366110606229,-0.11037609288640743,0.2451857144930643
15,0.7272816128234302,-7.65805730742065,6,-0.012261802997088359,-0.06612480393565941,0.268241318109254
15,0.7272816128234302,-7.65805730742065,7,0.02232645571480172,-0.022043780801488645,0.27716938668104824
15,0.7272816128234302,-7.65805730742065,8,0.05678516943188962,0.02187214365106425,0.272024860657869
15,0.7272816128234302,-7.65805730742065,9,0.09111364096585452,0.06562208089000479,0.25286115608520104
15,0.7272816128234302,-7.65805730742065,10,0.12530674401124214,0.10919949769285404,0.21973569797158823
15,0.7272816128234302,-7.65805730742065,11,0.13495669761297577,0.11765472386046073,0.1859812952299582
15,0.7272816128234302,-7.65805730742065,12,0.13036850292649316,0.11491661780468539,0.1496255782451018
15,0.7272816128234302,-7.65805730742065,13,0.1343695879213685,0.10868242206616621,0.16022932146703975
15,0.7272816128234302,-7.65805730742065,14,0.14159816182905155,0.10170406818440032,0.17084212032029986
15,0.7272816128234302,-7.65805730742065,15,0.14881239854224967,0.09473955520930087,0.16738335022189088
15,0.7272816128234302,-7.65805730742065,16,0.15601161079590464,0.0877895466159665,0.14988311547480637
15,0.7272816128234302,-7.65805730742065,17,0.16319260101929403,0.08085712928990857,0.11838168363298518
15,0.7272816128234302,-7.65805730742065,18,0.1672426371604668,0.073943384812954,0.09983466695103434
15,0.7272816128234302,-7.65805730742065,19,0.16136265858649,0.06568899341044851,0.10191603009525828
15,0.7272816128234302,-7.65805730742065,20,0.15692206801516678,0.05923752568766966,0.10005074294351603
15,0.7272816128234302,-7.65805730742065,21,0.15445511963769998,0.055761591354035286,0.09974072600945835
15,0.7272816128234302,-7.65805730742065,22,0.1539187359967048,0.054865078838175714,0.09966883322630431
15,0.7272816128234302,-7.65805730742065,23,0.15389405538069387,0.05494232857165101,0.09983838321701802
15,0.7272816128234302,-7.65805730742065,24,0.15388227458098935,0.054977542571892066,0.09991841400980944
15,0.7272816128234302,-7.65805730742065,25,0.15387430322804696,0.054969767272315624,0.0999562004641906
15,0.7272816128234302,-7.65805730742065,26,0.15387053996267885,0.05496609705197832,0.09997404129944285
15,0.7272816128234302,-7.65805730742065,27,0.15386876310782863,0.054964364002521554,0.09998246494814061
15,0.7272816128234302,-7.65805730742065,28,0.1538679241543979,0.05496354572240872,0.0999864422463213
15,0.7272816128234302,-7.65805730742065,29,0.1538675280282881,0.054963159355087506,0.0999883201676614
15,0.7272816128234302,-7.65805730742065,30,0.15386734099360735,0.054962976927510815,0.09998920684840479
16,0.7272816128234302,-8.85516817393481,1,-0.19633631743914015,-0.30950697141634126,0.2887563777260257
16,0.7272816128234302,-8.85516817393481,2,-0.15258814161091241,-0.2449685541397854,0.0940731118885242
16,0.7272816128234302,-8.85516817393481,3,-0.11686590576421814,-0.19943674301124242,0.15643371400687517
16,0.7272816128234302,-8.85516817393481,4,-0.08184864825173413,-0.15480844350298065,0.20794089592333784
16,0.7272816128234302,-8.85516817393481,5,-0.04698525190987972,-0.11037623480517425,0.24518590943600208
16,0.7272816128234302,-8.85516817393481,6,-0.012263840474781847,-0.06612498102487174,0.26824156631793356
16,0.7272816128234302,-8.85516817393481,7,0.022323973660959874,-0.02204399244272292,0.27716968813118
16,0.7272816128234302,-8.85516817393481,8,0.05678224487578352,0.02187189810820955,0.2720252151802215
16,0.7272816128234302,-8.85516817393481,9,0.09111027599504251,0.06562180210263423,0.25286156334214355
16,0.7272816128234302,-8.85516817393481,10,0.12530294076107246,0.10919918630012468,0.21973615746153025
16,0.7272816128234302,-8.85516817393481,11,0.13695875715031483,0.11770203725204076,0.1854832146214467
16,0.7272816128234302,-8.85516817393481,12,0.13474305570522135,0.11490314706046692,0.15093831371492145
16,0.7272816128234302,-8.85516817393481,13,0.14023838820374057,0.11035675433554877,0.15572355663927567
16,0.7272816128234302,-8.85516817393481,14,0.14863853607405386,0.1055167756454388,0.1586844151284459
16,0.7272816128234302,-8.85516817393481,15,0.15702222365170276,0.10068628101048578,0.14758954943534022
16,0.7272816128234302,-8.85516817393481,16,0.16515624578760568,0.09409100888455495,0.12966425291341366
16,0.7272816128234302,-8.85516817393481,17,0.1755603635689012,0.08554666668452296,0.11276052191816907
16,0.7272816128234302,-8.85516817393481,18,0.18346802930002784,0.07726766947089835,0.1047170197367667
16,0.7272816128234302,-8.85516817393481,19,0.1876109681764953,0.07081245073234486,0.10269836911067316
16,0.7272816128234302,-8.85516817393481,20,0.19122908031127184,0.06589855438588167,0.10057053439763462
16,0.7272816128234302,-8.85516817393481,21,0.19313610935623746,0.06380060611566744,0.09962770333365234
16,0.7272816128234302,-8.85516817393481,22,0.19323598494995656,0.0636138301198202,0.09981902829271795
16,0.7272816128234302,-8.85516817393481,23,0.193262987968072,0.06355522503271234,0.09990929400413542
16,0.7272816128234302,-8.85516817393481,24,0.19327575097490737,0.06352754958696613,0.09995189825982444
16,0.7272816128234302,-8.85516817393481,25,0.19328177365306642,0.06351448636525894,0.09997201083625601
16,0.7272816128234302,-8.85516817393481,26,0.19328461714742046,0.0635083192543597,0.09998150643617144
16,0.7272816128234302,-8.85516817393481,27,0.19328595987839123,0.06350540736057714,0.0999859897173147
16,0.7272816128234302,-8.85516817393481,28,0.19328659387715003,0.06350403244060544,0.099988106510605
16,0.7272816128234302,-8.85516817393481,29,0.19328689322992385,0.06350338324830976,0.09998910596995049
16,0.7272816128234302,-8.85516817393481,30,0.19328703457337748,0.06350307672298895,0.09998957787410692
17,0.7374552460748379,45.5084450311885,1,-0.19644971791406282,-0.3086085229484603,0.28895320637438554
17,0.7374552460748379,45.5084450311885,2,-0.15317197410439654,-0.24327626669019076,0.09472245914678824
17,0.7374552460748379,45.5084450311885,3,-0.11812987219017948,-0.19699596009672257,0.15784585799785594
17,0.7374552460748379,45.5084450311885,4,-0.08377113975351226,-0.15161079673176434,0.2100223054411289
17,0.7374552460748379,45.5084450311885,5,-0.04956415352574963,-0.10642607808617528,0.24793259744051485
17,0.7374552460748379,45.5084450311885,6,-0.015497145006551102,-0.061426258903403815,0.2716501981454993
17,0.7374552460748379,45.5084450311885,7,0.01843827693184755,-0.016600255168488214,0.28123744452979327
17,0.7374552460748379,45.5084450311885,8,0.05224629538748128,0.028057458659655976,0.2767495827671637
17,0.7374552460748379,45.5084450311885,9,0.08592645021526972,0.07254627476583407,0.25824007107661606
17,0.7374552460748379,45.5084450311885,10,0.11947391811915423,0.11685982195809422,0.2257661212187724
17,0.7374552460748379,45.5084450311885,11,0.1528803787734694,0.16098710974543765,0.17939316989320475
17,0.7374552460748379,45.5084450311885,12,0.17297451105466663,0.2032115420667559,0.17231332234810773
17,0.7374552460748379,45.5084450311885,13,0.15246574055217677,0.21420927776365473,0.17503831952108934
17,0.7374552460748379,45.5084450311885,14,0.12741770647016978,0.2213576221525792,0.1647916760476317
17,0.7374552460748379,45.5084450311885,15,0.10243839589303402,0.22848635385338512,0.14052847125324605
17,0.7374552460748379,45.5084450311885,16,0.0827718189343959,0.23119213546708578,0.1296750186892102
17,0.7374552460748379,45.5084450311885,17,0.06552261249722402,0.23246334863891327,0.11733416675852834
17,0.7374552460748379,45.5084450311885,18,0.04906867096608289,0.23211896701423235,0.0992105948653587
17,0.7374552460748379,45.5084450311885,19,0.04126004636449329,0.22910241892588445,0.10523253680817818
17,0.7374552460748379,45.5084450311885,20,0.0346522984665492,0.22669291174539188,0.1029716485135329
17,0.7374552460748379,45.5084450311885,21,0.028675523260281572,0.2241538792948008,0.1013598127602838
17,0.7374552460748379,45.5084450311885,22,0.02402995002381628,0.2213303525145752,0.099090250963511
17,0.7374552460748379,45.5084450311885,23,0.01993769638013101,0.2195352171519528,0.09991631344459591
17,0.7374552460748379,45.5084450311885,24,0.017912179104865197,0.21807517568498186,0.09921043427898928
17,0.7374552460748379,45.5084450311885,25,0.017598005581864876,0.21777193923393376,0.09962219063454304
17,0.7374552460748379,45.5084450311885,26,0.01755219913520411,0.21787377684444728,0.09981639533829326
17,0.7374552460748379,45.5084450311885,27,0.017530556724816137,0.2179218385823008,0.09990804420690362
17,0.7374552460748379,45.5084450311885,28,0.01752034690437064,0.21794451743463975,0.09995130671800331
17,0.7374552460748379,45.5084450311885,29,0.017515526522787157,0.21795522341687604,0.09997173127051089
17,0.7374552460748379,45.5084450311885,30,0.01751325070063672,0.21796027784271702,0.09998137442773539
18,0.7272816128234302,-4.9898854761376334,1,-0.19633631743914015,-0.30950697141634126,0.2887563777260257
18,0.7272816128234302,-4.9898854761376334,2,-0.15258811447560525,-0.24496857784050072,0.09407308574412558
18,0.7272816128234302,-4.9898854761376334,3,-0.11686580076036732,-0.19943685259751237,0.1564337030391587
18,0.7272816128234302,-4.9898854761376334,4,-0.08184846904805111,-0.15480864157462187,0.20794091759032582
18,0.7272816128234302,-4.9898854761376334,5,-0.04698499883463316,-0.11037652097625439,0.2451859635908343
18,0.7272816128234302,-4.9898854761376334,6,-0.012263513821519408,-0.06612535492729006,0.2682416528340897
18,0.7272816128234302,-4.9898854761376334,7,0.022324373627612595,-0.02204445371536425,0.27716980689229764
18,0.7272816128234302,-4.9898854761376334,8,0.05678271791125097,0.021871349830819384,0.27202536606709854
18,0.7272816128234302,-4.9898854761376334,9,0.09111082186302846,0.0656211672001655,0.2528617462195794
18,0.7272816128234302,-4.9898854761376334,10,0.12530355922104416,0.10919846517364548,0.21973637216845462
18,0.7272816128234302,-4.9898854761376334,11,0.13501207259179368,0.11762568413703522,0.18601375353406605
18,0.7272816128234302,-4.9898854761376334,12,0.13054185622956974,0.11484576773453344,0.14956572649758312
18,0.7272816128234302,-4.9898854761376334,13,0.1348251427262455,0.10827809052671974,0.15996295174158293
18,0.7272816128234302,-4.9898854761376334,14,0.14236274112161845,0.10087983812761787,0.17041589745797314
18,0.7272816128234302,-4.9898854761376334,15,0.1498852710450391,0.09349637563279645,0.16679755145948233
18,0.7272816128234302,-4.9898854761376334,16,0.1573919928470366,0.0861284290179821,0.14913824858879104
18,0.7272816128234302,-4.9898854761376334,17,0.16487960824508888,0.07877923559104154,0.11747848046079201
18,0.7272816128234302,-4.9898854761376334,18,0.17271394724051167,0.07551096649342409,0.1053319352256355
18,0.7272816128234302,-4.9898854761376334,19,0.1764502731533415,0.07427029862790943,0.110399424995529
18,0.7272816128234302,-4.9898854761376334,20,0.17695760127285462,0.0706067229275768,0.1065193773914519
18,0.7272816128234302,-4.9898854761376334,21,0.17934986017359666,0.06802986364390089,0.10053311389064577
18,0.7272816128234302,-4.9898854761376334,22,0.17886492439410534,0.0664669581026092,0.10020259864917036
18,0.7272816128234302,-4.9898854761376334,23,0.17867566187824552,0.06634446690618939,0.09998999999999995
18,0.7272816128234302,-4.9898854761376334,24,0.1786756618782455,0.06634446690618946,0.09998999999999988
18,0.7272816128234302,-4.9898854761376334,25,0.1786756618782455,0.06634446690618957,0.09998999999999987
18,0.7272816128234302,-4.9898854761376334,26,0.1786756618782455,0.0663444669061897,0.09998999999999987
18,0.7272816128234302,-4.9898854761376334,27,0.1786756618782455,0.06634446690618981,0.09998999999999986
18,0.7272816128234302,-4.9898854761376334,28,0.1786756618782455,0.06634446690618993,0.09998999999999986
18,0.7272816128234302,-4.9898854761376334,29,0.1786756618782455,0.06634446690619006,0.09998999999999986
18,0.7272816128234302,-4.9898854761376334,30,0.1786756618782455,0.06634446690619018,0.09998999999999986
19,0.6843306575044323,25.232817588504055,1,-0.1958595404155586,-0.31329899412418055,0.28792486775611537
19,0.6843306575044323,25.232817588504055,2,-0.14897670458066697,-0.2516729117295959,0.09281967955651638
19,0.6843306575044323,25.232817588504055,3,-0.11198231406414764,-0.2077508334094757,0.15077395284818315
19,0.6843306575044323,25.232817588504055,4,-0.07569680199358855,-0.16468590249656295,0.19780837964155618
19,0.6843306575044323,25.232817588504055,5,-0.0395663712379699,-0.12180502758100818,0.23060523213825007
19,0.6843306575044323,25.232817588504055,6,-0.003579691829954845,-0.07909476185628281,0.2492334069735166
19,0.6843306575044323,25.232817588504055,7,0.03227064287193439,-0.03654631485794696,0.25375190243158585
19,0.6843306575044323,25.232817588504055,8,0.06798731448148553,0.00584349604822203,0.24421439066188408
19,0.6843306575044323,25.232817588504055,9,0.10356806575346841,0.04807199188363625,0.22067480766156353
19,0.6843306575044323,25.232817588504055,10,0.1390062735422101,0.0901313120644274,0.18319267585030888
19,0.6843306575044323,25.232817588504055,11,0.17122393936224514,0.12984760508722507,0.14686710471669012
19,0.6843306575044323,25.232817588504055,12,0.195046576535401,0.16818159144564276,0.1320749989673103
19,0.6843306575044323,25.232817588504055,13,0.21496107644950624,0.20654595231460704,0.11869768009652608
19,0.6843306575044323,25.232817588504055,14,0.2143993889906822,0.21241583978842482,0.10755453896456398
19,0.6843306575044323,25.232817588504055,15,0.2185834618527207,0.21489407427103563,0.10900784452362815
19,0.6843306575044323,25.232817588504055,16,0.22125765885323942,0.21647924200487745,0.10541623645934911
19,0.6843306575044323,25.232817588504055,17,0.2194364101042536,0.21595516483422753,0.10078613739197521
19,0.6843306575044323,25.232817588504055,18,0.21652972117571623,0.21390030778619515,0.09952389208100723
19,0.6843306575044323,25.232817588504055,19,0.21599507299244375,0.21389075678081285,0.0999054005384937
19,0.6843306575044323,25.232817588504055,20,0.21602311650524234,0.21385532804134283,0.09995006181288786
19,0.6843306575044323,25.232817588504055,21,0.21603641534769488,0.21383864764803812,0.09997114085536428
19,0.6843306575044323,25.232817588504055,22,0.21604269869209167,0.21383079528521676,0.099981091690852
19,0.6843306575044323,25.232817588504055,23,0.2160456665621565,0.21382709922134793,0.09998578963895581
19,0.6843306575044323,25.232817588504055,24,0.21604706837917298,0.2138253594502255,0.09998800770997121
19,0.6843306575044323,25.232817588504055,25,0.21604777698166622,0.2138246163045146,0.09998893680394196
19,0.6843306575044323,25.232817588504055,26,0.21604783211860912,0.21382460573354972,0.09998893626801998
19,0.6843306575044323,25.232817588504055,27,0.21604783450494058,0.21382460608952966,0.099988939530469
19,0.6843306575044323,25.232817588504055,28,0.21604783570007238,0.21382460705166617,0.09998894108545837
19,0.6843306575044323,25.232817588504055,29,0.21604783625976545,0.21382460749307358,0.09998894181846804
19,0.6843306575044323,25.232817588504055,30,0.21604783651990817,0.21382460768889663,0.09998894216399949
20,0.688065977466192,30.771141632340086,1,-0.19590087683720125,-0.3129692801297784,0.2879972164554643
20,0.688065977466192,30.771141632340086,2,-0.149222903808501,-0.25105903457320156,0.09304061834617071
20,0.688065977466192,30.771141632340086,3,-0.11249034716347714,-0.20689035937965253,0.15131015233993575
20,0.688065977466192,30.771141632340086,4,-0.0764592085195216,-0.16357667721824998,0.19862987444244756
20,0.688065977466192,30.771141632340086,5,-0.04058233421538951,-0.12044843900437233,0.23171049162463603
20,0.688065977466192,30.771141632340086,6,-0.004848409071377438,-0.07749204255624795,0.25062114294680726
20,0.688065977466192,30.771141632340086,7,0.03075000592364347,-0.03469854530431734,0.2554209951038166
20,0.688065977466192,30.771141632340086,8,0.06621567144845818,0.007935371413219847,0.24616378556912358
20,0.688065977466192,30.771141632340086,9,0.10154644257020998,0.05040712913385839,0.2229034012294552
20,0.688065977466192,30.771141632340086,10,0.1367358231566671,0.0927089187397809,0.18569921833596065
20,0.688065977466192,30.771141632340086,11,0.1702846748738111,0.13364956145612075,0.14222347518639677
20,0.688065977466192,30.771141632340086,12,0.19092445755337445,0.17216864345132202,0.1395420586352277
20,0.688065977466192,30.771141632340086,13,0.20949451481366166,0.21040823020685465,0.1309427922223095
20,0.688065977466192,30.771141632340086,14,0.20211037146912636,0.21466951301506307,0.1105449795644096
20,0.688065977466192,30.771141632340086,15,0.20265874773518347,0.2152318261413057,0.11135956746848417
20,0.688065977466192,30.771141632340086,16,0.2007137448985393,0.21571911514083855,0.10944411127146857
20,0.688065977466192,30.771141632340086,17,0.19802865996738922,0.2172094800732173,0.09950938540142856
20,0.688065977466192,30.771141632340086,18,0.1992649216116,0.21986402801386823,0.10158195157360408
20,0.688065977466192,30.771141632340086,19,0.200136192937892,0.220680690552701,0.0999925829852594
20,0.688065977466192,30.771141632340086,20,0.20023488802717504,0.22073201681818524,0.09998958770103065
20,0.688065977466192,30.771141632340086,21,0.20024127707111267,0.22079636106711542,0.09998975748913148
20,0.688065977466192,30.771141632340086,22,0.20024131264581277,0.22079612422150838,0.09998975525228998
20,0.688065977466192,30.771141632340086,23,0.20024129497756055,0.22079607126473275,0.09998967801645407
20,0.688065977466192,30.771141632340086,24,0.20024131800308306,0.2207960434054862,0.09998964186117043
20,0.688065977466192,30.771141632340086,25,0.2002413288563157,0.22079603027309253,0.09998962481809269
20,0.688065977466192,30.771141632340086,26,0.20024133397236984,0.22079602408267238,0.09998961678423232
20,0.688065977466192,30.771141632340086,27,0.20024133638400143,0.2207960211645983,0.099989612997187
20,0.688065977466192,30.771141632340086,28,0.2002413375208075,0.22079601978906072,0.09998961121202878
20,0.688065977466192,30.771141632340086,29,0.20024133805667932,0.22079601914065253,0.09998961037053111
20,0.688065977466192,30.771141632340086,30,0.2002413383092794,0.22079601883500252,0.09998960997386135
